1 0.22658894531249998 0.659054190625 0.1708286375 0.6447123140625 0.15851121562499998 0.7080520031249999 0.2071985 0.7257807546875 0.22658894531249998 0.659054190625
1 0.183401821875 0.58176175 0.171280153125 0.6437840328125 0.22738472812500002 0.6591306625 0.23830201875 0.5925002046875 0.183401821875 0.58176175
1 0.1938211140625 0.51867098125 0.18271365781249999 0.581562065625 0.238612528125 0.5922643 0.250614465625 0.5268657812499999 0.1938211140625 0.51867098125
1 0.2044446078125 0.45596301875 0.193506096875 0.518524871875 0.251370525 0.5265922859375001 0.261167765625 0.4605499 0.2044446078125 0.45596301875
1 0.204338115625 0.45629825156250003 0.2614812328125 0.460752415625 0.270087709375 0.39502760625 0.21185421718750003 0.39303343125 0.204338115625 0.45629825156250003
1 0.2515214359375 0.526664025 0.31156173125 0.5348826156250001 0.3215875921875 0.4658374875 0.261278953125 0.4609060515625 0.2515214359375 0.526664025
1 0.29949058281249996 0.604414640625 0.311831578125 0.5350025781250001 0.25123609375 0.5268233078125 0.23853660312499997 0.5923612578124999 0.29949058281249996 0.604414640625
1 0.3291339359375 0.39662085937499997 0.27025139375 0.3950596875 0.2613094734375 0.46110181875 0.3215370234375 0.4659471 0.3291339359375 0.39662085937499997
1 0.270275246875 0.3948889078125 0.27747478124999997 0.3292557984375 0.21859181562500002 0.32972378125 0.21200193750000002 0.3933351765625 0.270275246875 0.3948889078125
1 0.338080784375 0.326911934375 0.2769325046875 0.329157353125 0.270170490625 0.39499808281250004 0.3293676734375 0.3967598390625 0.338080784375 0.326911934375
1 0.28674364375 0.2627565234375 0.22690938125 0.266967303125 0.218800528125 0.3295823484375 0.2772072359375 0.3295401234375 0.28674364375 0.2627565234375
1 0.34693673281250004 0.2573877875 0.2864253875 0.2628342828125 0.27686094687499996 0.3290353203125 0.3374227671875 0.3270013328125 0.34693673281250004 0.2573877875
1 0.226885621875 0.26713741406249997 0.2871116265625 0.26310601093749997 0.29339855625 0.1956953453125 0.23273874062500002 0.20290397031250001 0.226885621875 0.26713741406249997
1 0.2866519890625 0.2628560578125 0.34761898125 0.25698250625 0.3558982328125 0.187250309375 0.293084196875 0.19645078437500002 0.2866519890625 0.2628560578125
1 0.3291832359375 0.39674688593749996 0.4004651671875 0.3997094625 0.4109108953125 0.326415296875 0.337284909375 0.3264088984375 0.3291832359375 0.39674688593749996
1 0.3377946921875 0.326882396875 0.41138795312500004 0.32599029687500003 0.4213348375 0.25327712343750003 0.346778075 0.2569507578125 0.3377946921875 0.326882396875
1 0.3471802859375 0.25640136562500004 0.42115044843750005 0.25310200156249996 0.42776596875 0.17885921875 0.35537553593750004 0.187924403125 0.3471802859375 0.25640136562500004
1 0.32157252187499996 0.46601660625 0.3925098046875 0.47197759218749996 0.400312940625 0.399685975 0.3289936359375 0.3966026078125 0.32157252187499996 0.46601660625
1 0.31104429375 0.5348328921875 0.381398684375 0.5449284421875 0.393035740625 0.4720635640625 0.3218031609375 0.4653750921875 0.31104429375 0.5348328921875
1 0.29992002812499996 0.6046283 0.3677221640625 0.617630040625 0.3812112890625 0.544943140625 0.311809134375 0.5356034578125 0.29992002812499996 0.6046283
1 0.226992471875 0.6588061015625 0.28850487812500003 0.6746615015625 0.29989340468750003 0.605071375 0.238668496875 0.5924332125 0.226992471875 0.6588061015625
1 0.2874762484375 0.6745626546875 0.3547075109375 0.6918200421875 0.36795261562500003 0.618051484375 0.299589515625 0.604256525 0.2874762484375 0.6745626546875
1 0.2097741359375 0.7246491203125001 0.2721790984375 0.7452544421875 0.2878787890625 0.6746647078125 0.22676028124999997 0.6588955375000001 0.2097741359375 0.7246491203125001
1 0.2696794828125 0.7439710203125001 0.3357607359375 0.7653323249999999 0.355327403125 0.69244380625 0.28814455 0.6746779796875 0.2696794828125 0.7439710203125001
1 0.4300073703125 0.7116837 0.3551359703125 0.692034290625 0.33637001718750004 0.7653588499999999 0.4130417859375 0.7898481453125 0.4300073703125 0.7116837
1 0.4430663 0.6333250921875 0.3677851765625 0.6178909390625 0.35501881874999996 0.6917790921875 0.42984894687499997 0.7115362859375 0.4430663 0.6333250921875
1 0.4129961953125 0.7900645374999999 0.4976745796875 0.818005209375 0.51322115625 0.7335779796875 0.42977921874999997 0.7112652046875 0.4129961953125 0.7900645374999999
1 0.42948030781249996 0.7114504390625 0.513404746875 0.7337523421875 0.5265355203125 0.6501927375000001 0.44318096406249996 0.6332291328124999 0.42948030781249996 0.7114504390625
1 0.36757975 0.6180347328125 0.442474628125 0.6331919187499999 0.45600653125 0.5553761796875001 0.3811338625 0.5448825515625 0.36757975 0.6180347328125
1 0.4431296890625 0.6334279406250001 0.526370615625 0.650415378125 0.5399888671874999 0.567844984375 0.45555196562500005 0.5556466203125 0.4431296890625 0.6334279406250001
1 0.468301184375 0.4788711125 0.3926821265625 0.47223263906249996 0.3806545046875 0.5449032640625 0.4560796390625 0.5559208250000001 0.468301184375 0.4788711125
1 0.55176326875 0.4861058671875 0.46817731875 0.478722246875 0.45573217499999996 0.5555733109375 0.53950843125 0.5680223125 0.55176326875 0.4861058671875
1 0.39249876875 0.4721407484375 0.4687516171875 0.4787597203125 0.47882842812500004 0.40213215 0.40042666406249994 0.3994672734375 0.39249876875 0.4721407484375
1 0.40032571250000004 0.3990896203125 0.4785480625 0.4016343640625 0.4888950484375 0.324561234375 0.411077490625 0.32619349999999997 0.40032571250000004 0.3990896203125
1 0.5642623171875 0.4046871421875 0.47904117812499997 0.40198769843750004 0.46883946875 0.479082284375 0.5519109890625 0.4861227890625 0.5642623171875 0.4046871421875
1 0.4796635109375 0.40158415312500007 0.563871984375 0.4049637546875 0.575800959375 0.3225451515625 0.488960175 0.32456749218750003 0.4796635109375 0.40158415312500007
1 0.49959715156250006 0.2471399671875 0.4207507265625 0.2534458515625 0.41135959218749996 0.326309871875 0.48897909687499996 0.3246585734375 0.49959715156250006 0.2471399671875
1 0.4207572984375 0.2531010171875 0.4995900125 0.24713928125 0.507532465625 0.16936423750000001 0.4277873796875 0.1788224375 0.4207572984375 0.2531010171875
1 0.586577484375 0.24077828281250002 0.4995728296875 0.24736589531250003 0.4891083171875 0.324872684375 0.5756564328125 0.323450465625 0.586577484375 0.24077828281250002
1 0.499168128125 0.2469815390625 0.5861879046875 0.24058344375 0.5957331453125 0.157307525 0.5064558015625 0.1693050640625 0.499168128125 0.2469815390625
1 0.5761801156249999 0.3228275703125 0.6713278828125 0.31895355312499996 0.6827468890625 0.22973195624999998 0.5866024171875 0.2401272203125 0.5761801156249999 0.3228275703125
1 0.5861258765625 0.24012776093750002 0.6820646406249999 0.2301372390625 0.6883957625 0.1400062921875 0.597147646875 0.157155221875 0.5861258765625 0.24012776093750002
1 0.5638989359375 0.4043823890625 0.658474421875 0.4067160828125 0.6698821578125 0.31906401562500003 0.5753291609375 0.3225441046875 0.5638989359375 0.4043823890625
1 0.5519781781249999 0.48625666562500003 0.6468389109375 0.4945036625 0.65915666875 0.40631079999999997 0.5638556453125 0.4046923515625 0.5519781781249999 0.48625666562500003
1 0.5394130671874999 0.5680124671875 0.6333130171875 0.5820898203125 0.6465945140625 0.49446041406249996 0.5517697484374999 0.48644786875 0.5394130671874999 0.5680124671875
1 0.5260260171875 0.6507270484375 0.6203695421875 0.6711765078124999 0.634051984375 0.5821717375000001 0.5394757968749999 0.567899934375 0.5260260171875 0.6507270484375
1 0.5135871187500001 0.7340649140625 0.607569140625 0.7600609406250001 0.6211113765625 0.6705711703125 0.5258944515625 0.650426175 0.5135871187500001 0.7340649140625
1 0.49785779531249996 0.8179233328125 0.588106190625 0.849082596875 0.6074540093749999 0.7598366000000001 0.5132667015625 0.7338215265625 0.49785779531249996 0.8179233328125
1 0.71322083125 0.7903073484375 0.6073379375 0.759826128125 0.5891881140625 0.8495442984375 0.7005677671874999 0.8883645703124999 0.71322083125 0.7903073484375
1 0.7136258125 0.7902624515625 0.7252018812500001 0.694070965625 0.6208856671875 0.6703811765625 0.607301125 0.7601803234375 0.7136258125 0.7902624515625
1 0.72450019375 0.694343553125 0.73796303125 0.5984894171875 0.6336156374999999 0.5824929875 0.6210060093750001 0.6712867296875 0.72450019375 0.694343553125
1 0.7377744640625 0.5978975609375 0.751044834375 0.5028841703125 0.6466868734375 0.49442704531250004 0.6338928562499999 0.583045665625 0.7377744640625 0.5978975609375
1 0.7499997234375 0.5035571234375 0.76328244375 0.40883723749999995 0.6590664687500001 0.4068336203125 0.6463807312500001 0.494676996875 0.7499997234375 0.5035571234375
1 0.7641495968750001 0.4088169953125 0.7779815421875 0.3140292796875 0.6704848171875 0.31909263125 0.6582536421875 0.406665565625 0.7641495968750001 0.4088169953125
1 0.6701579671875 0.3185910578125 0.7774415671875 0.3136489578125 0.79185678125 0.217818203125 0.6830931765625 0.23045685 0.6701579671875 0.3185910578125
1 0.688022803125 0.1403656625 0.6834096015625 0.2299455484375 0.7920292453125 0.21853184374999998 0.8013027656249999 0.1207787859375 0.688022803125 0.1403656625
1 0.791686665625 0.218227046875 0.91538665 0.20168772656249997 0.9314832546874999 0.0968933015625 0.80155439375 0.12069258125 0.791686665625 0.218227046875
1 0.77766816875 0.3136707328125 0.9009446703125 0.3062418546875 0.9150593312499999 0.20219934374999998 0.7925388875 0.21775701249999999 0.77766816875 0.3136707328125
1 0.7640784609375 0.40849126562500004 0.88444444375 0.409847978125 0.8991114765624999 0.30633007343749996 0.77712105625 0.3136133875 0.7640784609375 0.40849126562500004
1 0.7506374109375 0.5036715515625 0.8708967578125 0.514757196875 0.88483740625 0.4089699453125 0.7635181078125 0.40846399218749996 0.7506374109375 0.5036715515625
1 0.73716095625 0.598768709375 0.8581713843750001 0.617656278125 0.8717006171874999 0.514814684375 0.750120865625 0.5042304 0.73716095625 0.598768709375
1 0.7252794031249999 0.6940143640625 0.8474573953125001 0.7227192421875 0.8583224828124999 0.6180503359375 0.7376830437499999 0.5992318078125 0.7252794031249999 0.6940143640625
1 0.7139198875 0.790454928125 0.8353080578125001 0.8263101015625001 0.848003521875 0.7219744890625 0.7250783921874999 0.694139503125 0.7139198875 0.790454928125
1 0.7019866359375 0.8883039953124999 0.81968179375 0.9311871999999999 0.8352467359375 0.825713440625 0.7134472921875 0.7898187437499999 0.7019866359375 0.8883039953124999
0 0.8503494921874999 0.9622066890625 0.980938215625 0.046419353125 0.19841119062499998 0.1838302375 0.1217087359375 0.723289215625 0.7982716015625 0.9645212624999999 0.8503494921874999 0.9622066890625