1 0.8374087765624999 0.7281915999999999 0.736013034375 0.7329837484375 0.733742996875 0.8012232671874999 0.8362814578125001 0.7946882328125 0.8374087765624999 0.7281915999999999
1 0.6424220515625 0.8028015546875 0.7337289078125 0.80205435 0.7371143515624999 0.7337353796875 0.6412921359375 0.7381271968750001 0.6424220515625 0.8028015546875
1 0.5477293453125001 0.8062821687499999 0.642450228125 0.8011393874999999 0.6390762796875 0.737456284375 0.5476716765625 0.744021671875 0.5477293453125001 0.8062821687499999
1 0.4574101875 0.814430396875 0.5488438718750001 0.8062021140625 0.5465280781249999 0.74576395625 0.456238003125 0.7522492890625 0.4574101875 0.814430396875
1 0.368177378125 0.8241607390624999 0.45963924062499995 0.8142702890625 0.4551366734375 0.7514983234375 0.3648325109375 0.7588147375000001 0.368177378125 0.8241607390624999
1 0.27787321249999997 0.831477153125 0.370421425 0.8231688171875 0.3648184203125 0.7596458234375 0.275613790625 0.767713996875 0.27787321249999997 0.831477153125
1 0.27454154218750004 0.765300134375 0.18200743125000002 0.7727767234375 0.18536728125 0.8372915765625001 0.27567145625 0.82997449375 0.27454154218750004 0.765300134375
1 0.181965153125 0.7752706390624999 0.096133184375 0.78143575625 0.09281908125 0.8455992468750001 0.18422368281249998 0.839033859375 0.181965153125 0.7752706390624999
1 0.7426152421875 0.67190503125 0.73935750625 0.7327435234374999 0.837422865625 0.727360515625 0.8429105484375 0.6663618515625 0.7426152421875 0.67190503125
1 0.6412921359375 0.7381271968750001 0.7382429796875 0.732823578125 0.7425870515625 0.6735678609375 0.6422926390625 0.6791109765625001 0.6412921359375 0.7381271968750001
1 0.5487580265625 0.7456037828125 0.642378484375 0.7397093078125 0.6433930765625 0.67986200625 0.54642814375 0.6859967078125 0.5487580265625 0.7456037828125
1 0.4551366734375 0.7514983234375 0.5487580265625 0.7456037828125 0.54752858125 0.6867477375 0.4539222109375 0.691811128125 0.4551366734375 0.7514983234375
1 0.3637179828125 0.7588947921875 0.456238003125 0.7522492890625 0.45169315625 0.6919712375 0.358057715625 0.698696859375 0.3637179828125 0.7588947921875
1 0.2744992640625 0.76779405 0.3648184203125 0.7596458234375 0.358057715625 0.698696859375 0.2666381328125 0.70609339375 0.2744992640625 0.76779405
1 0.1841801171875 0.7759416140625001 0.2734129265625 0.7662112734375001 0.2666240421875 0.706924478125 0.171846778125 0.715392921875 0.1841801171875 0.7759416140625001
1 0.09503274687499999 0.7806847265625 0.185322821875 0.77419939375 0.17297539374999998 0.714481784375 0.0826562484375 0.722629346875 0.09503274687499999 0.7806847265625
1 0.7425934171875 0.67329758125 0.84281429375 0.6660989421875 0.8490269546875 0.599346696875 0.745759828125 0.606385328125 0.7425934171875 0.67329758125
1 0.6449423078125001 0.678796378125 0.7426062765625 0.6725390265625 0.74574696875 0.6071438812500001 0.645017459375 0.61437905625 0.6449423078125001 0.678796378125
1 0.5477667875 0.6861550921874999 0.644452978125 0.6776944171875 0.645526984375 0.6143424578125 0.5468448609375 0.620672940625 0.5477667875 0.6861550921874999
1 0.45265329843749996 0.6918504343749999 0.5472710171874999 0.685433071875 0.5468384296875 0.6210522187499999 0.4486529703125 0.628104659375 0.45265329843749996 0.6918504343749999
1 0.35953575312499997 0.6996753046874999 0.4531555 0.6921931781249999 0.44814433906250006 0.62814119375 0.35399576875 0.6367984156250001 0.35953575312499997 0.6996753046874999
1 0.2674419015625 0.7070478296875 0.3595486140625 0.6989167484375 0.3534807078125 0.6372142265625 0.25936519062499996 0.64397433125 0.2674419015625 0.7070478296875
1 0.17382769375 0.7141507421875 0.26693327031249997 0.7070843625000001 0.258862096875 0.643631653125 0.16575098125 0.6510772453125 0.17382769375 0.7141507421875
1 0.083743525 0.72289484375 0.17381483281250001 0.7149092968749999 0.1647337203125 0.6511503125 0.0695421671875 0.6613977109375 0.083743525 0.72289484375
1 0.7499508359375 0.5390199984375 0.747280184375 0.6066549390625 0.8495420156250001 0.5989308875 0.8573127312500001 0.5301719890625 0.7499508359375 0.5390199984375
1 0.6455398437500001 0.613583903125 0.7467779828125 0.6063121953125 0.7499572640625 0.5386407203125 0.6466717421875 0.54681711875 0.6455398437500001 0.613583903125
1 0.5463298 0.621088753125 0.645017459375 0.61437905625 0.6461686484375 0.5464744390625 0.5449176359375 0.5545053671875 0.5463298 0.621088753125
1 0.4491487421875 0.6288266796875 0.54632336875 0.6214680296874999 0.544415446875 0.5541619578125 0.4451998546875 0.5620466859375 0.4491487421875 0.6288266796875
1 0.3539893390625 0.63717769375 0.4491487421875 0.6288266796875 0.44518699375 0.5628052421875 0.34801147499999996 0.5701639562499999 0.3539893390625 0.63717769375
1 0.258855665625 0.6440109296875 0.35399576875 0.6367984156250001 0.34801147499999996 0.5701639562499999 0.2513261890625 0.5786239046875 0.258855665625 0.6440109296875
1 0.1657316921875 0.652215078125 0.25987382187499997 0.6439377984375 0.25031535625 0.5783176937500001 0.155156846875 0.586668640625 0.1657316921875 0.652215078125
1 0.0711693359375 0.6628844875000001 0.1651716015625 0.6519223484375 0.155427259375 0.5862265390625 0.057532303124999996 0.5961730000000001 0.0711693359375 0.6628844875000001
1 0.04521174375 0.5287196437499999 0.058396825 0.5964352234375 0.15325812968750002 0.5860586890625 0.143975834375 0.5187107546874999 0.04521174375 0.5287196437499999
1 0.1435412671875 0.51874196875 0.1549926921875 0.5862577531250001 0.2506800421875 0.57841311875 0.2422897578125 0.50970583125 0.1435412671875 0.51874196875
1 0.2422897578125 0.50970583125 0.25066904375 0.5790618828125 0.3485530015625 0.5697641875 0.341907384375 0.5006072640625 0.2422897578125 0.50970583125
1 0.34234195 0.5005760515625 0.348118434375 0.5697954015625 0.446849540625 0.5617321390625001 0.4423895421875 0.49177025468749996 0.34234195 0.5005760515625
1 0.4423895421875 0.49177025468749996 0.445539453125 0.5621498953125 0.5446950203125 0.5547041187499999 0.5441762859375 0.48284020468750005 0.4423895421875 0.49177025468749996
1 0.5446895265625 0.55502816875 0.6468998499999999 0.5467150015625 0.6481312765625 0.474077403125 0.54374633125 0.48254676874999997 0.5446895265625 0.55502816875
1 0.6477076937499999 0.47346051874999995 0.6473353093750001 0.5466837250000001 0.7495401375 0.5386946078125 0.7542617671875 0.46515900625000006 0.6477076937499999 0.47346051874999995
1 0.754690840625 0.465451840625 0.7499802015625 0.5383393437499999 0.85739879375 0.5303000546875001 0.8642996578125001 0.45628360468749996 0.754690840625 0.465451840625
1 0.7594674421875001 0.38867375000000004 0.7555553640625 0.465714065625 0.863859596875 0.4566388671875 0.8721365171875 0.37831341093750004 0.7594674421875001 0.38867375000000004
1 0.7638965453125001 0.3067381609375 0.7598910203125 0.3892906375 0.87169095 0.3789933875 0.8800448375000001 0.2961279125 0.7638965453125001 0.3067381609375
1 0.6498641171874999 0.397517940625 0.6472566359374999 0.4744645453125 0.7551144109375 0.46606939062499997 0.7594619484375 0.3889978015625 0.6498641171874999 0.397517940625
1 0.5432770609375 0.4077650796875 0.545039928125 0.48310182656249995 0.6476912031250001 0.47443333125000003 0.6498531296875 0.39816603906250003 0.5432770609375 0.4077650796875
1 0.4428131125 0.4923878046875 0.5437298390625 0.48351958125000005 0.5432770609375 0.4077650796875 0.43929920468750006 0.41782414062499995 0.4428131125 0.4923878046875
1 0.342336446875 0.5009007640625 0.4428350984375 0.4910909421875 0.43929920468750006 0.41782414062499995 0.336643315625 0.42681728437500005 0.342336446875 0.5009007640625
1 0.24184329999999998 0.510385871875 0.342336446875 0.5009007640625 0.3348977703125 0.4272663171875 0.2343991171875 0.437076140625 0.24184329999999998 0.510385871875
1 0.1444002953125 0.5193282406249999 0.2422897578125 0.50970583125 0.234393621875 0.4374001890625 0.1339114640625 0.4462372 0.1444002953125 0.5193282406249999
1 0.044781778125 0.528426871875 0.1444002953125 0.5193282406249999 0.1326068703125 0.44633090624999994 0.032109110937500004 0.4561406625 0.044781778125 0.528426871875
1 0.0186205046875 0.380673859375 0.03167365 0.4561719421875 0.1325958703125 0.44697966874999995 0.12216840625 0.3703213609375 0.0186205046875 0.380673859375
1 0.1339059703125 0.4465612484375 0.23484557499999997 0.43639609999999995 0.22701630156250002 0.36019914062499997 0.1226038671875 0.37029008281250003 0.1339059703125 0.4465612484375
1 0.2257172 0.3599687984375 0.23484007031249998 0.4367208140625 0.335327725 0.42755975468749996 0.33144521718750003 0.34913605312499996 0.2257172 0.3599687984375
1 0.3310042640625 0.3494913796875 0.336637821875 0.427141334375 0.43886463750000004 0.4178553546875 0.4367377875 0.3383339203125 0.3310042640625 0.3494913796875
1 0.43673228125 0.338658634375 0.43972366718749994 0.4184416265625 0.542407034375 0.40782757031249994 0.5424438171875 0.3287980359375 0.43673228125 0.338658634375
1 0.5433358296875 0.32743868125 0.5432825671875 0.407440365625 0.6502986859375001 0.3974867265625 0.6520856171875 0.3176841734375 0.5433358296875 0.32743868125
1 0.6512109890625 0.31807065 0.6502931937499999 0.397810775 0.7594839328125 0.3877009390625 0.7643201265624999 0.30735504375 0.6512109890625 0.31807065
1 0.77183235625 0.2229310859375 0.764314621875 0.307679759375 0.8804912843749999 0.2954485375 0.8923793578125 0.2090906703125 0.77183235625 0.2229310859375
1 0.6516565562500001 0.31739067187500003 0.7643091265625 0.3080038078125 0.7709623296875 0.222993578125 0.65434099375 0.23590471562499998 0.6516565562500001 0.31739067187500003
1 0.541671928125 0.2462643921875 0.5428902640625 0.328118659375 0.6520856171875 0.3176841734375 0.654351990625 0.23525595156249998 0.541671928125 0.2462643921875
1 0.4320301171875 0.2573789203125 0.43587414375 0.33807229843750003 0.5429012609375 0.327469896875 0.541666434375 0.24658844218749998 0.4320301171875 0.2573789203125
1 0.3241164796875 0.269016628125 0.3314287234375 0.350108865625 0.4367377875 0.3383339203125 0.432464684375 0.25734770625 0.3241164796875 0.269016628125
1 0.22702728906249997 0.3595510421875 0.3314342296875 0.3497841515625 0.3236764203125 0.2693718921875 0.21401262187499998 0.28178328124999996 0.22702728906249997 0.3595510421875
1 0.123054925 0.3692860546875 0.22659182812499998 0.359582321875 0.2140181265625 0.28145856875 0.10608799843750001 0.2940690890625 0.123054925 0.3692860546875
1 0 0.30968338281249996 0.0190660703125 0.37999388125 0.12303843437499999 0.37025886875 0.10521797031249999 0.29413157968750003 0 0.30296352031249996 0 0.30968338281249996
0 0 0.536950228125 0.056932615625 0.862546625 0.8704277406250001 0.8110460968750001 0.9331883484375 0.177045821875 0 0.28742125937499996 0 0.536950228125