1 0.7357667234374999 0.3305295390625 0.7841534359375 0.34263109687500004 0.7934498796875 0.28791215625 0.7445263171875001 0.2679600171875 0.7357667234374999 0.3305295390625
1 0.745162628125 0.268624315625 0.693375971875 0.24802169062499999 0.682718415625 0.31540989062499997 0.7342275609375 0.3301366671875 0.745162628125 0.268624315625
1 0.7354647078125 0.32985586875 0.726622834375 0.392631534375 0.7758576953125 0.4028348765625 0.7830260328125 0.3427286828125 0.7354647078125 0.32985586875
1 0.7280140109375 0.392626371875 0.721446575 0.4569934625 0.7708874109375 0.4631623125 0.7768304265625 0.4026941640625 0.7280140109375 0.392626371875
1 0.721480246875 0.45680998749999996 0.7127565296875 0.5203651687499999 0.7628299281250001 0.524475634375 0.7701421078124999 0.463385740625 0.721480246875 0.45680998749999996
1 0.7137655046875 0.5199108390625 0.7057526984375 0.58480395 0.7551183796875 0.58481416875 0.7625353890625 0.5245098453125 0.7137655046875 0.5199108390625
1 0.744708478125 0.6459021375 0.754826959375 0.5848036578125 0.7059965734375 0.5845186250000001 0.69339355625 0.648174696875 0.744708478125 0.6459021375
1 0.6948936734375 0.6486752203124999 0.6837984203125 0.7118626390625 0.7339980984375 0.7054494859375 0.7450251921875 0.6459730015625 0.6948936734375 0.6486752203124999
1 0.68375885625 0.7123466546875 0.6725121046875 0.7757009828125 0.7258343 0.7643336234375 0.7341313953124999 0.7052020999999999 0.68375885625 0.7123466546875
1 0.68375885625 0.7123466546875 0.6272709640625 0.7184636328125 0.6213082203125 0.7866624843750001 0.672367471875 0.7752219515625 0.68375885625 0.7123466546875
1 0.6943661546875 0.648366025 0.6396301203125 0.6515343953125 0.62689924375 0.7193612109374999 0.6834343796875 0.7118804421875 0.6943661546875 0.648366025
1 0.7052334375 0.5854379734374999 0.6525906484374999 0.5851247875000001 0.6399978453124999 0.65188128125 0.6941818078125 0.64819286875 0.7052334375 0.5854379734374999
1 0.713220234375 0.5204279734374999 0.6596638671874999 0.5162277390625001 0.651767078125 0.585006265625 0.7058818234375 0.5850300265625 0.713220234375 0.5204279734374999
1 0.72044498125 0.45695650624999995 0.6677306109375001 0.449326221875 0.6594199046875 0.5165137265624999 0.7136507562500001 0.5204222406250001 0.72044498125 0.45695650624999995
1 0.7282990171875 0.3927276546875 0.6753940328125 0.381627915625 0.6673657984375 0.4499085734375 0.7215866937500001 0.4568314578125 0.7282990171875 0.3927276546875
1 0.7347779640625001 0.33039371875 0.6832316953124999 0.3157942796875 0.676459353125 0.3822567515625 0.7281706 0.3930340109375 0.7347779640625001 0.33039371875
1 0.69376596875 0.24839703281249997 0.6408712953125 0.22867366718749998 0.625882184375 0.29834952656249997 0.6825792484375001 0.3150611390625 0.69376596875 0.24839703281249997
1 0.6826538906249999 0.31553446875 0.6252598046875 0.29847441875 0.618210615625 0.3699241140625 0.6754790140625 0.3822353765625 0.6826538906249999 0.31553446875
1 0.618314003125 0.37032774218750003 0.6089673671875 0.4408390640625 0.6679243125000001 0.4487239578125 0.6752464734375 0.38231615625000004 0.618314003125 0.37032774218750003
1 0.599905546875 0.512218596875 0.6591362468749999 0.5166848109375 0.6681107046875 0.4488744640625 0.6090600578124999 0.4402837671875 0.599905546875 0.512218596875
1 0.6595196249999999 0.5168766546875 0.5992665640625 0.5128506546875 0.591614940625 0.5846578046875 0.653274503125 0.584595384375 0.6595196249999999 0.5168766546875
1 0.652606528125 0.5848783531249999 0.5915502828125 0.5845834062499999 0.57864045 0.6568366218749999 0.6394416374999999 0.6519516656250001 0.652606528125 0.5848783531249999
1 0.63986654375 0.6520374531249999 0.5787583609375 0.6564801390625 0.5645221296875 0.7269362187499999 0.6272831546875001 0.7181973328125 0.63986654375 0.6520374531249999
1 0.5642950796874999 0.7265678656250001 0.558080671875 0.799435853125 0.6207180812499999 0.78729071875 0.6262846578125 0.718295121875 0.5642950796874999 0.7265678656250001
1 0.5645418906249999 0.727059871875 0.49644090781249994 0.736398584375 0.4899857359375 0.8144241265625001 0.5584686765625 0.798626621875 0.5645418906249999 0.727059871875
1 0.57850776875 0.6551690484375 0.5111325421874999 0.66026276875 0.49649526718750003 0.735979915625 0.56430625 0.7275369203125 0.57850776875 0.6551690484375
1 0.59005960625 0.584610146875 0.5234445265625001 0.5838423921875 0.510373365625 0.6605654609375 0.5785320921875 0.65597474375 0.59005960625 0.584610146875
1 0.59915689375 0.5123643890625 0.5330581828125001 0.5076195968749999 0.5236150953125 0.5847078453125001 0.5922912453125 0.5848347703125001 0.59915689375 0.5123643890625
1 0.6092766484375 0.4411464578125 0.5429397109375 0.4317128015625 0.534270865625 0.5071824125 0.599396746875 0.5128893 0.6092766484375 0.4411464578125
1 0.6179955390625 0.3698359203125 0.5528670499999999 0.35581868125 0.5428583921875 0.4314357453125 0.6095561421875 0.4407316265625 0.6179955390625 0.3698359203125
1 0.6249308874999999 0.29893199843749996 0.561559765625 0.2800342078125 0.5524941390625 0.35574619375 0.617866103125 0.36935707500000003 0.6249308874999999 0.29893199843749996
1 0.6399712937500001 0.22844729843749997 0.5778856796875 0.20510341250000003 0.561872028125 0.279829034375 0.6248087921875001 0.29893449843750003 0.6399712937500001 0.22844729843749997
1 0.577656884375 0.20458297343749998 0.5081469859375 0.17864534062499998 0.48875333593750003 0.25877044531250004 0.5613612921875 0.2799974265625 0.577656884375 0.20458297343749998
1 0.48823569375 0.25866792968749996 0.47779532500000005 0.3405546015625 0.5526870109375001 0.355984734375 0.561221921875 0.2799329859375 0.48823569375 0.25866792968749996
1 0.5428092515625 0.432069365625 0.55210921875 0.356021353125 0.4777746703125 0.34072056562499997 0.469650334375 0.42097507187499994 0.5428092515625 0.432069365625
1 0.543747840625 0.431757171875 0.4689273421875 0.4206542671875 0.4586567921875 0.502701875 0.5335696953125 0.507658984375 0.543747840625 0.431757171875
1 0.45839610156250005 0.502234015625 0.446237715625 0.5840916078125 0.523492925 0.5842626671875 0.5338010765625001 0.50781469375 0.45839610156250005 0.502234015625
1 0.5234745765625 0.58440399375 0.445744759375 0.583467953125 0.432213959375 0.6655792828125 0.510302 0.6608116859375001 0.5234745765625 0.58440399375
1 0.43266100312500005 0.6653083578125 0.4190894796875 0.7473954218750001 0.4972809671875 0.7344592249999999 0.5101273875000001 0.6605635546874999 0.43266100312500005 0.6653083578125
1 0.4188830921875 0.7471299765625 0.407009609375 0.8298551171874999 0.489571334375 0.814202271875 0.49634199375000004 0.735532953125 0.4188830921875 0.7471299765625
1 0.41795789531249994 0.7476700390625 0.32758811875 0.7581335640625 0.31342930468749997 0.8464127328125001 0.4060557078125 0.8301059453124999 0.41795789531249994 0.7476700390625
1 0.43406016875000003 0.6646761875 0.3439706390625 0.6712020921875 0.32755934531249997 0.7583551734375 0.41984875 0.7469609937499999 0.43406016875000003 0.6646761875
1 0.4460562375 0.5841170328125 0.3589344 0.5836055390625 0.34418334375000004 0.6718257703125 0.43264140624999997 0.6645421234375 0.4460562375 0.5841170328125
1 0.45805313437499995 0.50181366875 0.372667021875 0.49567803593750004 0.35974430625 0.58429134375 0.44625010937500004 0.5838858265625 0.45805313437499995 0.50181366875
1 0.46750078593750005 0.4211526046875 0.3837270109375 0.40831569375 0.37255879062499997 0.49589097656250003 0.45864653750000006 0.5018223125 0.46750078593750005 0.4211526046875
1 0.478738265625 0.3407812578125 0.3939681625 0.321487984375 0.3832967734375 0.4083537203125 0.4684891015625 0.42118150312499997 0.478738265625 0.3407812578125
1 0.48850510781249995 0.2587031140625 0.40630247812500003 0.23344124531250002 0.39403828281250003 0.3216651015625 0.47723319843749995 0.3405188578125 0.48850510781249995 0.2587031140625
1 0.5080530203125 0.1784449859375 0.4250831046875 0.1467901390625 0.40490168437499996 0.2336101234375 0.48855707343750004 0.2582821859375 0.5080530203125 0.1784449859375
1 0.40572838750000007 0.2341389859375 0.42510906562499995 0.1468660203125 0.32472305625 0.10797256562499999 0.308711915625 0.2047807015625 0.40572838750000007 0.2341389859375
1 0.405704375 0.23377225 0.30868790156250003 0.204413965625 0.2955467875 0.29938489218750003 0.39457509218750003 0.3210476328125 0.405704375 0.23377225
1 0.2830194265625 0.393842215625 0.38272305625 0.4087382640625 0.3935307296875 0.320822865625 0.29628152343749997 0.29949111093749997 0.2830194265625 0.393842215625
1 0.3731096734375 0.49525475781250006 0.382640128125 0.4078184484375 0.283940178125 0.3945432109375 0.2690597859375 0.4888833390625 0.3731096734375 0.49525475781250006
1 0.26941439218749996 0.48929679375 0.256020634375 0.584041309375 0.360643459375 0.5839173734374999 0.3722831421875 0.4963727390625 0.26941439218749996 0.48929679375
1 0.2562443390625 0.5839871984375 0.2401278625 0.6786620046875 0.3441117765625 0.672942440625 0.3600583859375 0.5837825296875 0.2562443390625 0.5839871984375
1 0.240117875 0.6787940906250001 0.2235579828125 0.7747255953125001 0.328447034375 0.7578281390625 0.344887209375 0.6711767171874999 0.240117875 0.6787940906250001
1 0.22345632499999998 0.7747362015625 0.20845526093750003 0.8700126203125 0.31423714999999997 0.8462386203125 0.3270601015625 0.75799370625 0.22345632499999998 0.7747362015625
1 0.22410708437500002 0.7743513453124999 0.1057315203125 0.795507346875 0.0895720359375 0.90103679375 0.20920593593749998 0.869437515625 0.22410708437500002 0.7743513453124999
1 0.2398796015625 0.6783190796875 0.12585661875 0.69099141875 0.107375184375 0.795467775 0.2240271390625 0.7742223078125 0.2398796015625 0.6783190796875
1 0.255705421875 0.5842898796875 0.145888234375 0.5865541375000001 0.1257631375 0.6910700640624999 0.2397805703125 0.6795990140625 0.255705421875 0.5842898796875
1 0.2698909234375 0.4888056734375 0.159537590625 0.4820484921875 0.1442655359375 0.5870528984375001 0.25658754375 0.58442639375 0.2698909234375 0.4888056734375
1 0.28394925937500004 0.3944043109375 0.175111678125 0.3774831703125 0.159325884375 0.482230853125 0.2700593359375 0.48763959999999995 0.28394925937500004 0.3944043109375
1 0.29507181718750003 0.299201978125 0.18841795625 0.2728959421875 0.1732238421875 0.377293153125 0.2836701078125 0.3933269515625 0.29507181718750003 0.299201978125
1 0.3093984828125 0.205333771875 0.2013530234375 0.171353940625 0.1881447734375 0.27308286875 0.2959555453125 0.29889165625 0.3093984828125 0.205333771875
1 0.21532713593750002 0.0671330484375 0.20102392343750003 0.169682053125 0.30873135 0.20469997968750003 0.3240584203125 0.1076919171875 0.21532713593750002 0.0671330484375
0 0.7470892171875 0.790002465625 0.8326122703125 0.276506928125 0.1930558765625 0.008322537500000001 0.047330543749999995 0.9425358749999999 0.7470892171875 0.790002465625