1 0.32986978906250003 0.8245442140625 0.4500723671875 0.823366175 0.46243735625 0.70797290625 0.3543553828125 0.7080667968750001 0.32986978906250003 0.8245442140625
1 0.462099140625 0.7077705703125 0.4496011703125 0.8246643828125 0.5713879203125 0.8271871203125001 0.5687397625 0.7084870890625 0.462099140625 0.7077705703125
1 0.570241084375 0.8281484578124999 0.6921954484375 0.8277473687500001 0.6774430812500001 0.7100192937500001 0.5701763203125 0.7081690375 0.570241084375 0.8281484578124999
1 0.6774502499999999 0.7088436484375 0.69069171875 0.8275266531250001 0.8102133 0.8314844765625 0.78720646875 0.7117014546875 0.6774502499999999 0.7088436484375
1 0.9004048703124999 0.7114825765624999 0.7868719234375 0.7110147765625 0.8094589125 0.831768378125 0.9351597390625 0.8354113312500001 0.9004048703124999 0.7114825765624999
1 0.7864174640625 0.70951123125 0.9002025921874999 0.7119331734375 0.8695342593750001 0.5959403875 0.7683122499999999 0.605885059375 0.7864174640625 0.70951123125
1 0.6778647578125 0.71105855 0.7873694625 0.7119622234375 0.7676687078125 0.605371084375 0.6686836109375001 0.6041309828125 0.6778647578125 0.71105855
1 0.668182396875 0.6036446843750001 0.570017371875 0.603082265625 0.5696170484375 0.7086177734375 0.6772537171875 0.709321971875 0.668182396875 0.6036446843750001
1 0.46186835937500004 0.70755354375 0.56998001875 0.70858491875 0.569394221875 0.6024561484375 0.4723123734375 0.6007754703125 0.46186835937500004 0.70755354375
1 0.35513025468750004 0.708217590625 0.462829065625 0.7075300703125 0.472450559375 0.6000939078124999 0.37377119375 0.6012002437499999 0.35513025468750004 0.708217590625
1 0.27556845 0.60464715625 0.24959534843750003 0.7102002265625 0.35430526093750003 0.70810451875 0.3741675109375 0.6014818171874999 0.27556845 0.60464715625
1 0.2752271796875 0.608302053125 0.1828995328125 0.6084998125000001 0.14365778906249999 0.7135408156249999 0.250939253125 0.7095562875 0.2752271796875 0.608302053125
1 0.08673271875 0.612519434375 0.038939837500000005 0.71505390625 0.14392493906249998 0.71261914375 0.1829447484375 0.609224740625 0.08673271875 0.612519434375
1 0.3297536390625 0.8245364921875 0.3542481984375 0.7079253796875 0.249884134375 0.7099264671875 0.2118526375 0.8296857953125001 0.3297536390625 0.8245364921875
1 0.14347925625 0.7142406 0.0941424109375 0.832100678125 0.21166259062499998 0.8285103203125 0.24995250625 0.7090673890625 0.14347925625 0.7142406
1 0 0.8323746796875 0.0945212015625 0.8326425140625 0.1446045890625 0.713585853125 0.0385918328125 0.7149763375 0 0.7910558296875 0 0.8323746796875
1 0.21259719375000002 0.5190306515625001 0.18081734375 0.6105224140625001 0.27498558125 0.6070260125 0.3014497296875 0.5166406453125 0.21259719375000002 0.5190306515625001
1 0.30082195 0.5174141125 0.277385278125 0.6058834484375 0.3735953015625 0.6024138859375 0.38984345 0.5139201015625 0.30082195 0.5174141125
1 0.3906162015625 0.5138630156249999 0.37334834375 0.6016284093750001 0.47258741718749997 0.601325796875 0.48015895156250005 0.5124880265625 0.3906162015625 0.5138630156249999
1 0.47961983750000003 0.5128754671875 0.47197525 0.6007640484375 0.57029495 0.6012312 0.5709182312500001 0.5136450015625 0.47961983750000003 0.5128754671875
1 0.5704637515625001 0.5132502875 0.5703567281249999 0.6020161046875 0.6688945671875001 0.6038901296875 0.66109039375 0.5155750671875 0.5704637515625001 0.5132502875
1 0.66101061875 0.5156070609375 0.66882193125 0.6036920609374999 0.76797178125 0.6049520984375001 0.7513063015625 0.515933878125 0.66101061875 0.5156070609375
1 0.7515185046874999 0.51515780625 0.7673606328125 0.6056909874999999 0.8700958062499999 0.5952650968750001 0.8450249421875 0.5055165078125 0.7515185046874999 0.51515780625
1 0.7386415453125 0.43913153281249995 0.7523932906249999 0.5151689234375 0.8457743921875001 0.5050157734375 0.8240150328125001 0.43122273906249997 0.7386415453125 0.43913153281249995
1 0.6606256171875 0.515173978125 0.7528434359375 0.515172859375 0.7384187203125 0.43794672031250004 0.6545675921874999 0.437278965625 0.6606256171875 0.515173978125
1 0.5702912359375001 0.5128529109375 0.6612088093749999 0.5151813890625 0.6533355656250001 0.4377253953125 0.570762075 0.438169328125 0.5702912359375001 0.5128529109375
1 0.5704547828125001 0.5141074437500001 0.57052093125 0.43629025937500004 0.486451075 0.4360345328125 0.4797618734375 0.51295488125 0.5704547828125001 0.5141074437500001
1 0.39005041406249996 0.5141225515625 0.48000245 0.5129186875 0.4871419171875 0.43518336562500004 0.40420309843749996 0.4349197109375 0.39005041406249996 0.5141225515625
1 0.301195690625 0.5165508875 0.3909453046875 0.513781559375 0.404008625 0.4345568453125 0.3204861421875 0.43936962968750004 0.301195690625 0.5165508875
1 0.21313537343750003 0.5186012734375 0.301090825 0.516590590625 0.319618321875 0.43907314062499997 0.238730075 0.4434546375 0.21313537343750003 0.5186012734375
1 0.184649640625 0.373507765625 0.15597972499999999 0.44118534687500005 0.239001921875 0.4438042109375 0.2604312703125 0.3789855484375 0.184649640625 0.373507765625
1 0.337098559375 0.376618209375 0.26087519531250003 0.377604928125 0.23781319375 0.4441807171875 0.320339234375 0.44014564062500006 0.337098559375 0.376618209375
1 0.3368738953125 0.3754422953125 0.3206308296875 0.4401493453125 0.403829284375 0.43455902812499997 0.4157843484375 0.3689214796875 0.3368738953125 0.3754422953125
1 0.4153535921875 0.368858021875 0.40337294218749997 0.43557374531250004 0.48711147656250003 0.435856484375 0.49306805000000004 0.370763578125 0.4153535921875 0.368858021875
1 0.49306795000000003 0.3700419015625 0.48629205156250005 0.43760610624999996 0.57036681875 0.43711078125 0.57040148125 0.3717463640625 0.49306795000000003 0.3700419015625
1 0.57149088125 0.3714292546875 0.5703221796875 0.4378925515625 0.6544199578125001 0.43700590312500004 0.6494858921875 0.3701715625 0.57149088125 0.3714292546875
1 0.7386797609375 0.439173946875 0.8251973390625 0.4316704140625 0.8069890624999999 0.3674434703125 0.7275331828125 0.3737272015625 0.7386797609375 0.439173946875
1 0.6546935546875 0.43810661562500003 0.73984614375 0.43918876874999996 0.7273623031249999 0.372881140625 0.6491995265625 0.37077630781250004 0.6546935546875 0.43810661562500003
1 0.71771285625 0.315728178125 0.7274885453125 0.3745089734375 0.8082188468749999 0.36614955312499997 0.792110434375 0.31307864687500003 0.71771285625 0.315728178125
1 0.649664134375 0.3702585734375 0.72753774375 0.372713878125 0.7176461828125 0.3148540015625 0.6443086250000001 0.3140138796875 0.649664134375 0.3702585734375
1 0.571284653125 0.3715640109375 0.6491158734375 0.3715763140625 0.6444916218750001 0.313924325 0.5719667671875001 0.3117323546875 0.571284653125 0.3715640109375
1 0.49357391249999993 0.3707717921875 0.571194828125 0.3712702734375 0.5715127812499999 0.3114339890625 0.49857218124999997 0.3119726875 0.49357391249999993 0.3707717921875
1 0.4254551828125 0.310093440625 0.41590384374999995 0.3688355765625 0.49289460781249994 0.3707908140625 0.498088571875 0.3117497703125 0.4254551828125 0.310093440625
1 0.33714811718750004 0.375703584375 0.41574763593749997 0.368642690625 0.4259067609375 0.3098039078125 0.3513506625 0.3153113703125 0.33714811718750004 0.375703584375
1 0.33751227968749997 0.3757082125 0.35240202656249997 0.3160571125 0.2813440875 0.319514471875 0.2608451046875 0.37766520625 0.33751227968749997 0.3757082125
1 0.20929660156250002 0.3159512265625 0.1833527109375 0.374484146875 0.26114269375 0.3784040453125 0.28055756718749997 0.31929930156249997 0.20929660156250002 0.3159512265625
1 0.2307057640625 0.2698165203125 0.209073065625 0.3166807671875 0.280670303125 0.320521965625 0.2988087046875 0.2665624640625 0.2307057640625 0.2698165203125
1 0.2987411984375 0.2657962171875 0.28015161875 0.3200265265625 0.35160646406249996 0.31678205937500004 0.365609603125 0.26284583125 0.2987411984375 0.2657962171875
1 0.36540889375 0.26280224375 0.351638375 0.315628140625 0.4256005796875 0.30997396875 0.4338745046875 0.2580737609375 0.36540889375 0.26280224375
1 0.43445889375 0.2582819 0.4247372734375 0.31042686875 0.49843530312500006 0.31258468437500003 0.50283555625 0.25868163593750004 0.43445889375 0.2582819
1 0.503011134375 0.2589086671875 0.4985157390625 0.3120977484375 0.5714563390625 0.311559053125 0.5719656890625 0.25982868125 0.503011134375 0.2589086671875
1 0.5725662546875 0.2589950984375 0.5715871781249999 0.31125116875000003 0.6449217109375 0.31340436718750003 0.640407809375 0.2615673375 0.5725662546875 0.2589950984375
1 0.6405902218749999 0.26156965468750004 0.6447392984375 0.31340205 0.718101009375 0.31506763437499996 0.7096567625 0.261578515625 0.6405902218749999 0.26156965468750004
1 0.7809506234375 0.26088508125 0.70962119375 0.261933103125 0.717567071875 0.3143025953125 0.79240268125 0.3123125140625 0.7809506234375 0.26088508125
1 0.769124196875 0.2126188140625 0.7027266078125 0.2134841953125 0.7101817140625 0.2616958015625 0.78109913125 0.2608744796875 0.769124196875 0.2126188140625
1 0.641135490625 0.2610627578125 0.7099575125 0.2624253328125 0.702763653125 0.2136871640625 0.6371136921875 0.21338363437500002 0.641135490625 0.2610627578125
1 0.5714351234375 0.25947135781249997 0.6407346546875 0.26206212500000003 0.636593340625 0.21338415781250003 0.57230328125 0.212343225 0.5714351234375 0.25947135781249997
1 0.5032784875 0.2595820015625 0.5723246578125 0.2602159359375 0.5722732046875 0.21229824062499997 0.5069624828125 0.21102400000000002 0.5032784875 0.2595820015625
1 0.5032794765624999 0.2594829953125 0.5073415796875 0.2106853734375 0.44236865156249994 0.21118438125 0.43477916250000004 0.258856890625 0.5032794765624999 0.2594829953125
1 0.3780492765625 0.21490400625 0.3663371125 0.26360440625 0.4345556265625 0.25958643124999997 0.44255372031249995 0.21145524375 0.3780492765625 0.21490400625
1 0.2984064078125 0.2674824171875 0.36589593125 0.26345517812499997 0.37794177812499996 0.21546820625000002 0.3149654734375 0.21688999999999997 0.2984064078125 0.2674824171875
1 0.25397712499999997 0.221976665625 0.23042604375 0.2705266125 0.29862994375 0.2667528765625 0.31417806875 0.21868552343749997 0.25397712499999997 0.221976665625
1 0.156209303125 0.44030334218749995 0.12318670937500001 0.519489390625 0.21235473593749998 0.520126590625 0.23897211718750003 0.4445362140625 0.156209303125 0.44030334218749995
1 0.1239093609375 0.5188045515625 0.0864341109375 0.61238183125 0.1813242359375 0.6108392953124999 0.21203984843749998 0.520437484375 0.1239093609375 0.5188045515625
0 0 0.8531192937500001 0.967132384375 0.8641420343749999 0.9704059656249999 0.8068100390625 0.7845050578125 0.173151478125 0.2317395234375 0.18814455000000002 0 0.746164946875 0 0.8531192937500001