1 0.8751064109375 0.2571298015625 0.8668522390625 0.3282706609375 0.93396988125 0.3462772421875 0.9399278078125001 0.2758104609375 0.8751064109375 0.2571298015625
1 0.8685734843749999 0.32884301875 0.8624124984374999 0.40127165312499996 0.9294288578125001 0.41594786875 0.9347735890625 0.3464602609375 0.8685734843749999 0.32884301875
1 0.861906325 0.4018642984375 0.8566211750000001 0.47441538593750004 0.9246185625000001 0.48392231093750004 0.9285903171875001 0.4156548671875 0.861906325 0.4018642984375
1 0.8510587609375 0.5466089265625 0.9185163796875001 0.552724175 0.924855425 0.48482648125 0.8576582328125 0.47424159843749997 0.8510587609375 0.5466089265625
1 0.7790461640624999 0.5372040375 0.8502821765625 0.545505228125 0.856473103125 0.4741715359375 0.783655034375 0.462569015625 0.7790461640624999 0.5372040375
1 0.7720395203125 0.6134940609374999 0.8454028093750001 0.61844475625 0.8505121875 0.5459509437500001 0.77853885 0.5377965234375 0.7720395203125 0.6134940609374999
1 0.9188533375000001 0.5537664062500001 0.8502144906250001 0.5461591796875 0.8441550343750001 0.6176068875 0.9144815296875001 0.62180215625 0.9188533375000001 0.5537664062500001
1 0.7896701359375 0.3873414 0.8616475031249999 0.4013844 0.8675432187500001 0.3293977125 0.7962033078124999 0.311316884375 0.7896701359375 0.3873414
1 0.7952248046875 0.3121752 0.8681127421875001 0.33032513125 0.8759908375000001 0.25723622343749997 0.8018256640624999 0.23549673593749998 0.7952248046875 0.3121752
1 0.7832918531249999 0.4623717703125 0.8563153218749999 0.4749033546875 0.8617020015625 0.4013713421875 0.7905677671875 0.387777928125 0.7832918531249999 0.4623717703125
1 0.8385738203124999 0.690205325 0.9065653546875 0.6912068062500001 0.912900775 0.622640884375 0.844132253125 0.618128403125 0.8385738203124999 0.690205325
1 0.7653318296875 0.6884697609375 0.8381701937500001 0.69043235 0.8448451968749999 0.6185520343750001 0.7726505140625 0.6140878171875 0.7653318296875 0.6884697609375
1 0.7637451000000001 0.6890982906249999 0.7549276765624999 0.7632698296875 0.8284577328125 0.7622110828124999 0.8373985546875 0.6904976421875 0.7637451000000001 0.6890982906249999
1 0.828919203125 0.761425225 0.900228796875 0.75977256875 0.9072858484375 0.6915910000000001 0.8392364734375001 0.691148346875 0.828919203125 0.761425225
1 0.8201018093749999 0.83191266875 0.8898259375 0.8272037546875 0.9004614640625 0.76013680625 0.8277661609375 0.7615474734375 0.8201018093749999 0.83191266875
1 0.74648373125 0.8374944484375 0.8197560234375001 0.8315808625000001 0.8300473734375 0.761520925 0.7549276765624999 0.7632698296875 0.74648373125 0.8374944484375
1 0.66227911875 0.8424464687500001 0.7461668640625 0.836883228125 0.7550014734375 0.763193128125 0.671877365625 0.764414815625 0.66227911875 0.8424464687500001
1 0.6713591390625 0.7638736625 0.7551588625 0.7628334546875 0.76438219375 0.6884352078125 0.6808994546875 0.6864016890625 0.6713591390625 0.7638736625
1 0.6805537562499999 0.686069034375 0.7642665109375 0.68955286875 0.77132503125 0.614000715625 0.69012299375 0.6083176453125 0.6805537562499999 0.686069034375
1 0.6916155546875 0.6086659015625 0.77212593125 0.6136862109375001 0.7788097421875 0.5380816703125 0.698559653125 0.5305466203125 0.6916155546875 0.6086659015625
1 0.6978970015625 0.529603596875 0.7784350375 0.5380292812499999 0.7835899609375 0.4624944375 0.7038315203125001 0.45020932968749994 0.6978970015625 0.529603596875
1 0.704927859375 0.45064607187499994 0.7839646703125001 0.4625468265625 0.7905276015625 0.38763015312500004 0.7119876390625001 0.3714091296875 0.704927859375 0.45064607187499994
1 0.711942053125 0.3709788609375 0.79028714375 0.3867384046875 0.7954761031250001 0.3118570875 0.7179951546875001 0.29172265468749997 0.711942053125 0.3709788609375
1 0.7175060734375001 0.2922952890625 0.7955569484375 0.31089739375000003 0.8024217468750001 0.23562056875 0.7258094328125 0.212072534375 0.7175060734375001 0.2922952890625
1 0.6299360187499999 0.2701187328125 0.7178970546875 0.29267045937499997 0.7259599640625 0.21153355624999998 0.6391860921875 0.184901959375 0.6299360187499999 0.2701187328125
1 0.6239131421875 0.3532243796875 0.7107025703125001 0.370485059375 0.718511940625 0.2926349453125 0.6304250140625001 0.2695469484375 0.6239131421875 0.3532243796875
1 0.61658775 0.43646756406250004 0.70624731875 0.45092532187499995 0.711350490625 0.3709564640625 0.6242726484375 0.35391479531250003 0.61658775 0.43646756406250004
1 0.6091632031249999 0.52065754375 0.6976183796875 0.5301410375 0.705981559375 0.4502333671875 0.6165224359375 0.437098584375 0.6091632031249999 0.52065754375
1 0.6010838734374999 0.6034377640625 0.6908113421875 0.608934278125 0.6995730375 0.5304229406250001 0.6093231703125 0.519681340625 0.6010838734374999 0.6034377640625
1 0.59222603125 0.6848650187499999 0.680357075 0.685011090625 0.68999668125 0.6084998703125 0.59984553125 0.60294411875 0.59222603125 0.6848650187499999
1 0.58118333125 0.76662695625 0.6712389640625 0.7648002859374999 0.6794116109375 0.6858404218749999 0.59176965 0.6851217171874999 0.58118333125 0.76662695625
1 0.5737361953125 0.848467703125 0.66157438125 0.8431268015625 0.6715660515625 0.764475540625 0.5817465875 0.7669228234375 0.5737361953125 0.848467703125
1 0.47293984218749996 0.8560325078125001 0.5743428515625 0.8484224234375001 0.5824399125 0.7668215968750001 0.48274553437499995 0.7696113921875 0.47293984218749996 0.8560325078125001
1 0.48207242499999997 0.7700419828125 0.5821704421875 0.7667348109375001 0.5922913140625 0.6853506 0.4918769796875 0.6836207078125 0.48207242499999997 0.7700419828125
1 0.49191609375 0.6827404765625 0.5904791656249999 0.6859467515625 0.6015872640625 0.603552946875 0.502502609375 0.5970695421875 0.49191609375 0.6827404765625
1 0.5026804593749999 0.5975949843749999 0.600558246875 0.6032695 0.6083411609375 0.5197697765625 0.511312071875 0.5100481968749999 0.5026804593749999 0.5975949843749999
1 0.510704659375 0.509241271875 0.608484234375 0.5200284374999999 0.617041725 0.4370936453125 0.5179986890625 0.4221484859375 0.510704659375 0.509241271875
1 0.51765311875 0.4222052828125 0.615920440625 0.4365853515625 0.6241270359375 0.35314486562499997 0.5259590640625 0.3336523046875 0.51765311875 0.4222052828125
1 0.52535734375 0.33412992343750003 0.6239816953124999 0.3533657859375 0.6305061828125 0.27045950625000004 0.534641453125 0.2444316796875 0.52535734375 0.33412992343750003
1 0.5341512328125 0.2450041546875 0.6312417765625 0.2707536234375 0.6392862078125 0.184727271875 0.543402640625 0.1556218453125 0.5341512328125 0.2450041546875
1 0.42558526875 0.21796991718749997 0.5344780390625 0.246010503125 0.5442838421875 0.1554245421875 0.43379464843750004 0.12203351250000001 0.42558526875 0.21796991718749997
1 0.4170818734375 0.31258318906250004 0.5254554453125 0.333182121875 0.5353581000000001 0.245813040625 0.42561797031250004 0.217653984375 0.4170818734375 0.31258318906250004
1 0.4075036359375 0.405123146875 0.51838784375 0.42222874062500004 0.5266984124999999 0.3324478015625 0.41682169375000006 0.31094428125 0.4075036359375 0.405123146875
1 0.4000448546875 0.49796029375 0.51021375 0.5095189890625 0.5178987609375 0.422801375 0.40858184687500004 0.40477504218749993 0.4000448546875 0.49796029375
1 0.3904390015625 0.590298225 0.501443490625 0.5979588015624999 0.509599428125 0.5099509062500001 0.3994616703125 0.4980355625 0.3904390015625 0.590298225
1 0.3800575640625 0.68040651875 0.4910226609375 0.683346178125 0.5022713140625 0.597562765625 0.3904390015625 0.590298225 0.3800575640625 0.68040651875
1 0.3694768421875 0.7724513453124999 0.48320200468749996 0.76909709375 0.4921025859375 0.6831042875 0.3789386921875 0.6810358437499999 0.3694768421875 0.7724513453124999
1 0.3615340078125 0.8644729671875 0.47322149687500004 0.8553317937499999 0.4816347375 0.7689236328125 0.37119637031249997 0.7711202421875 0.3615340078125 0.8644729671875
1 0.2391304109375 0.8701506296874999 0.362774359375 0.8626811265625 0.37061455 0.7715618734375 0.2467531734375 0.776119865625 0.2391304109375 0.8701506296874999
1 0.24736748749999998 0.775710346875 0.37002268437499997 0.7716540234375 0.378908309375 0.6802130984375 0.2548482859375 0.6784408828124999 0.24736748749999998 0.775710346875
1 0.1096552265625 0.781517053125 0.2466313234375 0.7765715281250001 0.25489751250000003 0.6779652828125 0.12012859375 0.6803288125 0.1096552265625 0.781517053125
1 0.10119239531249999 0.8820231515625 0.2395438984375 0.870040434375 0.24599466093750003 0.7764825140625 0.1095077234375 0.7829421578125 0.10119239531249999 0.8820231515625
1 0.256123884375 0.678619228125 0.3800521890625 0.681005425 0.3896149203125 0.5905017906250001 0.2667422640625 0.5822700609375 0.256123884375 0.678619228125
1 0.1181671953125 0.68053620625 0.2553878078125 0.679479559375 0.2659165046875 0.5832824125 0.129671734375 0.5756365796875 0.1181671953125 0.68053620625
1 0.127213409375 0.5747621421875 0.267044809375 0.5819703140625 0.277026175 0.48553553125000004 0.13725863437500002 0.46990748125000004 0.127213409375 0.5747621421875
1 0.2673513109375 0.5829161 0.38938498906249996 0.5903455765625 0.39979510937499996 0.49758246718750004 0.2768957796875 0.485868821875 0.2673513109375 0.5829161
1 0.27610231875 0.4859551875 0.40009552812500004 0.497872603125 0.4092187015625 0.40583335624999994 0.28485890625 0.385736571875 0.27610231875 0.4859551875
1 0.13706944062499998 0.47103209531249995 0.27576505 0.485306653125 0.284461421875 0.3856809984375 0.1464095421875 0.36517591718750003 0.13706944062499998 0.47103209531249995
1 0.295018825 0.2862483375 0.41717106875 0.3120563140625 0.42713542968749996 0.21872169062500002 0.303837996875 0.1854362296875 0.295018825 0.2862483375
1 0.285496803125 0.3860592453125 0.4095183640625 0.4055056375 0.41790927031249997 0.3121578 0.2946520171875 0.28589636406249996 0.285496803125 0.3860592453125
1 0.1462502734375 0.365386275 0.28512894375000003 0.3857062625 0.294988146875 0.2865447375 0.1562040125 0.2575084734375 0.1462502734375 0.365386275
1 0.15418240156250002 0.257527378125 0.29428415937499997 0.2855433796875 0.30340860625 0.1856777484375 0.1638000984375 0.1490003515625 0.15418240156250002 0.257527378125
1 0.1749485703125 0.0412895921875 0.1646268859375 0.148815259375 0.30340860625 0.1856777484375 0.3123199046875 0.0839755890625 0.1749485703125 0.0412895921875
1 0.30212174687500004 0.186400759375 0.42534528906249996 0.2174754203125 0.43514240624999995 0.12282074218750001 0.3122294234375 0.08441440312500001 0.30212174687500004 0.186400759375