1 0.2686226851851852 0.08697916666666666 0.07298611111111111 0.07766203703703704
1 0.33119212962962963 0.08935185185185185 0.06995370370370368 0.0837962962962963
1 0.32526041666666666 0.1638310185185185 0.07310185185185185 0.08547453703703703
1 0.2595428240740741 0.16001157407407407 0.07778935185185185 0.08564814814814814
1 0.38667824074074075 0.24675925925925926 0.07317129629629635 0.09016203703703703
1 0.3894270833333333 0.16848958333333336 0.06995370370370368 0.08379629629629629
1 0.3922337962962963 0.0941261574074074 0.06368055555555552 0.08200231481481482
1 0.45325231481481476 0.09733796296296296 0.06351851851851861 0.07106481481481482
1 0.4535243055555555 0.16846064814814815 0.06363425925925928 0.07887731481481479
1 0.45391203703703703 0.24739583333333331 0.06999999999999992 0.08692129629629637
1 0.24980902777777775 0.24166666666666664 0.08259259259259259 0.09363425925925925
1 0.3194097222222222 0.2437789351851852 0.0779050925925926 0.0934606481481481
1 0.31135416666666665 0.3331886574074074 0.08268518518518526 0.09988425925925926
1 0.23862847222222222 0.33119212962962963 0.08898148148148141 0.10324074074074074
1 0.30343749999999997 0.43197337962962956 0.08909722222222224 0.11105324074074083
1 0.22524305555555557 0.4301793981481482 0.09693287037037042 0.11290509259259256
1 0.2105150462962963 0.544068287037037 0.10341435185185191 0.12876157407407404
1 0.19446759259259258 0.6744212962962963 0.1114583333333333 0.14467592592592596
1 0.2933391203703704 0.5417824074074075 0.09555555555555557 0.12534722222222214
1 0.28196759259259263 0.6711805555555556 0.10362268518518522 0.14282407407407405
1 0.3694791666666667 0.6687210648148149 0.09574074074074072 0.13784722222222215
1 0.36224537037037036 0.813599537037037 0.10553240740740737 0.16631944444444463
1 0.2685300925925926 0.8194155092592592 0.11486111111111112 0.16354166666666642
1 0.17482638888888888 0.8260127314814815 0.11803240740740746 0.16678240740740727
1 0.7333333333333333 0.3245949074074074 0.08259259259259259 0.09363425925925925
1 0.7487847222222223 0.41782407407407407 0.09059027777777776 0.10642361111111107
1 0.6637789351851853 0.32560763888888894 0.08100694444444442 0.09201388888888892
1 0.715642361111111 0.2384837962962963 0.07935185185185176 0.08570601851851851
1 0.586712962962963 0.24169560185185185 0.07310185185185177 0.08547453703703703
1 0.5175636574074074 0.16452546296296297 0.06678240740740726 0.08055555555555553
1 0.5727835648148147 0.09291087962962963 0.06349537037037045 0.0695023148148148
1 0.6321469907407408 0.08993055555555556 0.06820601851851844 0.07123842592592591
1 0.6418287037037037 0.16304976851851852 0.06990740740740745 0.08067129629629628
1 0.6915219907407407 0.08773148148148148 0.06976851851851844 0.0712962962962963
1 0.5218344907407408 0.24175347222222224 0.0700231481481481 0.08848379629629628
1 0.5261979166666666 0.3252314814814815 0.07629629629629626 0.09027777777777776
1 0.5141435185185185 0.0919560185185185 0.06356481481481477 0.07418981481481483
1 0.3832407407407407 0.33130787037037035 0.07949074074074076 0.09508101851851851
1 0.5816145833333334 0.16137152777777777 0.06997685185185176 0.08535879629629628
1 0.45440393518518524 0.3333622685185185 0.07326388888888893 0.09641203703703702
1 0.45509259259259255 0.538136574074074 0.08305555555555558 0.12488425925925917
1 0.3816319444444444 0.4337673611111111 0.08599537037037033 0.1125
1 0.5511921296296296 0.7987847222222222 0.09914351851851855 0.15671296296296297
1 0.7722685185185185 0.525607638888889 0.0986574074074074 0.12390046296296298
1 0.680792824074074 0.4187789351851852 0.08594907407407408 0.109375
1 0.5973495370370371 0.3265046296296296 0.07951388888888893 0.09664351851851852
1 0.653107638888889 0.2384548611111111 0.07156249999999993 0.08697916666666669
1 0.532355324074074 0.4242766203703704 0.07811342592592592 0.10752314814814809
1 0.7348553240740741 0.7966724537037037 0.11472222222222221 0.15416666666666679
1 0.37854166666666667 0.5417534722222223 0.09243055555555557 0.1252314814814815
1 0.71703125 0.6488136574074075 0.10502314814814824 0.13194444444444428
1 0.6949016203703704 0.5269097222222221 0.08925925925925923 0.12199074074074083
1 0.6042303240740741 0.4216145833333333 0.07965277777777775 0.10601851851851851
1 0.6160185185185185 0.5313946759259259 0.09399305555555557 0.12528935185185192
1 0.45512152777777776 0.80390625 0.09918981481481488 0.159837962962963
1 0.7035127314814815 0.1584201388888889 0.0699537037037036 0.08379629629629629
1 0.4534837962962963 0.42954282407407407 0.07974537037037041 0.11226851851851852
1 0.6449189814814815 0.79375 0.10847222222222222 0.15393518518518512
1 0.5467997685185185 0.6605902777777778 0.09725694444444458 0.13478009259259255
1 0.7967303240740741 0.6466435185185185 0.10194444444444457 0.13495370370370363
1 0.6287962962962963 0.6552083333333333 0.09891203703703706 0.14108796296296297
1 0.8223206018518517 0.791087962962963 0.11644675925925937 0.16516203703703702
1 0.5378819444444444 0.5335069444444445 0.08608796296296291 0.11875
1 0.45460069444444445 0.6632233796296296 0.08949074074074073 0.13761574074074084
1 0.8452719907407407 0.22977430555555553 0.07615740740740762 0.08090277777777785
1 0.9877546296296297 0.9027199074074075 0.02449074074074069 0.12326388888888892