1 0.89046190625 0.289073834375 0.9586832828125 0.297195053125 0.9602389078125 0.230973346875 0.8939254359375 0.2211019296875 0.89046190625 0.289073834375
1 0.891355925 0.358812534375 0.9580076249999999 0.3632136203125 0.95862555 0.298198665625 0.9586062609375 0.2985340078125 0.8913141437500001 0.28976221562500004 0.891355925 0.358812534375
1 0.8892097984375 0.42714754218750006 0.9599475749999999 0.4302921265625 0.9594258515625 0.3644668859375 0.8927503968750001 0.3578358765625 0.8892097984375 0.42714754218750006
1 0.8196565640625 0.2812596546875 0.8917048921875 0.28918579843750003 0.8942053281250001 0.2222293015625 0.8942247562500001 0.2218915484375 0.8224486625 0.20923281718750003 0.8196565640625 0.2812596546875
1 0.8178026484375 0.352629659375 0.8908874687499999 0.3582086140625 0.8898479046875 0.29016251249999997 0.8196565640625 0.2812596546875 0.8178026484375 0.352629659375
1 0.8159098312499999 0.42467597812499996 0.8905192187500001 0.42723995156249994 0.8908291359374999 0.35922268125 0.81913274375 0.3529954421875 0.8159098312499999 0.42467597812499996
1 0.8172593546875 0.42470400625 0.8163631453125 0.4950778140625 0.8879409765625 0.4955490765625 0.8895993484375 0.4275598109375 0.8172593546875 0.42470400625
1 0.8869239140625 0.49755851250000005 0.9562906796874999 0.49730753749999995 0.9597109875 0.43003118125000006 0.8895862890625 0.4278985046875 0.8869239140625 0.49755851250000005
1 0.88614539375 0.5659050140625 0.957016184375 0.5629775953125 0.9564377421874999 0.49668660937500003 0.8874907765625 0.4955397265625 0.88614539375 0.5659050140625
1 0.7410691 0.2716534484375 0.8201397421875001 0.28052815781249996 0.82382671875 0.2093604703125 0.745368190625 0.1969172203125 0.7410691 0.2716534484375
1 0.7389249437500001 0.347547940625 0.8189742687500001 0.3522699421875 0.81967491875 0.2821875546875 0.74140713125 0.2722168203125 0.7389249437500001 0.347547940625
1 0.738354575 0.42180525781249995 0.817037909375 0.4245520671875 0.8183722265625001 0.3537091015625 0.7411747484375 0.3470383125 0.738354575 0.42180525781249995
1 0.7359192859375 0.496302421875 0.814794365625 0.49571591562500006 0.8162979140625 0.42453669843749997 0.7380165421875 0.4212418875 0.7359192859375 0.496302421875
1 0.8137502859374999 0.5682508656249999 0.8875456296875001 0.56588900625 0.88824525625 0.49580579374999995 0.813790878125 0.49676349374999995 0.8137502859374999 0.5682508656249999
1 0.8138304281250001 0.5672485234375 0.8118621015624999 0.6400863343750001 0.885463234375 0.634660915625 0.8864848859375 0.5654193203125 0.8138304281250001 0.5672485234375
1 0.7278296828124999 0.64668639375 0.8107371765625 0.64034155 0.8145064906249999 0.5683752640625 0.7332537 0.5716949484375 0.7278296828124999 0.64668639375
1 0.7348914203125 0.5708634375 0.8139104093749999 0.5677751343749999 0.8157998703124999 0.4963269640625 0.738097596875 0.49582593125 0.7348914203125 0.5708634375
1 0.9566709781249999 0.5636370796875 0.8866533515624999 0.5646869234375 0.8870626906249999 0.6347923625 0.953623275 0.6294984968749999 0.9566709781249999 0.5636370796875
1 0.8819263578125 0.7047826265625 0.9519255578125 0.6976133531250001 0.9536072687500001 0.62977674375 0.8855198421875 0.6358730218749999 0.8819263578125 0.7047826265625
1 0.8771908749999999 0.7742256734375 0.9463219828125 0.7628653375 0.9520692265624999 0.69682810625 0.8800294734375 0.7055781609375 0.8771908749999999 0.7742256734375
1 0.8036401328125 0.7852148359375 0.8768528421875 0.7736623015624999 0.88162296875 0.70454766875 0.80699255 0.7140748218749999 0.8036401328125 0.7852148359375
1 0.8066704781249999 0.713234009375 0.8819263578125 0.7047826265625 0.885614759375 0.6351535875 0.81079383125 0.6415528484374999 0.8066704781249999 0.713234009375
1 0.7254680796875 0.7221174375 0.8085353984375001 0.7129941609375 0.81083825 0.6403339875 0.7287211124999999 0.6462467828125 0.7254680796875 0.7221174375
1 0.721569834375 0.7963064484375 0.80478101875 0.7846821796875 0.8082267546875 0.714041678125 0.7251620140624999 0.7209983828125 0.721569834375 0.7963064484375
1 0.6361039765625 0.8092880515624999 0.7226107625 0.7965808796875 0.7265706468750001 0.7202780515625 0.6385359312500001 0.729730525 0.6361039765625 0.8092880515624999
1 0.6380701125 0.7303649609375 0.725732596875 0.7199385921875 0.7283516062500001 0.6445740843750001 0.728245084375 0.6451974625 0.6421606828125 0.65180885 0.6380701125 0.7303649609375
1 0.6429987328125 0.652148309375 0.72911661875 0.6462018578125 0.7338753765625 0.5719059234375 0.648746853125 0.5745935953125 0.6429987328125 0.652148309375
1 0.6468815171875 0.5743567921875 0.7345643374999999 0.571021696875 0.736372890625 0.4957128203125 0.6500959609375 0.4961045421875 0.6468815171875 0.5743567921875
1 0.6500959609375 0.4961045421875 0.7371473625 0.49630135624999994 0.7375514171875001 0.422180678125 0.6537577203125 0.417539525 0.6500959609375 0.4961045421875
1 0.6524734265625 0.417512853125 0.7397118375 0.4219034921875 0.7397493890625 0.34683963281249997 0.6552220078125 0.33989584375000004 0.6524734265625 0.417512853125
1 0.5574127390625 0.41489450625 0.6533114765625 0.4178523125 0.655632315625 0.340226421875 0.5634942046875 0.3315448890625 0.5574127390625 0.41489450625
1 0.5561365328125001 0.4967320328125 0.64966821875 0.4960956578125 0.6545796421875 0.41741489062500003 0.5587351578125 0.4142770546875 0.5561365328125001 0.4967320328125
1 0.5518792890625 0.5781855953124999 0.6469185234375 0.57371345 0.650015625 0.4967566453125 0.5565457703125001 0.49706258906249995 0.5518792890625 0.5781855953124999
1 0.5476046125 0.6599608515625001 0.6419539640624999 0.6525734640625 0.6474376734375 0.5743667328125001 0.55320170625 0.5775681453125 0.5476046125 0.6599608515625001
1 0.5429566343750001 0.7407621859375 0.6379189046875 0.7301645609375 0.6432197093750001 0.6529226125 0.5472498609375 0.65866445625 0.5429566343750001 0.7407621859375
1 0.539960440625 0.8243216078125 0.63557375 0.8098696203125 0.6370396390625 0.7305416234375001 0.5421498734375 0.7415352703125 0.539960440625 0.8243216078125
1 0.43438410000000005 0.8404998203125 0.5395697515625 0.8236685781249999 0.5421313234375 0.741857746875 0.43686870781250003 0.7525635078125 0.43438410000000005 0.8404998203125
1 0.4380640921875 0.75238624375 0.5428978984375 0.7416715765624999 0.5463406953125001 0.6595054625000001 0.4412941390625 0.66639935625 0.4380640921875 0.75238624375
1 0.4425054421875 0.6677135375 0.5463345281249999 0.6595568625 0.5519486765625 0.578412475 0.44746816718750004 0.5814405796875 0.4425054421875 0.6677135375
1 0.44698380000000004 0.582397490625 0.551019559375 0.5781113812500001 0.5576178109375001 0.49625636562500003 0.45155588125 0.495470696875 0.44698380000000004 0.582397490625
1 0.45284124375 0.49549739062500003 0.5557786046875 0.495379215625 0.5585764421875 0.414002428125 0.45519623437499995 0.40981438593749997 0.45284124375 0.49549739062500003
1 0.6554485484375 0.3388611140625 0.7399136671875 0.3467383765625 0.7403166531250001 0.272617675 0.6576953265625 0.262522709375 0.6554485484375 0.3388611140625
1 0.6572665140625 0.2625138046875 0.7411927781250001 0.272313815625 0.745029375 0.19765171406249998 0.6597180875 0.182633825 0.6572665140625 0.2625138046875
1 0.5653136234375 0.2506123484375 0.6568758265625 0.26186077343749997 0.66000055625 0.18382807343750002 0.5687328171875 0.1688193265625 0.5653136234375 0.2506123484375
1 0.5614481375 0.3327189609375 0.65584035 0.3395133625 0.6568899109374999 0.262490684375 0.5644200171875 0.2512387046875 0.5614481375 0.3327189609375
1 0.5676845421875 0.168858746875 0.46485351406250003 0.15222018125 0.46333657500000003 0.238242646875 0.56461138125 0.251708853125 0.5676845421875 0.168858746875
1 0.4583923546875 0.324193934375 0.5626354140625 0.33119372812500003 0.5641923109375 0.25194008125 0.4620930703125 0.23858638124999998 0.4583923546875 0.324193934375
1 0.453857325 0.4104765828125 0.5587329203125 0.41394368281249994 0.5623817296875 0.3314533484375 0.45757280937499994 0.3235328046875 0.453857325 0.4104765828125
1 0.34809444843750004 0.2237875078125 0.46285470625 0.2385232953125 0.4646214515625 0.1526436953125 0.3528224203125 0.13206613125 0.34809444843750004 0.2237875078125
1 0.35386909375000003 0.132910721875 0.22858980468749998 0.11054517500000001 0.22250655937500002 0.206768109375 0.347803696875 0.22497065625 0.35386909375000003 0.132910721875
1 0.3445313390625 0.31429879375 0.4584815390625 0.324076628125 0.46202975312500005 0.2395753859375 0.3491173890625 0.2250446375 0.3445313390625 0.31429879375
1 0.22407705625 0.20803580781250003 0.2190414609375 0.3051049609375 0.3455317109375 0.315966884375 0.34843173906249997 0.2245312125 0.22407705625 0.20803580781250003
1 0.345951375 0.3144224890625 0.21886350625 0.3037502421875 0.21485713125 0.3998456203125 0.3414814234375 0.405287721875 0.345951375 0.3144224890625
1 0.337586003125 0.4960296234375 0.45143988906250004 0.4959795515625 0.4545544953125 0.4103243984375 0.3409849375 0.40502218125 0.337586003125 0.4960296234375
1 0.21059406093750002 0.49656931093749995 0.2074558171875 0.5920531 0.3329803859375 0.5861078359375 0.33853434843749997 0.496740934375 0.21059406093750002 0.49656931093749995
1 0.33335483906249996 0.5864102953125 0.447002178125 0.5822827375 0.4504159171875 0.495652334375 0.3381820859375 0.49568049687500004 0.33335483906249996 0.5864102953125
1 0.20229079374999998 0.6886735203125001 0.3278125953125 0.6759457156249999 0.33258324375 0.5872420796875 0.206688959375 0.5917416890625 0.20229079374999998 0.6886735203125001
1 0.3274201421875 0.6759375640624999 0.44172998906250005 0.6671048515625 0.446985246875 0.5825770671875 0.3325879328125 0.5860996875 0.3274201421875 0.6759375640624999
1 0.203567128125 0.6886710421875 0.19647476875 0.7846620718749999 0.3234778484375 0.7666567546875 0.3283928625 0.6750898265624999 0.203567128125 0.6886710421875
1 0.3231023703125 0.766353471875 0.4368835515625 0.75308715625 0.442351128125 0.6667481921875 0.32791264062500003 0.6759188078125 0.3231023703125 0.766353471875
1 0.3194863453125 0.8565190625 0.435838253125 0.8394720687499999 0.4382726 0.7526514390625 0.3231023703125 0.766353471875 0.3194863453125 0.8565190625
1 0.1930637953125 0.8780750171875 0.3202532515625 0.85682966875 0.32268596562499996 0.766798921875 0.1964916984375 0.7843677437500001 0.1930637953125 0.8780750171875
1 0.345750834375 0.31580557656249997 0.342054790625 0.4054823953125 0.45287932656249996 0.41108105781250004 0.45790926093750006 0.32505425625 0.345750834375 0.31580557656249997
1 0.2150790140625 0.40101365468749994 0.21051755 0.49726658125 0.3373224921875 0.49623670937500003 0.34122445 0.4060698109375 0.2150790140625 0.40101365468749994