1 0.48125 0.27265625 0.0703125 0.06328125
1 0.56796875 0.49140625 0.090625 0.09140625
1 0.5546875 0.33359375 0.07578125 0.07265625
1 0.48359375 0.4078125 0.078125 0.07890625
1 0.6390625 0.40703125 0.0859375 0.08046875
1 0.4875 0.58515625 0.0953125 0.10078125
1 0.39921875 0.49453125 0.0890625 0.09375
1 0.2640625 0.3453125 0.0796875 0.075
1 0.6640625 0.5796875 0.10703125 0.1015625
1 0.7859375 0.4046875 0.090625 0.08203125
1 0.409375 0.33828125 0.075 0.0765625
1 0.728125 0.48671875 0.09765625 0.08984375
1 0.696875 0.33359375 0.08125 0.07265625
1 0.3265625 0.41640625 0.0828125 0.0828125
1 0.8296875 0.5765625 0.10859375 0.09921875
1 0.58359375 0.69140625 0.10703125 0.11484375
1 0.30859375 0.59140625 0.096875 0.103125
1 0.5609375 0.40625 0.08203125 0.07890625
1 0.2328125 0.496875 0.09765625 0.09609375
1 0.40546875 0.4125 0.08203125 0.0828125
1 0.38828125 0.69765625 0.09921875 0.115625
1 0.74765625 0.58203125 0.10546875 0.09921875
1 0.771875 0.68671875 0.1171875 0.1109375
1 0.31953125 0.49921875 0.090625 0.0921875
1 0.8625 0.6875 0.11484375 0.10390625
1 0.39453125 0.58359375 0.09296875 0.10078125
1 0.29296875 0.7046875 0.10859375 0.11484375
1 0.4828125 0.490625 0.0828125 0.08984375
1 0.1953125 0.703125 0.11875 0.115625
1 0.575 0.5828125 0.09765625 0.10234375
1 0.678125 0.68671875 0.11015625 0.11484375
1 0.4890625 0.6921875 0.096875 0.11015625
1 0.6984375 0.8140625 0.125 0.14140625
1 0.48515625 0.8203125 0.1078125 0.14140625
1 0.59296875 0.815625 0.1109375 0.13984375
1 0.7984375 0.8125 0.128125 0.1375
1 0.8984375 0.8125 0.13671875 0.14140625
1 0.3796875 0.8265625 0.10859375 0.14140625
1 0.2765625 0.8296875 0.11640625 0.140625
1 0.17265625 0.83125 0.13125 0.14140625
1 0.7538343750000001 0.44618125 0.77381484375 0.5323395828125 0.8569585937499999 0.531903125 0.8314265625000001 0.44411562499999996 0.7538343750000001 0.44618125
1 0.67659609375 0.44367812500000003 0.5996718750000001 0.445425 0.60916484375 0.53015625 0.69198046875 0.5310291671875 0.67659609375 0.44367812500000003
1 0.73617109375 0.3659364578125 0.6645125000000001 0.3664645828125 0.6769234375 0.44411562499999996 0.7535203125 0.4449885421875 0.73617109375 0.3659364578125
1 0.64381796875 0.23945937499999997 0.6524515625 0.2985625 0.72166796875 0.2997427078125 0.7077359375000001 0.2383708328125 0.64381796875 0.23945937499999997
1 0.57881328125 0.2410270828125 0.5785921875 0.241321875 0.5845625 0.3000375 0.65377890625 0.2988572921875 0.64294296875 0.23866666718750001 0.57881328125 0.2410270828125
1 0.58493515625 0.3001270828125 0.5916390625 0.3667208328125 0.66395078125 0.3679010421875 0.65377890625 0.2985625 0.58493515625 0.3001270828125
1 0.7210046875 0.2997427078125 0.73670546875 0.3681958328125 0.808575 0.3681958328125 0.79044140625 0.2970875 0.7210046875 0.2997427078125
1 0.70829765625 0.2378375 0.72255234375 0.3000375 0.789778125 0.2982677078125 0.772971875 0.2383708328125 0.70829765625 0.2378375
1 0.69513125 0.1843760421875 0.708178125 0.23866666718750001 0.77363515625 0.23984687500000001 0.7566078125 0.1852614578125 0.69513125 0.1843760421875
1 0.5721695312499999 0.1861520828125 0.57764609375 0.241340625 0.64398828125 0.2394010421875 0.63471875 0.1850770828125 0.5721695312499999 0.1861520828125
1 0.63456640625 0.18561875 0.64289765625 0.23891562500000002 0.7072406250000001 0.23891562500000002 0.69633515625 0.18556250000000002 0.63456640625 0.18561875
1 0.44816640625000004 0.188521875 0.4472578125 0.24599791718750003 0.5126906250000001 0.24430000000000002 0.51069140625 0.188521875 0.44816640625000004 0.188521875
1 0.51069140625 0.1880375 0.51097265625 0.1882854171875 0.51232734375 0.2421177078125 0.577396875 0.2406625 0.57212578125 0.186096875 0.51069140625 0.1880375
1 0.5125726562499999 0.2421489578125 0.5154171875 0.3025041671875 0.5846671875 0.3012916671875 0.5784875 0.24041979218749998 0.5125726562499999 0.2421489578125
1 0.2613859375 0.1906854171875 0.24982031249999997 0.247165625 0.31779765625 0.25444062500000003 0.32470468750000003 0.2001177078125 0.2613859375 0.1906854171875
1 0.38613906249999996 0.1930854171875 0.32488671875 0.2001177078125 0.31725234375 0.25444062500000003 0.38232187500000003 0.2481354171875 0.38613906249999996 0.1930854171875
1 0.4479375 0.2449833328125 0.4484828125 0.18968958281249998 0.3861796875 0.1922854171875 0.38613906249999996 0.1916302078125 0.38250390625 0.2476510421875 0.4479375 0.2449833328125
1 0.24963828124999998 0.2481354171875 0.23746015625 0.3092489578125 0.30871015625 0.3153125 0.31779765625 0.2546833328125 0.24963828124999998 0.2481354171875
1 0.3824234375 0.24737604218749998 0.377153125 0.3067916671875 0.44731171875 0.3050947921875 0.447675 0.244465625 0.3824234375 0.24737604218749998
1 0.38187812499999996 0.24858854218749998 0.3173828125 0.2546822921875 0.30935703124999997 0.3140677078125 0.37697109375000004 0.308246875 0.38187812499999996 0.24858854218749998
1 0.29868984374999996 0.3806604171875 0.22207109374999998 0.3769947921875 0.20683046875 0.45279791718749995 0.28740390625 0.45664999999999994 0.29868984374999996 0.3806604171875
1 0.37795078125 0.308171875 0.3087046875 0.3153885421875 0.29868984374999996 0.380309375 0.37086484375 0.3764572921875 0.37795078125 0.308171875
1 0.445753125 0.304165625 0.44509687500000006 0.3716666671875 0.51844140625 0.3696520828125 0.51585234375 0.3025885421875 0.445753125 0.304165625
1 0.2743796875 0.5448333328125 0.1875578125 0.5432010421875 0.16350859375 0.6465364578125 0.25807578124999997 0.6443604171875 0.2743796875 0.5448333328125