1 0.6436134234375 0.3198332109375 0.6396797234375 0.3734120171875 0.687556840625 0.373977609375 0.6896088296875 0.323554046875 0.6436134234375 0.3198332109375
1 0.6403965234375 0.372665928125 0.6415028390625 0.4246183546875 0.6891339171875 0.424473521875 0.68759965625 0.37371299375 0.6403965234375 0.372665928125
1 0.59103411875 0.3719751421875 0.640361796875 0.3735663234375 0.6422333203124999 0.31976545624999997 0.5913397265625 0.31583212031249996 0.59103411875 0.3719751421875
1 0.5904718109375 0.42596842031250004 0.6414641171875 0.424979559375 0.6407742359374999 0.372675965625 0.5907854171875 0.37090504375 0.5904718109375 0.42596842031250004
1 0.539244996875 0.3684960765625 0.5907466968749999 0.3712662484375 0.5908886640625 0.3157280609375 0.54098069375 0.3105012390625 0.539244996875 0.3684960765625
1 0.5384726203125 0.42663480624999994 0.5913915750000001 0.42593435468749996 0.5905033234375 0.37091549218750003 0.5385197125000001 0.36798296875 0.5384726203125 0.42663480624999994
1 0.5899476781249999 0.425808265625 0.5913106890625001 0.479909803125 0.6425303796875 0.4771136703125 0.64142561875 0.4249145953125 0.5899476781249999 0.425808265625
1 0.53985561875 0.48343482812499994 0.5910713125 0.480098871875 0.5906492578125 0.426200853125 0.5391952390625 0.42678824375 0.53985561875 0.48343482812499994
1 0.5397793203125001 0.3107253015625 0.4762304796875 0.305342959375 0.4752440453125 0.36708858125 0.5396989249999999 0.3683028578125 0.5397793203125001 0.3107253015625
1 0.47713111093749994 0.4269282953125 0.5384686265624999 0.426095615625 0.538907315625 0.36853008125 0.4769313171875 0.3675654296875 0.47713111093749994 0.4269282953125
1 0.477570765625 0.4862816453125 0.5388909609375 0.4831107859375 0.5388066703125001 0.4263391703125 0.475932403125 0.42751203125000004 0.477570765625 0.4862816453125
1 0.4768752328125 0.305363340625 0.41015145156250005 0.299855790625 0.409558909375 0.3639098375 0.47682980625000004 0.3669773703125 0.4768752328125 0.305363340625
1 0.4084915515625 0.36374956875 0.4100286609375 0.42732639843750003 0.47698388124999996 0.4280377171875 0.476833059375 0.3674166875 0.4084915515625 0.36374956875
1 0.4105624453125 0.4273066296875 0.4128928375 0.48985570312500004 0.47795344218749997 0.48684790937500005 0.475808965625 0.427157465625 0.4105624453125 0.4273066296875
1 0.4102284046875 0.299409709375 0.33665934218750004 0.2915538375 0.3368915171875 0.360420640625 0.410040465625 0.3634544625 0.4102284046875 0.299409709375
1 0.40995504531250004 0.42708253437500004 0.40850155624999995 0.3639597484375 0.337781390625 0.3602289796875 0.3386295390625 0.42751185625000004 0.40995504531250004 0.42708253437500004
1 0.339144359375 0.42744094062500004 0.3410278703125 0.49455648593749996 0.413279003125 0.48998050312499997 0.4106471421875 0.4277916171875 0.339144359375 0.42744094062500004
1 0.33635506406250004 0.2926754 0.2542519 0.2834960921875 0.256126634375 0.35649790000000003 0.3375675171875 0.3610095515625 0.33635506406250004 0.2926754
1 0.2579902953125 0.4280047640625 0.3390251265625 0.4279960765625 0.3375654859375 0.360735215625 0.255456559375 0.35602447656249997 0.2579902953125 0.4280047640625
1 0.262182028125 0.4986767796875 0.3408481546875 0.49401748124999995 0.3395275578125 0.4276214921875 0.25965383124999997 0.42744427968750004 0.262182028125 0.4986767796875
1 0.252591053125 0.284305596875 0.1611608140625 0.2764688484375 0.1660558703125 0.352102909375 0.256133084375 0.35634211875 0.252591053125 0.284305596875
1 0.17061261249999998 0.4270008734375 0.2589902953125 0.42796772812499995 0.256133084375 0.35634211875 0.16605402656249998 0.3518538578125 0.17061261249999998 0.4270008734375
1 0.172277153125 0.426690103125 0.1751841328125 0.5038937812500001 0.2608521078125 0.4992249078125 0.25849625625 0.4278785359375 0.172277153125 0.426690103125
1 0.1755782921875 0.5031590109375 0.1814778828125 0.5792541046874999 0.264101534375 0.568712778125 0.2608594234375 0.49941432187499996 0.1755782921875 0.5031590109375
1 0.2615835734375 0.49897588437499996 0.264773459375 0.5694358859374999 0.343076421875 0.5607996875000001 0.34075855 0.4948086265625 0.2615835734375 0.49897588437499996
1 0.34125154687500003 0.49452923281250005 0.343076421875 0.5607996875000001 0.415716846875 0.553121209375 0.4122228671875 0.48996650624999993 0.34125154687500003 0.49452923281250005
1 0.47989616875 0.4871395203125 0.48233387031249997 0.54615520625 0.5409818453125 0.5402424625 0.5390365046875 0.4828000015625 0.47989616875 0.4871395203125
1 0.47822339999999997 0.48645348281249995 0.4125561140625 0.49013247031249996 0.416692440625 0.5533247125 0.48230674531249995 0.5463711875 0.47822339999999997 0.48645348281249995
1 0.4166869015625 0.552576925 0.42149599687499995 0.6164922421875 0.486111571875 0.6058692546875 0.48194222499999995 0.5466591000000001 0.4166869015625 0.552576925
1 0.34204831874999997 0.5605785296875 0.3465395765625 0.6267502296874999 0.4208250765625 0.61601885 0.4159912859375 0.5532179 0.34204831874999997 0.5605785296875
1 0.3418604953125 0.5611121781249999 0.264561228125 0.570210075 0.26808842187500004 0.641155821875 0.3468677890625 0.6265787375 0.3418604953125 0.5611121781249999
1 0.264555684375 0.5694616546875 0.1809264984375 0.5792928625 0.1834990171875 0.656508928125 0.268506009375 0.6407325328125 0.264555684375 0.5694616546875
1 0.2679793125 0.6403404218750001 0.2715120421875 0.7120339578125 0.350754059375 0.6951331640625 0.347236375 0.6268394984375 0.2679793125 0.6403404218750001
1 0.267095021875 0.6403731734375 0.1831802328125 0.6566984062500001 0.1840734421875 0.7322315640625 0.271602284375 0.712241165625 0.267095021875 0.6403731734375
1 0.183736134375 0.7317451828125 0.1863168859375 0.8099586890625 0.274498803125 0.784496971875 0.2722912921875 0.7115068546875001 0.183736134375 0.7317451828125
1 0.2738194890625 0.7827763937500001 0.3520311109375 0.7619234140625 0.35086570156249997 0.6950360828125 0.2712959875 0.7122917109375 0.2738194890625 0.7827763937500001
1 0.1912174828125 0.8863405359375 0.2766923796875 0.8554921109375 0.2745289859375 0.784579946875 0.186657040625 0.810943203125 0.1912174828125 0.8863405359375
1 0.2756960734375 0.856027884375 0.35654168125 0.8305881296875001 0.3535649421875 0.7624432484375 0.2744914140625 0.7834995 0.2756960734375 0.856027884375
1 0.4205164703125 0.61609983125 0.42543588750000005 0.680310134375 0.49162785937500003 0.6670572609375001 0.488029684375 0.60625978125 0.4205164703125 0.61609983125
1 0.4200631203125 0.6167134984375 0.34716917812500003 0.6271201921875 0.3510132375 0.6948801359375001 0.42620313593750003 0.67998770625 0.4200631203125 0.6167134984375
1 0.3507329796875 0.69468249375 0.3537448203125 0.762889934375 0.42992529375000005 0.7448632546875 0.42582411562500005 0.6800289312500001 0.3507329796875 0.69468249375
1 0.42908844999999995 0.7446862265624999 0.4930194765625 0.7275299046875 0.49034650468749996 0.6674328734375 0.4262402984375 0.6799863296875001 0.42908844999999995 0.7446862265624999
1 0.43111738125 0.809421525 0.498128340625 0.7876619093749999 0.4935365359375 0.7266211296875 0.42994270625000003 0.7445907265625 0.43111738125 0.809421525
1 0.3577057421875 0.8305734687499999 0.43130364375 0.8091332578125 0.429532296875 0.74507065625 0.35456482500000003 0.7621621546874999 0.3577057421875 0.8305734687499999
1 0.5920948640625 0.48027593749999997 0.595376146875 0.5338771078125 0.6458307953125 0.5294198453125001 0.6425677109375 0.47713504999999995 0.5920948640625 0.48027593749999997
1 0.641307484375 0.4251617671875 0.6425598484374999 0.47732818750000006 0.69042779375 0.47426038125 0.689437890625 0.42388119375000005 0.641307484375 0.4251617671875
1 0.6422694 0.47712333593749995 0.646698853125 0.5298189125 0.6919529421874999 0.5244749515625 0.6904475703124999 0.47464913593749997 0.6422694 0.47712333593749995
1 0.591234590625 0.4799012421875 0.53874698125 0.482492053125 0.5409025578125 0.5398034328125 0.5950896078125 0.533971815625 0.591234590625 0.4799012421875
1 0.6977776515625 0.5746080484375 0.6922120546875 0.5243275171875 0.646125096875 0.5292325375 0.6505153234375001 0.58153691875 0.6977776515625 0.5746080484375
1 0.6006607500000001 0.5889930125 0.651673834375 0.58214146875 0.646125096875 0.5292325375 0.5950584078125 0.5337516703125 0.6006607500000001 0.5889930125
1 0.5944863390624999 0.5344196859375 0.5420195062500001 0.539815175 0.5467681703125 0.5965986640625001 0.6015228203125 0.588811865625 0.5944863390624999 0.5344196859375
1 0.54105705 0.5397882265625 0.48311527656250003 0.5460333187499999 0.48760225 0.6064943828125 0.5463868749999999 0.5967891937500001 0.54105705 0.5397882265625
1 0.4861580859375 0.6063322624999999 0.4909307140625 0.6663508953124999 0.549410153125 0.6549074765625 0.5448050875 0.5973226234375 0.4861580859375 0.6063322624999999
1 0.5460953171875 0.5967765968750001 0.551137534375 0.6544122812500001 0.60529819375 0.6439918859375 0.6021571109375 0.5887883734375 0.5460953171875 0.5967765968750001
1 0.6017168749999999 0.5888913 0.6061598609375001 0.6435281234375 0.654847184375 0.6341735125 0.6506404609375 0.5820071296875 0.6017168749999999 0.5888913
1 0.698965921875 0.57421185625 0.6519947937499999 0.5815611578125 0.6552705296875 0.6342994640625 0.7020346078124999 0.625686309375 0.698965921875 0.57421185625
1 0.6564226484375 0.634041184375 0.6588271296875 0.6859486921875 0.7046197328125 0.6754070078125001 0.7020346078124999 0.625686309375 0.6564226484375 0.634041184375
1 0.655552990625 0.633425934375 0.6051407328125 0.643491890625 0.6075683359374999 0.6986352078125 0.6587061828125 0.6859304093749999 0.655552990625 0.633425934375
1 0.6598034265625 0.7398514734375 0.7099060609375 0.7269921703125 0.7049427234375 0.675671353125 0.6573861578125 0.6862176703125 0.6598034265625 0.7398514734375
1 0.6105696 0.753325425 0.6609571421875 0.73980874375 0.65870794375 0.6861680828125001 0.6084379906249999 0.699249825 0.6105696 0.753325425
1 0.554147090625 0.769871071875 0.6114321171875 0.7528622625 0.6084316046875 0.698387625 0.5514226468750001 0.7136600734375 0.554147090625 0.769871071875
1 0.607830140625 0.69873679375 0.6048264296875 0.643830421875 0.550623353125 0.6547974187500001 0.55225491875 0.7128774625000001 0.607830140625 0.69873679375
1 0.49293608750000006 0.728019853125 0.552253321875 0.7126619125 0.550379359375 0.6544770343749999 0.4904621484375 0.6666211625 0.49293608750000006 0.728019853125
1 0.49885923437499996 0.7875640234375 0.55412004375 0.76998335625 0.5523226640625001 0.7128989796874999 0.4932249390625 0.7280091546875 0.49885923437499996 0.7875640234375
0 0.164246334375 0.9269337671875 0.7338830171875 0.7460305859374999 0.7162372375 0.30831548125 0.125446709375 0.24386130156250002 0.164246334375 0.9269337671875