1 0.72743386875 0.7136681874999999 0.7811943796875 0.6936233859375001 0.770734665625 0.6306588203125 0.712329434375 0.64756635 0.72743386875 0.7136681874999999
1 0.703293878125 0.5810240921875 0.7123663796875 0.6479824890625 0.7706636078125 0.6306091281249999 0.7622826046875 0.5664587015625 0.703293878125 0.5810240921875
1 0.69218936875 0.51684276875 0.702462409375 0.5813058890625 0.7618663156250001 0.5667302953125 0.75093018125 0.505896096875 0.69218936875 0.51684276875
1 0.6836194703125 0.45233994062500005 0.6919093265625 0.5168839015625 0.751687325 0.504909021875 0.74228258125 0.4437236265625 0.6836194703125 0.45233994062500005
1 0.6760063171875 0.3877186375 0.6834357640625 0.4521778546875 0.7418787265625 0.44372949687499996 0.73610626875 0.38247425625 0.6760063171875 0.3877186375
1 0.7308557640625 0.319621775 0.6705308359375 0.32196694843749996 0.6769241171875 0.38722239375 0.7359849140625 0.38158414375 0.7308557640625 0.319621775
1 0.72511525625 0.258635090625 0.6645575421875 0.2583481015625 0.67208135 0.3228455703125 0.731151003125 0.3197213828125 0.72511525625 0.258635090625
1 0.7222024375 0.196570334375 0.6595837921875 0.19332777031249998 0.6653720453124999 0.25852443593749996 0.7252914625 0.25866198906250004 0.7222024375 0.196570334375
1 0.6599785203125 0.1932697953125 0.5964286234375 0.188535871875 0.601699975 0.25691842187499997 0.6644141125 0.25831505312499997 0.6599785203125 0.1932697953125
1 0.66472896875 0.25802695937500003 0.6018194671875 0.2560123109375 0.6091024390625 0.324543009375 0.671398434375 0.32214283125 0.66472896875 0.25802695937500003
1 0.6714319046874999 0.3229255953125 0.6089793203125 0.32380548125 0.6150660625000001 0.3923642328125 0.6767482765625 0.38735177656249997 0.6714319046874999 0.3229255953125
1 0.677142284375 0.38724513437499997 0.6148297640625 0.39195466093750003 0.6209295046875 0.46065981875000006 0.6833995890625 0.45236889687500004 0.677142284375 0.38724513437499997
1 0.6833026984374999 0.45214996406249996 0.62093376875 0.460717984375 0.6287430656249999 0.5284311328125 0.6908394437500001 0.5167931796875 0.6833026984374999 0.45214996406249996
1 0.6917067703125 0.5175543499999999 0.628336290625 0.5283432328125001 0.6388393390625 0.5971418859375001 0.702556434375 0.5815432828125 0.6917067703125 0.5175543499999999
1 0.7022199890625 0.581740346875 0.63902845 0.5967967671875 0.6476496265625 0.6669087046875 0.711661034375 0.647585021875 0.7022199890625 0.581740346875
1 0.711129403125 0.6477138828125 0.647880621875 0.6666295875 0.6645364218750001 0.7349688203125 0.7273023484375 0.712866421875 0.711129403125 0.6477138828125
1 0.6477948312499999 0.6671646359375 0.577866975 0.6873573140625 0.5941235734375 0.7601979875 0.6645527718750001 0.734919653125 0.6477948312499999 0.6671646359375
1 0.6388609625 0.5972028468749999 0.5668211890625 0.6138555125 0.5778979640624999 0.686864390625 0.64685194375 0.666962396875 0.6388609625 0.5972028468749999
1 0.6285942125 0.528813765625 0.5564143734375 0.5416367921874999 0.5676486875 0.6141782499999999 0.63845366875 0.5968250703125 0.6285942125 0.528813765625
1 0.5666886984375 0.6146152171875 0.48938943437500004 0.632780628125 0.4988707203125 0.7103183390625001 0.5777265390624999 0.6871855328125 0.5666886984375 0.6146152171875
1 0.557610603125 0.541608740625 0.4792623890625 0.5569672390625 0.48898176875 0.6326928578125 0.566889765625 0.6146685265625 0.557610603125 0.541608740625
1 0.49896365 0.710746296875 0.5128084796875 0.78793973125 0.5934061078124999 0.7596640046875 0.5765453109374999 0.6867637578125 0.49896365 0.710746296875
1 0.6289179015624999 0.5284121359375 0.6215153796874999 0.4607868875 0.548313359375 0.47109436718750003 0.556475015625 0.541893784375 0.6289179015624999 0.5284121359375
1 0.47958690937500004 0.55656481875 0.5575525640625 0.54141149375 0.5479375546874999 0.47047278593749997 0.4701289375 0.48154172031250003 0.47958690937500004 0.55656481875
1 0.5478860890624999 0.4712727015625 0.621259475 0.46064342031249994 0.6156494640625 0.3919257921875 0.54126455625 0.3989422890625 0.5478860890624999 0.4712727015625
1 0.4710089703125 0.48145187968750003 0.5481815265625001 0.4708571828125 0.5414145640625 0.3991407265625 0.46314195625 0.406342753125 0.4710089703125 0.48145187968750003
1 0.5412124140625 0.39965344687500004 0.6152530828125 0.3920361234375 0.608364834375 0.3234474484375 0.5340386171875 0.32784843124999996 0.5412124140625 0.39965344687500004
1 0.46217718124999996 0.40726345156250005 0.5421983421875 0.3995086359375 0.5342012296875 0.328117840625 0.4548754296875 0.3317753359375 0.46217718124999996 0.40726345156250005
1 0.44766953593750003 0.25636266406249997 0.455313190625 0.331207965625 0.5344038656250001 0.3279250625 0.5270506625 0.257142521875 0.44766953593750003 0.25636266406249997
1 0.6024372890625 0.2564079359375 0.5262225140625 0.25753273125 0.533476865625 0.3279930734375 0.608105525 0.32426987343749997 0.6024372890625 0.2564079359375
1 0.5968750796875 0.1892533 0.5249382828125 0.1845660359375 0.5264198765625 0.25750374374999996 0.6009944796875 0.25654970312500003 0.5968750796875 0.1892533
1 0.5243930265625 0.18435884375 0.44305841093750004 0.17957141875 0.4462960734375 0.256545021875 0.526126128125 0.256954290625 0.5243930265625 0.18435884375
1 0.4982991796875 0.7111338453125 0.41388662500000006 0.7367223078125 0.4238927921875 0.8208010359375001 0.513014659375 0.7877564546875 0.4982991796875 0.7111338453125
1 0.413367815625 0.7366101078125 0.314632271875 0.7669405953124999 0.327442378125 0.8568254109375 0.42341418124999997 0.8206141171875 0.413367815625 0.7366101078125
1 0.4124796875 0.7380593671875 0.4993028875 0.710986421875 0.48928987656249995 0.6325620875 0.4022880296875 0.6547621578125 0.4124796875 0.7380593671875
1 0.40294159062499996 0.6550429671875 0.3046656546875 0.679087353125 0.31496908281249997 0.7665143203125 0.41234129062499997 0.736814996875 0.40294159062499996 0.6550429671875
1 0.40292180625 0.6555302390625 0.4881164625 0.6330297328125 0.480177109375 0.556416 0.39361524531250003 0.5736102437499999 0.40292180625 0.6555302390625
1 0.394301253125 0.5727552078125 0.29506064374999996 0.59166536875 0.3041261734375 0.6794625562500001 0.4026261390625 0.6557199781249999 0.394301253125 0.5727552078125
1 0.3917830328125 0.57409314375 0.47872844375 0.5569888765625 0.47074961562500006 0.481705765625 0.3833285375 0.493178409375 0.3917830328125 0.57409314375
1 0.3841557125 0.49286851406250004 0.28667782656249996 0.5058670484375 0.2946405203125 0.592695140625 0.3927884234375 0.5738125234375 0.3841557125 0.49286851406250004
1 0.2779086703125 0.42141822968750003 0.286743871875 0.5066109546875001 0.3830381703125 0.49251488437499996 0.3738250015625 0.41373656406250003 0.2779086703125 0.42141822968750003
1 0.46226299062500004 0.40632286874999995 0.374224621875 0.41397717500000003 0.3847730125 0.492700346875 0.47045492343750006 0.481541275 0.46226299062500004 0.40632286874999995
1 0.4544134609375 0.3309339171875 0.36649674375 0.3342371140625 0.3735811875 0.41403359999999995 0.4623890421875 0.40642394375 0.4544134609375 0.3309339171875
1 0.44672087656250004 0.256125865625 0.360699675 0.254627678125 0.368035771875 0.33438786875000004 0.454285915625 0.3308971984375 0.44672087656250004 0.256125865625
1 0.44431721875 0.1803699578125 0.3530329171875 0.1743688859375 0.35819103750000003 0.2553736140625 0.44668785624999996 0.2557539125 0.44431721875 0.1803699578125
1 0.3672709453125 0.3350246578125 0.2707940015625 0.3363816671875 0.278072775 0.4212377921875 0.373520778125 0.41400238749999996 0.3672709453125 0.3350246578125
1 0.35859882656250003 0.2545193578125 0.2624445890625 0.25092918750000004 0.269287996875 0.336602865625 0.366058790625 0.33514724375 0.35859882656250003 0.2545193578125
1 0.35283571875 0.1752924234375 0.2593654140625 0.1647139828125 0.262428078125 0.25074321093749996 0.3586418984375 0.254750871875 0.35283571875 0.1752924234375
1 0.25909811718750003 0.164584215625 0.14069550625 0.153137453125 0.15007034531250002 0.24729954531249998 0.26217186406250004 0.2511643265625 0.25909811718750003 0.164584215625
1 0.2630064453125 0.25052197187499997 0.15205224687500002 0.24675791406249997 0.16216441406249998 0.3378026265625 0.26934934843749997 0.33619834375 0.2630064453125 0.25052197187499997
1 0.13898540625 0.15308865625 0.0174451515625 0.140598203125 0.030199390625 0.2385270265625 0.1496955578125 0.2470546203125 0.13898540625 0.15308865625
1 0.15123521874999998 0.246948734375 0.028979650000000003 0.23782362968749998 0.0388159828125 0.337183834375 0.16161178437499998 0.3376746828125 0.15123521874999998 0.246948734375
1 0.2707071890625 0.3352212484375 0.1623493140625 0.3378462859375 0.1715044109375 0.4295333078125 0.2773749171875 0.4217565125 0.2707071890625 0.3352212484375
1 0.16201593281249999 0.337895253125 0.039461684375 0.33683846093750003 0.047316115625 0.43674029687499993 0.17007983437500002 0.4288660125 0.16201593281249999 0.337895253125
1 0.27833996875 0.420798359375 0.17155541875 0.42971221406250004 0.1809348890625 0.520112271875 0.2863470875 0.506706646875 0.27833996875 0.420798359375
1 0.1718676765625 0.4294151484375 0.047367121875 0.43691920156249997 0.0559331796875 0.5372182546875 0.17962064375 0.5205558406249999 0.1718676765625 0.4294151484375
1 0.28796951718749997 0.5063968609375 0.1802223734375 0.519715190625 0.18859528125 0.61402444375 0.2951950578125 0.5915968546875 0.28796951718749997 0.5063968609375
1 0.1799768734375 0.520754053125 0.055911224999999995 0.5369709453125 0.063564128125 0.6384069218749999 0.187883653125 0.6136272296875 0.1799768734375 0.520754053125
1 0.304385021875 0.6790711171875 0.1969553390625 0.7073875625 0.20312202968749998 0.8035260734375 0.31460512343749997 0.7663406265625 0.304385021875 0.6790711171875
1 0.31292011875000003 0.76758891875 0.20497201875 0.8014986046875 0.2158322984375 0.9009596156249999 0.32632930937500004 0.8565018562500001 0.31292011875000003 0.76758891875
1 0.20403865156249998 0.80241803125 0.0777863984375 0.8435298171875001 0.08737176875 0.947691709375 0.211761284375 0.900835353125 0.20403865156249998 0.80241803125
1 0.0703798828125 0.741054846875 0.078141796875 0.8437288203125 0.20362568125 0.8025241171875 0.1959340890625 0.7073170921874999 0.0703798828125 0.741054846875
1 0.18874855 0.6135596546875 0.1977891734375 0.7077715046875 0.3038329015625 0.6785228703125 0.2964152953125 0.5917276234375 0.18874855 0.6135596546875
1 0.188414278125 0.6136087531250001 0.063070865625 0.6382882984375 0.0701440546875 0.7408128953124999 0.1966785921875 0.7075063765625 0.188414278125 0.6136087531250001
0 0 0.38262301249999997 0.056797439062499996 0.9908936125000001 0.8060894 0.7076345296875 0.7470394390624999 0.17003085 0 0.1018792171875 0 0.38262301249999997