1 0.9208391203703703 0.47692708333333333 0.08505787037037038 0.09121527777777771
1 0.9147106481481482 0.6502430555555556 0.10657407407407397 0.11167824074074062
1 0.9609230324074074 0.6241087962962963 0.07815393518518512 0.10224537037037038
1 0.7355266203703703 0.11711805555555557 0.095173611111111 0.10378472222222221
1 0.8407581018518518 0.4169849537037037 0.08864583333333335 0.09905092592592588
1 0.7108564814814814 0.45194444444444437 0.1098842592592593 0.11482638888888878
1 0.5947858796296297 0.37767939814814816 0.12781249999999994 0.1274537037037037
1 0.6572800925925926 0.5757118055555555 0.13618055555555558 0.13688657407407412
1 0.5930613425925927 0.1113773148148148 0.11503472222222229 0.12267361111111112
1 0.6465798611111111 0.2765451388888889 0.11797453703703695 0.1195717592592592
1 0.7508391203703704 0.3491608796296296 0.09848379629629633 0.10693287037037039
1 0.46395833333333336 0.2915914351851852 0.14317129629629638 0.14943287037037037
1 0.6938310185185185 0.19099537037037037 0.1033564814814815 0.11009259259259259
1 0.5306886574074074 0.19212962962962962 0.13480324074074074 0.14000000000000004
1 0.8583854166666667 0.6880902777777778 0.11494212962962962 0.12111111111111121
1 0.7943402777777778 0.7274421296296296 0.12965277777777776 0.13215277777777779
1 0.8028414351851852 0.5150983796296297 0.10501157407407398 0.11166666666666672
1 0.5356481481481481 0.49984375 0.1442708333333332 0.14163194444444435
1 0.7646122685185185 0.6342939814814814 0.11797453703703695 0.11957175925925938
1 0.7372280092592594 0.5411631944444444 0.11641203703703695 0.11956018518518512
1 0.5006423611111112 0.10678819444444443 0.1314004629629629 0.13528935185185187
1 0.6336284722222223 0.8223032407407407 0.1512615740740742 0.15417824074074069
1 0.6783738425925925 0.3650231481481482 0.1098842592592593 0.11482638888888888
1 0.6848032407407407 0.6711863425925926 0.13461805555555556 0.13687500000000002
1 0.3965046296296296 0.10211226851851851 0.1480439814814815 0.1525925925925926
1 0.5987037037037037 0.7205266203703704 0.1529166666666665 0.15575231481481477
1 0.7227141203703704 0.7706423611111111 0.1414236111111112 0.1462962962962962
1 0.42853009259259256 0.1944965277777778 0.14482638888888885 0.15100694444444446
1 0.3790856481481482 0.4143460648148148 0.16716435185185183 0.15898148148148153
1 0.4580034722222222 0.6523263888888888 0.17056712962962967 0.1636921296296297
1 0.30991898148148145 0.19596064814814815 0.16799768518518512 0.17304398148148148
1 0.5669907407407407 0.6070601851851851 0.14758101851851854 0.14478009259259253
1 0.6280555555555555 0.47788194444444443 0.12928240740740726 0.12590277777777778
1 0.2764236111111111 0.10512731481481481 0.1584259259259259 0.1432986111111111
1 0.49433449074074076 0.3956770833333333 0.14445601851851855 0.14475694444444445
1 0.4892129629629629 0.770474537037037 0.1759027777777778 0.17466435185185195
1 0.5311284722222223 0.8847974537037038 0.17618055555555562 0.17935185185185176
1 0.3435127314814815 0.3016319444444444 0.16587962962962965 0.16365740740740745
1 0.41659143518518515 0.5333217592592593 0.1621990740740742 0.1542592592592591
1 0.20206597222222222 0.31307870370370366 0.20348379629629632 0.1920486111111111
1 0.28379629629629627 0.5721643518518519 0.20265046296296294 0.177986111111111
1 0.32112268518518516 0.7012905092592593 0.20770833333333333 0.18427083333333344
1 0.24159722222222219 0.43987847222222226 0.1993402777777778 0.17483796296296283
1 0.16309027777777776 0.1956539351851852 0.20192129629629632 0.192037037037037
1 0.36093171296296295 0.8327777777777777 0.2082638888888889 0.19364583333333343
1 0.14012731481481483 0.12442129629629631 0.17744212962962963 0.12157407407407406
1 0.3972337962962963 0.9298032407407408 0.20842592592592588 0.14039351851851833
1 0.6922716671875 0.080900771875 0.615223553125 0.0756241953125 0.6433975890625 0.1554583921875 0.7172567171875001 0.1561223453125 0.6922716671875 0.080900771875
1 0.6462052765624999 0.1550352140625 0.5620839921874999 0.155161840625 0.593639353125 0.24148221875 0.6736999453125 0.2366536046875 0.6462052765624999 0.1550352140625
1 0.5959636171875 0.24086688125000003 0.5022515109375 0.2477044375 0.533990478125 0.3423198140625 0.6263866015625 0.32997245468749997 0.5959636171875 0.24086688125000003
1 0.6741587046874999 0.2364771390625 0.7044748828125 0.3191693140625 0.771464640625 0.309642409375 0.7450160671875 0.2320307 0.6741587046874999 0.2364771390625
1 0.8074068359375 0.22802212187499998 0.7456924125 0.23173169843750002 0.7734113375 0.3090070875 0.831476175 0.3007942046875 0.8074068359375 0.22802212187499998
1 0.7813313843749999 0.15662615 0.717272884375 0.15569421249999998 0.7449931421875 0.23212695156250002 0.807948803125 0.2278182171875 0.7813313843749999 0.15662615
1 0.8321474171875 0.29956046875000003 0.7721423203125 0.308500759375 0.7973836999999999 0.3866421890625 0.8558423828124999 0.3735490171875 0.8321474171875 0.29956046875000003
1 0.9568615578124999 0.5013877421874999 0.9048047734375 0.5216698375 0.9250789156250001 0.59680571875 0.9723134859375 0.5728006109375 0.9568615578124999 0.5013877421874999
1 0.872258809375 0.6257904265625001 0.9237214796875 0.5966654890624999 0.9244001984375 0.5967356046875001 0.9045024125 0.5217498875000001 0.8478415609375001 0.5460005265625 0.872258809375 0.6257904265625001
1 0.8470133390625 0.5444702718750001 0.7850713046875 0.5706195921874999 0.8106132140625 0.6558617234375 0.8714296515625 0.6252596296874999 0.8470133390625 0.5444702718750001
1 0.8806075515625 0.44757257343749995 0.8243312453125 0.4649713109375 0.847916915625 0.5462312828125 0.9039738625 0.5221396203124999 0.8806075515625 0.44757257343749995
1 0.734400371875 0.401338159375 0.7605884875 0.48537482968749995 0.8235766265625 0.4652513546875 0.7981920546875 0.3867474265625 0.734400371875 0.401338159375
1 0.856139196875 0.374747409375 0.8809886140625001 0.44792169531250003 0.9320608609375001 0.4313442890625 0.9092265390625001 0.3614205375 0.856139196875 0.374747409375
1 0.885756484375 0.2934218328125 0.83280983125 0.3004961359375 0.8561977640625 0.37403660156249996 0.9090057843749999 0.36173239218750003 0.885756484375 0.2934218328125
1 0.8612088109375 0.2240193203125 0.8074718234375 0.22771092343750002 0.832593440625 0.30079240625 0.8852696874999999 0.29276703125000003 0.8612088109375 0.2240193203125
1 0.8355021062500001 0.1568391140625 0.781049771875 0.15545259375 0.808265121875 0.22821875 0.86164096875 0.2243837734375 0.8355021062500001 0.1568391140625
1 0.8112387140624999 0.09214998437500001 0.7542630703125 0.085924103125 0.7798200765625001 0.15649599375 0.8358420515624999 0.1572649515625 0.8112387140624999 0.09214998437500001