1 0.28268518518518515 0.773269675925926 0.09326388888888885 0.09376157407407408
1 0.24756944444444445 0.6444212962962963 0.09009259259259253 0.0920370370370371
1 0.20930555555555555 0.5149537037037037 0.09009259259259261 0.0920370370370371
1 0.29819444444444443 0.5572916666666666 0.09160879629629637 0.0905555555555555
1 0.3189814814814815 0.6250694444444445 0.09799768518518519 0.09556712962962965
1 0.39425347222222223 0.6039525462962964 0.10277777777777777 0.09893518518518504
1 0.35336805555555556 0.4652314814814815 0.10116898148148153 0.09729166666666664
1 0.3381134259259259 0.6898032407407408 0.0996990740740741 0.10033564814814824
1 0.4524131944444445 0.5070428240740741 0.10277777777777786 0.09893518518518522
1 0.22692708333333336 0.29104166666666664 0.10130787037037034 0.10197916666666665
1 0.5665335648148149 0.5558969907407407 0.11716435185185184 0.11060185185185176
1 0.2621354166666666 0.4230150462962963 0.09960648148148152 0.09721064814814806
1 0.5245196759259259 0.40549768518518514 0.11716435185185184 0.11060185185185176
1 0.4184201388888889 0.3632696759259259 0.110775462962963 0.10559027777777778
1 0.6408217592592592 0.4487615740740741 0.12189814814814817 0.11240740740740751
1 0.4841377314814815 0.2573611111111111 0.11716435185185184 0.11060185185185185
1 0.4343344907407407 0.7419328703703704 0.10287037037037035 0.10206018518518523
1 0.6109837962962963 0.7092997685185185 0.1188194444444445 0.11380787037037052
1 0.3790277777777778 0.22212384259259257 0.1108680555555555 0.10871527777777779
1 0.4189467592592592 0.6715277777777777 0.10287037037037035 0.10206018518518523
1 0.5986226851851851 0.29211226851851857 0.12516203703703715 0.1172569444444445
1 0.5004918981481481 0.6508680555555555 0.11550925925925917 0.10739583333333336
1 0.31870949074074073 0.3254050925925926 0.10599537037037035 0.10222222222222221
1 0.6854340277777778 0.6076331018518518 0.12516203703703715 0.1172569444444445
1 0.5542187500000001 0.14027199074074073 0.1268634259259258 0.12202546296296299
1 0.7227141203703704 0.3341898148148148 0.1346759259259258 0.12243055555555556
1 0.47804976851851855 0.5800462962962963 0.11077546296296284 0.10559027777777778
1 0.39993055555555557 0.29380787037037037 0.10916666666666668 0.1039467592592593
1 0.43622106481481476 0.43589699074074073 0.10760416666666668 0.1038657407407408
1 0.7722222222222223 0.499849537037037 0.1330208333333333 0.11922453703703706
1 0.6788368055555555 0.1737152777777778 0.13642361111111115 0.12876157407407404
1 0.5884027777777778 0.6337905092592593 0.11560185185185183 0.11052083333333336
1 0.6600462962962963 0.09409722222222222 0.13642361111111115 0.12876157407407407
1 0.5776736111111112 0.21886574074074075 0.12208333333333332 0.11865740740740742
1 0.6674479166666667 0.5287557870370371 0.12033564814814816 0.11232638888888893
1 0.5447106481481482 0.4795659722222222 0.11394675925925916 0.10731481481481478
1 0.8194560185185186 0.667974537037037 0.13954861111111114 0.12892361111111103
1 0.5051331018518519 0.3321701388888889 0.1155555555555555 0.10895833333333335
1 0.7030960648148149 0.2530497685185185 0.13472222222222213 0.12399305555555555
1 0.7965509259259258 0.5815277777777779 0.1363773148148148 0.12719907407407405
1 0.6213194444444444 0.3715277777777778 0.1235069444444445 0.11405092592592592
1 0.747662037037037 0.4103587962962963 0.13145833333333332 0.11914351851851848
1 0.866568287037037 0.38306712962962963 0.15190972222222215 0.12488425925925925
1 0.8175173611111111 0.20642939814814812 0.14910879629629648 0.13565972222222217
1 0.8902314814814816 0.4686921296296296 0.15214120370370382 0.13269675925925917
1 0.9146527777777778 0.5534953703703703 0.15228009259259281 0.13738425925925918
1 0.8412037037037037 0.2928356481481481 0.15048611111111115 0.12949074074074077
1 0.7948206018518519 0.1270138888888889 0.14915509259259246 0.1372222222222222
1 0.7696412037037037 0.05627314814814814 0.1538888888888888 0.11254629629629628
1 0.9311226851851853 0.6421643518518518 0.13775462962962948 0.13910879629629633
1 0.433080659375 0.24034563593749997 0.5217291609375 0.203601375 0.5005350890625 0.12860764687499998 0.4112969875 0.170454009375 0.433080659375 0.24034563593749997
1 0.2878770765625 0.37900094218749997 0.3069093328125 0.4443745734375 0.38580311875 0.4182147140625 0.36815594687500003 0.3485830859375 0.2878770765625 0.37900094218749997
1 0.254559246875 0.5360532703125 0.3277989265625 0.5130732359375 0.3080103765625 0.44484889843750003 0.23528781250000003 0.471458909375 0.254559246875 0.5360532703125
1 0.346725840625 0.580044784375 0.42333874375 0.556420015625 0.40532158437500004 0.4872794265625 0.32609958125 0.5124525249999999 0.346725840625 0.580044784375
1 0.1846917140625 0.5583889 0.20395129375 0.621461234375 0.27178681718750003 0.6024041109375 0.253254271875 0.5368280046875 0.1846917140625 0.5583889
1 0.2180757671875 0.40693410625000004 0.151327615625 0.43248715000000004 0.16795984375 0.4969309796875 0.2353604578125 0.47275118281250006 0.2180757671875 0.40693410625000004
1 0.1506004 0.4327078015625 0.216914865625 0.40748275156249997 0.20118707656249998 0.34158695625 0.132933296875 0.37112945 0.1506004 0.4327078015625
1 0.133348896875 0.3713610796875 0.2012890921875 0.34194793125 0.1853199828125 0.2761253609375 0.117883921875 0.3085612953125 0.133348896875 0.3713610796875
1 0.218407440625 0.406245140625 0.2886775359375 0.3782495265625 0.27257977499999997 0.3101091640625 0.20051098281250002 0.3419885 0.218407440625 0.406245140625
1 0.2705056703125 0.3110102984375 0.35058040625000003 0.27801171875 0.331618321875 0.20885359062500003 0.2541179015625 0.2447457171875 0.2705056703125 0.3110102984375
1 0.241873165625 0.7462948296875 0.31201072343749997 0.730148984375 0.291522903125 0.6657281765625 0.2226823515625 0.6846299296875 0.241873165625 0.7462948296875
1 0.3295323375 0.79611425 0.404125315625 0.782441990625 0.385380809375 0.71486446875 0.3132375234375 0.7309560359375 0.3295323375 0.79611425
1 0.4854251609375 0.766866246875 0.5720407453125 0.75149080625 0.5524374015625 0.6771533734374999 0.46536359374999997 0.6972850515625 0.4852100765625 0.7665167859375 0.4854251609375 0.766866246875
1 0.6684514874999999 0.73356504375 0.7732148328124999 0.71471559375 0.7506063578125 0.633598734375 0.64653166875 0.6560033125 0.6684514874999999 0.73356504375