1 0.11619696875 0.36423063437500003 0.1801143125 0.3741502578125 0.19082962187500002 0.3070647921875 0.12851043125 0.30072616406249997 0.11619696875 0.36423063437500003
1 0.191107746875 0.30693859375 0.1990029984375 0.23864887031249998 0.13405598125 0.2354854640625 0.12890083593749999 0.30005032656249997 0.191107746875 0.30693859375
1 0.16554060937499998 0.4397520015625 0.178797965625 0.3739963703125 0.1158196296875 0.36457205 0.10363786562499999 0.4285880796875 0.16554060937499998 0.4397520015625
1 0.1539631671875 0.5062857281250001 0.16634976562499998 0.4397672453125 0.10381595156250001 0.4277424953125 0.09320161875 0.491791103125 0.1539631671875 0.5062857281250001
1 0.0824913625 0.5559047984375 0.141797328125 0.572714253125 0.15359250625 0.506628653125 0.0931137921875 0.49141509218749996 0.0824913625 0.5559047984375
1 0.073808396875 0.6200540328125 0.133015825 0.6400524234375 0.1414700921875 0.57283323125 0.083025190625 0.556265096875 0.073808396875 0.6200540328125
1 0.0668079 0.6836350312499999 0.12556795 0.705987784375 0.13339718125 0.6393829578125 0.07282091562500001 0.620258134375 0.0668079 0.6836350312499999
1 0.0569763921875 0.743394475 0.1183239953125 0.7721874796875 0.126018428125 0.7076295234375001 0.0673184328125 0.6830278 0.0569763921875 0.743394475
1 0.1173214953125 0.7714537671875 0.17671968124999998 0.7998059859375 0.1898653984375 0.7306254578125 0.125882240625 0.70707745 0.1173214953125 0.7714537671875
1 0.1261618140625 0.7062107796875 0.18903197031250002 0.73100361875 0.19789833125 0.661611171875 0.1325992640625 0.6393864437500001 0.1261618140625 0.7062107796875
1 0.13304193125 0.6397455578125 0.196531478125 0.661278796875 0.20577919687500001 0.5912168859375 0.1421863671875 0.5727601296875 0.13304193125 0.6397455578125
1 0.1415276703125 0.5724706703125 0.2058106703125 0.5911611890625 0.21899083749999998 0.5217993671875 0.15345648125 0.506098634375 0.1415276703125 0.5724706703125
1 0.15380339999999998 0.5059905812500001 0.21790681250000002 0.5216183640625001 0.230877634375 0.4520207671875 0.1664853453125 0.43900335625000003 0.15380339999999998 0.5059905812500001
1 0.16596566875000002 0.43943885937499993 0.2307944640625 0.45258670156249997 0.24459871562500002 0.3826109453125 0.17871335625 0.373182046875 0.16596566875000002 0.43943885937499993
1 0.1794281109375 0.3740605015625 0.24487365468750003 0.38262519375 0.2561758328125 0.3137841625 0.19155298125 0.307082653125 0.1794281109375 0.3740605015625
1 0.2683868171875 0.24684780312500001 0.1993678609375 0.2423855109375 0.1902522984375 0.3065806875 0.2570445453125 0.31322489375 0.2683868171875 0.24684780312500001
1 0.25710743125 0.31345734062499997 0.3278721046875 0.3207698796875 0.336831359375 0.24554326249999997 0.26893789218749997 0.24719063437500002 0.25710743125 0.31345734062499997
1 0.24511131718749998 0.3832753296875 0.31615880937499996 0.3931073390625 0.3291249390625 0.3208640765625 0.256239553125 0.314016796875 0.24511131718749998 0.3832753296875
1 0.2307816640625 0.4519990671875 0.30229046875 0.4660907328125 0.31466313281249997 0.3929582328125 0.2439802296875 0.3825358546875 0.2307816640625 0.4519990671875
1 0.3024343375 0.4665474109375 0.23029773437499998 0.45174718281250004 0.2180474609375 0.5219499843750001 0.2897120046875 0.5388451515625 0.3024343375 0.4665474109375
1 0.2745035265625 0.6115708515625 0.2885123125 0.5391858234375 0.21835321093750001 0.5218112515625 0.2060071890625 0.5909835140624999 0.2745035265625 0.6115708515625
1 0.2747260421875 0.6117144156250001 0.20536194375 0.5916859109375 0.196857021875 0.6613977359375001 0.2653462859375 0.6851461234375 0.2747260421875 0.6117144156250001
1 0.18936774375 0.7306748203125 0.25756460468750003 0.7581834828125 0.26600769999999996 0.6856731984375 0.19785279375 0.6620386203125 0.18936774375 0.7306748203125
1 0.1771829921875 0.8006793906249999 0.2450041375 0.83150275 0.2579330546875 0.7581178562499999 0.1894227828125 0.7309165 0.1771829921875 0.8006793906249999
1 0.2442772828125 0.8309032437500001 0.319027759375 0.865370759375 0.33236600625 0.7884896828125 0.258581303125 0.75848978125 0.2442772828125 0.8309032437500001
1 0.2571710328125 0.7576988359375 0.33198547968750003 0.7891593359375 0.3413576640625 0.7117596515625 0.26602981875 0.6843384140625 0.2571710328125 0.7576988359375
1 0.2737837890625 0.611891184375 0.35150697656249996 0.635015525 0.3643670421875 0.557087371875 0.28956855625 0.5385465703125 0.2737837890625 0.611891184375
1 0.2660235640625 0.6851820562500001 0.3416197328125 0.710962196875 0.3512835984375 0.6344825890625 0.273827946875 0.6119885890625001 0.2660235640625 0.6851820562500001
1 0.3152686984375 0.39387999375 0.39176703125 0.40466152343750006 0.40574028437500004 0.327709040625 0.3283886015625 0.3211023 0.3152686984375 0.39387999375
1 0.30226263593749997 0.4657425328125 0.37819282187500003 0.4812224578125 0.391232378125 0.40405820625000005 0.31602314374999996 0.39332661875 0.30226263593749997 0.4657425328125
1 0.2895704765625 0.5393655125000001 0.36404007968749996 0.5574110375 0.37699174062499996 0.4807093390625 0.30257444843750003 0.46634597343750006 0.2895704765625 0.5393655125000001
1 0.3782368296875 0.4809908703125 0.46452093281250006 0.49664005 0.47888642499999995 0.41591490000000003 0.3914117515625 0.4048227296875 0.3782368296875 0.4809908703125
1 0.36421956718750004 0.5581749390625 0.45060219375 0.578431071875 0.46412176406250005 0.4970322203125 0.3773469015625 0.48054875625 0.36421956718750004 0.5581749390625
1 0.392078303125 0.40473190625 0.47853114531249996 0.416076103125 0.493296640625 0.3349589703125 0.406450725 0.32738725468749996 0.392078303125 0.40473190625
1 0.32980636875 0.32095145625 0.4057628875 0.3277504140625 0.41524463125000005 0.2488168453125 0.336794578125 0.24493984531250002 0.32980636875 0.32095145625
1 0.40554045937499994 0.32721704687500003 0.4938978984375 0.335372075 0.5052358124999999 0.25179110625 0.4173268390625 0.2493420515625 0.40554045937499994 0.32721704687500003
1 0.49457524375000006 0.3346931265625 0.5907092390625001 0.3429177109375 0.604482934375 0.2550606421875 0.5049887656250001 0.25190490468750004 0.49457524375000006 0.3346931265625
1 0.699731334375 0.351643021875 0.7159690890625 0.257345653125 0.60483809375 0.25490005937500004 0.5904859796874999 0.3423841546875 0.699731334375 0.351643021875
1 0.5754569578125001 0.42971583906250005 0.683467853125 0.44376268437500005 0.69976426875 0.35116739531249996 0.5914401453125 0.3431432 0.5754569578125001 0.42971583906250005
1 0.5909069062500001 0.34327905937500003 0.493129371875 0.3351659234375 0.478495778125 0.41558891875 0.574552509375 0.429345559375 0.5909069062500001 0.34327905937500003
1 0.46573065312499995 0.49643439375 0.5585972765625 0.515019890625 0.575394846875 0.42832963125 0.47862230937500005 0.41507876250000003 0.46573065312499995 0.49643439375
1 0.5589525546874999 0.5148586859375001 0.66808726875 0.5349507046875 0.6832299546875 0.4433015828125 0.57539843125 0.430019259375 0.5589525546874999 0.5148586859375001
1 0.6521014093749999 0.627615565625 0.666622384375 0.535825865625 0.5594432 0.515693590625 0.5437553515625 0.60166926875 0.6521014093749999 0.627615565625
1 0.45114536406249994 0.5783162374999999 0.545000440625 0.6019508 0.559000025 0.5163173484375 0.464445140625 0.49807407656249997 0.45114536406249994 0.5783162374999999
1 0.531361975 0.6877358390625 0.5442053171875 0.601357871875 0.4504474125 0.5783753515625001 0.4370092078125 0.6598864953125 0.531361975 0.6877358390625
1 0.636360990625 0.7191994687500001 0.652836778125 0.6273687015625 0.5447579859375 0.6017243765625 0.5320465453125001 0.6874082031250001 0.636360990625 0.7191994687500001
1 0.6221073984375 0.8112905156249999 0.6366722625000001 0.7192698515625 0.5309165109375 0.6879090296875 0.5193825734375 0.774550690625 0.6221073984375 0.8112905156249999
1 0.426352278125 0.7414501984374999 0.5165344859375 0.7724587734374999 0.53195865 0.6878707562499999 0.437342225 0.6601126749999999 0.426352278125 0.7414501984374999
1 0.45058218749999995 0.5783760390625 0.36419956249999996 0.55811990625 0.35151445 0.6351227640625 0.4387060390625 0.6596640609375 0.45058218749999995 0.5783760390625
1 0.3413160515625 0.7109984328125 0.42545302031250004 0.7413640734375 0.43786370156250004 0.6606799890625 0.351219375 0.634797671875 0.3413160515625 0.7109984328125
1 0.3319194546875 0.7877800109375 0.4153090203125 0.8220789015625 0.4255409140625 0.74090151875 0.3415393125 0.7115319906249999 0.3319194546875 0.7877800109375
1 0.5201466296875 0.774349815625 0.4252055265625 0.7410588046875 0.41595062499999996 0.82221555625 0.5087681734375 0.85985261875 0.5201466296875 0.774349815625
1 0.3189429625 0.8647085671875001 0.40407459218749997 0.9035029578125 0.4149729203125 0.822235375 0.33198598125 0.7892345640625 0.3189429625 0.8647085671875001
1 0.40385121718750006 0.9029700234375 0.49734582656250004 0.9455863875 0.508680278125 0.8603151718750001 0.41494940937499997 0.8215300546875 0.40385121718750006 0.9029700234375
1 0.6234904890624999 0.8113267437499999 0.5197879578125 0.7746067390625 0.507292846875 0.8574436234375 0.60954805 0.9034887953125 0.6234904890624999 0.8113267437499999
1 0.49760528125 0.9442942593750001 0.5972464078125 0.9938499578125001 0.6096799515625 0.90279465625 0.5087867265625 0.8592099078125001 0.49760528125 0.9442942593750001
1 0.71594804375 1 0.7225934125 0.9539390750000001 0.6103561765625 0.9031521843749999 0.596207015625 0.9938920906250001 0.6077371968749999 1 0.71594804375 1
1 0.6092192203125 0.9032085203125 0.7230392171875 0.955005378125 0.7363018421875 0.8561745843749999 0.6227184828125 0.8116702265625 0.6092192203125 0.9032085203125
1 0.6220079265625 0.8119926359375 0.737103759375 0.857079871875 0.7504059734374999 0.756327675 0.636048021875 0.7191151046875001 0.6220079265625 0.8119926359375
1 0.6351732453125 0.719119990625 0.7499876015625 0.757146125 0.76906779375 0.6567348984375 0.6527306203125 0.6275655140625 0.6351732453125 0.719119990625
1 0.668007703125 0.536093128125 0.7871445171875 0.558205853125 0.8032474687500001 0.45808628906250004 0.6848825390625 0.4438708125 0.668007703125 0.536093128125
1 0.6524648984375 0.628134853125 0.7692172234375 0.6576707265625 0.7871006296874999 0.5584368203125 0.6680928749999999 0.5354525296875 0.6524648984375 0.628134853125
1 0.684384059375 0.443613046875 0.80359479375 0.4585028453125 0.8219204203125001 0.3586456140625 0.7005924625 0.35148093281250004 0.684384059375 0.443613046875
1 0.8408247046874999 0.2591601125 0.7170206625 0.258192125 0.6998440671874999 0.3514574109375 0.8222316921875 0.3587159953125 0.8408247046874999 0.2591601125
0 0.7592074953125 1 0.877013209375 0.22624324218749997 0.10138735937500001 0.2117194859375 0.0288168140625 0.76026274375 0.53424946875 1 0.7592074953125 1