1 0.584380787037037 0.04435763888888889 0.1014930555555555 0.08871527777777778
1 0.29796296296296293 0.12065972222222224 0.09648148148148153 0.08554398148148148
1 0.37744212962962964 0.16744791666666664 0.0983680555555555 0.09184027777777777
1 0.3109027777777778 0.2622453703703704 0.10658564814814815 0.09988425925925926
1 0.23170717592592593 0.20998842592592593 0.10469907407407408 0.09358796296296293
1 0.15727430555555558 0.30657986111111113 0.11135416666666664 0.10158564814814816
1 0.15995949074074073 0.16453125 0.10281250000000001 0.08729166666666663
1 0.5125983796296296 0.05813657407407408 0.0952430555555555 0.09174768518518517
1 0.36940972222222224 0.09670138888888889 0.0919560185185185 0.08853009259259259
1 0.65953125 0.03311342592592593 0.10281249999999993 0.06622685185185186
1 0.4414351851851852 0.07662615740740741 0.09031249999999993 0.08692129629629627
1 0.22675925925925924 0.13993055555555556 0.0983680555555555 0.09184027777777777
1 0.4535763888888889 0.14335069444444443 0.0968055555555555 0.09179398148148148
1 0.6052372685185186 0.10687500000000001 0.10033564814814824 0.0996990740740741
1 0.3016319444444444 0.18529513888888888 0.1014930555555555 0.09193287037037039
1 0.6851967592592592 0.08422453703703704 0.1099537037037038 0.10466435185185186
1 0.3152025462962963 0.34480324074074076 0.12145833333333336 0.1159259259259259
1 0.5286458333333333 0.1247453703703704 0.10001157407407409 0.0934490740740741
1 0.15659722222222222 0.22937500000000002 0.10486111111111107 0.09671296296296301
1 0.48313657407407407 0.2953645833333333 0.11192129629629637 0.11252314814814816
1 0.38473379629629634 0.23743634259259258 0.10658564814814805 0.09988425925925926
1 0.5230092592592592 0.48919560185185185 0.13509259259259263 0.1381712962962963
1 0.5887847222222222 0.3639988425925926 0.1313194444444445 0.12557870370370372
1 0.5436689814814815 0.1960648148148148 0.11315972222222222 0.10631944444444445
1 0.7113599537037038 0.15131365740740743 0.11817129629629619 0.11270833333333333
1 0.6297974537037037 0.17479166666666668 0.11143518518518522 0.10314814814814817
1 0.6561342592592593 0.2535763888888889 0.11677083333333335 0.115787037037037
1 0.1537210648148148 0.39015046296296296 0.12310185185185185 0.11753472222222223
1 0.23028356481481485 0.28257523148148145 0.10987268518518523 0.10310185185185183
1 0.33171874999999995 0.5377662037037038 0.14627314814814812 0.14318287037037045
1 0.4685590277777778 0.21545138888888887 0.10354166666666664 0.10135416666666668
1 0.23581018518518518 0.46182291666666664 0.132962962962963 0.12718749999999995
1 0.4415798611111111 0.6304571759259259 0.14684027777777792 0.15412037037037046
1 0.7453472222222223 0.2329918981481481 0.1281944444444445 0.12548611111111113
1 0.4107349537037037 0.41295717592592596 0.12498842592592592 0.12383101851851848
1 0.23520254629629628 0.36823495370370374 0.11825231481481487 0.11427083333333332
1 0.1526851851851852 0.48534722222222226 0.12959490740740742 0.12240740740740748
1 0.15206597222222223 0.5875520833333333 0.14290509259259254 0.1384027777777778
1 0.8178993055555555 0.4133738425925926 0.14619212962962963 0.14162037037037045
1 0.5669212962962963 0.27416087962962965 0.11825231481481495 0.11427083333333332
1 0.7207118055555556 0.4373148148148148 0.14471064814814802 0.14313657407407412
1 0.24149305555555553 0.6831886574074074 0.15613425925925925 0.1528356481481481
1 0.7793344907407407 0.3146701388888889 0.14282407407407405 0.1368402777777778
1 0.3991087962962963 0.32125578703703705 0.11348379629629637 0.11256944444444442
1 0.685931712962963 0.34083912037037034 0.1330439814814815 0.12874999999999998
1 0.5038541666666666 0.3922569444444445 0.12498842592592592 0.12383101851851856
1 0.6508796296296296 0.5805729166666668 0.1550578703703703 0.16216435185185177
1 0.24135995370370372 0.5654050925925926 0.14126157407407405 0.13679398148148145
1 0.14895254629629628 0.7077719907407407 0.15104166666666666 0.14488425925925927
1 0.3261689814814815 0.4341840277777777 0.1297569444444444 0.12553240740740748
1 0.6186747685185185 0.4645196759259259 0.13829861111111122 0.13982638888888896
1 0.34122685185185186 0.6552719907407407 0.14996527777777774 0.15421296296296294
1 0.7582638888888888 0.5555497685185186 0.1613078703703703 0.16234953703703708
1 0.8667534722222221 0.5242534722222223 0.16443287037037066 0.16244212962962976
1 0.4257407407407407 0.514699074074074 0.13509259259259263 0.1381712962962963
1 0.5441145833333334 0.6086979166666666 0.13902777777777775 0.15388888888888896
1 0.34890046296296295 0.7931134259259259 0.1683680555555555 0.17815972222222207
1 0.5756712962962963 0.7372511574074074 0.1608796296296296 0.18417824074074077
1 0.46343750000000006 0.7655381944444445 0.15899305555555543 0.17788194444444444
1 0.2445601851851852 0.8196064814814814 0.1748611111111112 0.1830324074074074
1 0.6893055555555556 0.712042824074074 0.16885416666666658 0.18753472222222226
1 0.14404513888888887 0.8475462962962963 0.17626157407407406 0.17995370370370373
1 0.8023206018518518 0.6837326388888889 0.17346064814814816 0.18611111111111106
1 0.8989699074074075 0.6551273148148148 0.14064814814814816 0.1851388888888888