1 0.7674652777777778 0.22769675925925928 0.08045138888888878 0.08976851851851855
1 0.7737847222222223 0.36712962962962964 0.07378472222222232 0.0802083333333333
1 0.5155729166666667 0.5620891203703704 0.10954861111111107 0.11247685185185183
1 0.6050868055555556 0.6249768518518518 0.10656250000000007 0.11550925925925917
1 0.5892534722222222 0.4531886574074074 0.09628472222222229 0.09491898148148152
1 0.7435416666666667 0.5899652777777777 0.08045138888888878 0.08976851851851855
1 0.7095486111111111 0.2987326388888889 0.08364583333333328 0.09142361111111112
1 0.40057291666666667 0.47419560185185183 0.10954861111111107 0.11247685185185183
1 0.5321527777777778 0.7346817129629629 0.11649305555555553 0.12828703703703717
1 0.6695486111111111 0.5298842592592592 0.0917361111111111 0.09790509259259253
1 0.49170138888888887 0.37754629629629627 0.10961805555555557 0.11403935185185184
1 0.6181423611111111 0.7888599537037038 0.10812500000000007 0.11555555555555568
1 0.6846527777777778 0.6828761574074074 0.09187499999999993 0.10103009259259252
1 0.6397916666666668 0.21374421296296298 0.09499999999999993 0.10112268518518519
1 0.6490451388888889 0.37516782407407406 0.0917361111111111 0.09790509259259261
1 0.5620486111111112 0.20283564814814814 0.10486111111111107 0.11233796296296301
1 0.568142361111111 0.29454282407407406 0.10472222222222208 0.10921296296296301
1 0.4253125 0.6744097222222222 0.12750000000000003 0.13017361111111114
1 0.30368055555555556 0.5949247685185185 0.13857638888888885 0.1336226851851851
1 0.4444618055555556 0.8595949074074074 0.1311805555555555 0.1427662037037038
1 0.6408680555555556 0.2951331018518518 0.0980555555555556 0.09965277777777777
1 0.47479166666666667 0.19477430555555558 0.11812500000000004 0.12989583333333332
1 0.37517361111111114 0.1832175925925926 0.13097222222222227 0.13807870370370373
1 0.4847916666666666 0.2865972222222222 0.11295138888888889 0.1188194444444445
1 0.3842534722222222 0.2781423611111111 0.13253472222222218 0.13812499999999997
1 0.5986805555555555 0.5403009259259258 0.09812499999999993 0.10121527777777786
1 0.5771006944444445 0.3746006944444445 0.10145833333333343 0.10599537037037035
1 0.43531249999999994 0.7662326388888889 0.12927083333333336 0.13490740740740748
1 0.32300347222222225 0.8114062499999999 0.15048611111111115 0.1558217592592591
1 0.27484375 0.3812905092592593 0.1484375 0.14483796296296295
1 0.5021180555555556 0.459994212962963 0.11090277777777775 0.10783564814814817
1 0.39298611111111115 0.3808796296296296 0.12892361111111103 0.12709490740740748
1 0.4213020833333333 0.5710300925925926 0.11913194444444439 0.11744212962962948
1 0.3352777777777778 0.9048611111111111 0.14722222222222214 0.15260416666666643
1 0.25296875 0.16942708333333334 0.15041666666666664 0.15425925925925926
1 0.263125 0.27533564814814815 0.15197916666666664 0.15430555555555553
1 0.30918402777777776 0.6999131944444444 0.1484375 0.14483796296296295
1 0.2890451388888889 0.4841898148148148 0.14468750000000002 0.13068287037037046
1 0.1468402777777778 0.49796874999999996 0.18003472222222222 0.1535763888888889
1 0.17432291666666666 0.7420717592592593 0.18399305555555562 0.17241898148148155
1 0.1609548611111111 0.6204224537037037 0.18309027777777778 0.15210648148148156
1 0.18597222222222223 0.8495891203703703 0.18399305555555556 0.17241898148148138
1 0.13706597222222222 0.3834664351851852 0.18513888888888888 0.1630902777777777
1 0.1218923611111111 0.2672395833333333 0.18399305555555556 0.17241898148148146
1 0.1942361111111111 0.9404571759259259 0.1836111111111111 0.11908564814814823
1 0.10821180555555557 0.15262152777777777 0.18128472222222225 0.1817013888888889
1 0.8605034722222221 0.7921296296296296 0.06944444444444428 0.08788194444444457
1 0.49673152500000006 0.8820843406250001 0.5853131296874999 0.842857425 0.5778610046875 0.7566630046875 0.48640296093749996 0.7910097828125 0.49673152500000006 0.8820843406250001
1 0.5757515062499999 0.758545540625 0.6562054515625 0.7285913093749999 0.6459965953125 0.6513224578125001 0.569809828125 0.673771634375 0.5757515062499999 0.758545540625
1 0.4821067890625 0.6991639515625 0.57031065625 0.6727924078124999 0.561302159375 0.5879530140625 0.47403844531250006 0.606428428125 0.4821067890625 0.6991639515625
1 0.6991772 0.48303171093749997 0.7611843765625 0.47376713125 0.7471663859375 0.40537295625 0.6868413328125 0.409743746875 0.6991772 0.48303171093749997
1 0.759421534375 0.47399251875 0.81264865625 0.4661844796875 0.80208714375 0.4018785796875 0.747129053125 0.405043765625 0.759421534375 0.47399251875
1 0.7687384828125 0.54432440625 0.82107706875 0.5326191765625 0.812436678125 0.4671171390625 0.7590549609374999 0.4747073171875 0.7687384828125 0.54432440625
1 0.7084286265624999 0.5567140328125 0.7691423015625001 0.5439380093749999 0.7590549609374999 0.4747073171875 0.7000970125 0.483248071875 0.7084286265624999 0.5567140328125
1 0.646742225 0.650911625 0.7151159812500001 0.6304287546875 0.7067686640625 0.5568243109375001 0.6401905546875 0.570972303125 0.646742225 0.650911625
1 0.8211831703125 0.5322106343749999 0.7678438734374999 0.5439611203125 0.7757187859375 0.613400021875 0.8286642921875 0.59817719375 0.8211831703125 0.5322106343749999
1 0.7839299343749999 0.6830303515625 0.8374894796874999 0.6649111859375 0.8290113421875 0.5983503812500001 0.776337790625 0.6133208796875 0.7839299343749999 0.6830303515625
1 0.7899719203125 0.7529380171875 0.8432902984374999 0.7299188859375 0.83691924375 0.6650322625 0.78375110625 0.6842269078125 0.7899719203125 0.7529380171875
1 0.729482684375 0.7792221671874999 0.7906444828125 0.7533216656249999 0.782848365625 0.6845775484375001 0.72263196875 0.7049567406249999 0.729482684375 0.7792221671874999
1 0.7223744359375 0.7054593031249999 0.7843439078125 0.6839166984375 0.7754612546875 0.613902584375 0.7148773609375 0.63104129375 0.7223744359375 0.7054593031249999
1 0.66213805 0.807624746875 0.729829340625 0.7781992328125 0.722641875 0.7052428749999999 0.653504275 0.7284654234375 0.66213805 0.807624746875
1 0.6861789578125 0.40938368281250004 0.748853115625 0.405962509375 0.7391061 0.3371202140625 0.6808343031249999 0.33659471875 0.6861789578125 0.40938368281250004
1 0.63183643125 0.49197872656249997 0.6996814687499999 0.4828211265625 0.6870795359375 0.4103202078125 0.620717253125 0.4138861859375 0.63183643125 0.49197872656249997
1 0.7392903875 0.3364166796875 0.7951645609375 0.336710040625 0.7954235390625 0.26829518281250003 0.7394517453125 0.26470836875 0.7392903875 0.3364166796875
1 0.6783215546875 0.2595091546875 0.739155684375 0.26453990312500003 0.738079078125 0.1926968515625 0.67195636875 0.18388352187499998 0.6783215546875 0.2595091546875