1 0 0.6863693421875 0.064550275 0.7054508203125 0.088325821875 0.6303269125 0.0067455828125 0.606822209375 0 0.6243811359375 0 0.6863693421875
1 0.0269608859375 0.5313252578125 0.0073966625 0.6062410234375 0.0873612328125 0.629689621875 0.11114671093749999 0.5525068906249999 0.0269608859375 0.5313252578125
1 0.086733084375 0.6297704921875 0.17119294062499998 0.65458700625 0.1950729046875 0.5764213421875 0.1094387375 0.5531345296875 0.086733084375 0.6297704921875
1 0.087243190625 0.6298996515625 0.0635073984375 0.70546568125 0.14761617656249998 0.7347145984375001 0.171785715625 0.6546606625 0.087243190625 0.6298996515625
1 0.1471417015625 0.7345322515625 0.233389221875 0.7640042578124999 0.2607930390625 0.6823258234375 0.1719396765625 0.6548933781249999 0.1471417015625 0.7345322515625
1 0.23435281406250003 0.7637944921875001 0.3278984375 0.797979390625 0.35429239687499997 0.7118048703125 0.2605891078125 0.68230583125 0.23435281406250003 0.7637944921875001
1 0.194086921875 0.576130646875 0.1714327140625 0.6551355359375 0.260298353125 0.6824699140625 0.2851597328125 0.6010152859375 0.194086921875 0.576130646875
1 0.3541652921875 0.7125089140624999 0.328227384375 0.7972161328125 0.4249268921875 0.8313320765625001 0.4542342671875 0.74367830625 0.3541652921875 0.7125089140624999
1 0.45495002187500005 0.7438249953125 0.426394984375 0.83184536875 0.5340236359375 0.8712734703124999 0.564120096875 0.779820065625 0.45495002187500005 0.7438249953125
1 0.5633711921875 0.7796665828125 0.5334487609375 0.871849171875 0.648743784375 0.91301795625 0.6807524093749999 0.81971410625 0.5633711921875 0.7796665828125
1 0.779986271875 0.9435564703124999 0.8075676093749999 0.8654763593749999 0.681092440625 0.819419453125 0.649542453125 0.9142289515625001 0.7310826578125 0.9468167109375001 0.779986271875 0.9435564703124999
1 0.7117120625 0.7247048484375 0.681151434375 0.8188287578125 0.806792609375 0.8656368562500001 0.8410840484375001 0.7654331046875 0.7117120625 0.7247048484375
1 0.562682509375 0.7809279515625 0.681683934375 0.819530125 0.712170709375 0.725445940625 0.5913497578125 0.6890803531249999 0.562682509375 0.7809279515625
1 0.5933433921875 0.68904933125 0.48267376406249995 0.65725691875 0.45529108125000006 0.7438998171875 0.562529653125 0.779598915625 0.5933433921875 0.68904933125
1 0.378962440625 0.6277444484375 0.35356887656249997 0.712802371875 0.4550540984375 0.7441100875 0.4827615015625 0.6569900359374999 0.378962440625 0.6277444484375
1 0.2841568953125 0.60109603125 0.2605920140625 0.68282691875 0.3534332046875 0.711699825 0.3801346984375 0.628453840625 0.2841568953125 0.60109603125
1 0.7423947859375 0.6290613703125 0.7114237546875 0.7255045703125 0.84077189375 0.7649281203125 0.8759346718750001 0.664971871875 0.7423947859375 0.6290613703125
1 0.7115857859375 0.7251220890625001 0.743156784375 0.6290867109375 0.621638134375 0.5979180828125 0.5924142156250001 0.6899216906250001 0.7115857859375 0.7251220890625001
1 0.5924713500000001 0.6905565796875 0.6212638234375001 0.5985074578125 0.5104049749999999 0.5695234874999999 0.482503175 0.6566304281249999 0.5924713500000001 0.6905565796875
1 0.40556832187499997 0.5437129046875 0.37948790468750004 0.6286300609375 0.4822685203125 0.65764230625 0.509732925 0.5696164593749999 0.40556832187499997 0.5437129046875
1 0.309405675 0.5195421437500001 0.2847210796875 0.6013284156250001 0.37958699687499997 0.6284583515625 0.406523390625 0.5434324625 0.309405675 0.5195421437500001
1 0.31026133125 0.5202872296875001 0.21770161875 0.4970468859375 0.19449413124999998 0.57657281875 0.2845691453125 0.6005320171874999 0.31026133125 0.5202872296875001
1 0.13184366875 0.475749046875 0.109593321875 0.5534785046875 0.194834021875 0.576193028125 0.217957525 0.49738349375 0.13184366875 0.475749046875
1 0.027156345312500003 0.5324281 0.1101757546875 0.5534290640624999 0.13206211406249999 0.47597880156250005 0.047591759375 0.4557509984375 0.027156345312500003 0.5324281
1 0.155300459375 0.39834069375 0.13184373124999998 0.47639193593750007 0.21839689999999998 0.4966928046875 0.242211021875 0.4164366078125 0.155300459375 0.39834069375
1 0.0704532203125 0.3806669421875 0.04856111875 0.45619162031249993 0.1316829859375 0.4759011015625 0.15470049375 0.3979328734375 0.0704532203125 0.3806669421875
1 0.1772129796875 0.3194032515625 0.1553881953125 0.39807381249999996 0.2423640140625 0.4168709921875 0.265169271875 0.335435984375 0.1772129796875 0.3194032515625
1 0.09287151875 0.3035416296875 0.070621390625 0.38127043125000004 0.15496369999999998 0.397132225 0.17806970312499998 0.32014785625000003 0.09287151875 0.3035416296875
1 0.241987365625 0.4167691828125 0.21765371406249998 0.49748792656249996 0.30893305937500004 0.51904225625 0.3353437828125 0.4364709953125 0.241987365625 0.4167691828125
1 0.3358560140625 0.43714569843750006 0.309445290625 0.5197169609375 0.4060366859375 0.543085834375 0.43325090624999996 0.45796003281250003 0.3358560140625 0.43714569843750006
1 0.43317251875 0.45797491562500003 0.40657320468749997 0.5433554546875 0.5092086046875 0.5695526125 0.5387327265625 0.4807482453125 0.43317251875 0.45797491562500003
1 0.26574268437500004 0.335364296875 0.242865503125 0.4172361234375 0.3343019234375 0.43696576093750006 0.359375840625 0.3519914421875 0.26574268437500004 0.335364296875
1 0.3580817234375 0.35258010781250004 0.334758565625 0.436923596875 0.432583409375 0.45742090781250005 0.46004858750000005 0.371769078125 0.3580817234375 0.35258010781250004
1 0.45969239687499996 0.3719528078125 0.43248496562499994 0.45806260156249995 0.5383292843749999 0.4809708234375 0.5682797359375 0.3922137375 0.45969239687499996 0.3719528078125
1 0.5681117812500001 0.3916095921875 0.5381258265625 0.481705640625 0.6516413625 0.5060720843750001 0.6827211156249999 0.4125356671875 0.5681117812500001 0.3916095921875
1 0.5377011171875 0.4807647140625 0.5090978640625 0.570005390625 0.6217427828125001 0.598251121875 0.6510827984375 0.5054251640625 0.5377011171875 0.4807647140625
1 0.650773071875 0.5053047140625 0.6218853453125 0.5987586281249999 0.7426360734374999 0.6289152875 0.774982509375 0.5327539671875 0.650773071875 0.5053047140625
1 0.6822350671875 0.412948809375 0.6513730375 0.5057125359375 0.77479208125 0.5331897109375 0.8080230984375 0.435596159375 0.6822350671875 0.412948809375
1 0.7761675515625 0.5323342625 0.7429506406249999 0.630025659375 0.8756419375 0.6650012078125 0.9114612828125 0.5629097578125 0.7761675515625 0.5323342625
1 0.8073138375 0.43535795781250003 0.7749601015625001 0.532656528125 0.9102441234375 0.562201715625 0.9440248765625 0.4593893203125 0.8073138375 0.43535795781250003
1 0.9717956843750001 0.356398075 0.8407371703125 0.3378059296875 0.8080397906250001 0.4350347796875 0.9437112578125 0.45917030625 0.9697056078124999 0.3877492046875 0.9717956843750001 0.356398075
1 0.682593025 0.4132261453125 0.8086367453125 0.4362107625 0.841467815625 0.338969925 0.7143182265625 0.32006959375 0.682593025 0.4132261453125
1 0.6839194453124999 0.4126441015625 0.7151257515625 0.3199509296875 0.5981763546875001 0.3016773578125 0.567934709375 0.39143614531250004 0.6839194453124999 0.4126441015625
1 0.56772578125 0.3914699921875 0.5982117984374999 0.3011113796875 0.4894670109375 0.28397347968750003 0.4595461 0.37142906249999996 0.56772578125 0.3914699921875
1 0.360241909375 0.35288426093749997 0.460645715625 0.3716445734375 0.48926383749999997 0.2849503125 0.3880303609375 0.2695445265625 0.360241909375 0.35288426093749997
1 0.360008740625 0.353278890625 0.389719046875 0.270029878125 0.29396125781250004 0.2549472765625 0.2657549953125 0.33504256875 0.360008740625 0.353278890625
1 0.294141115625 0.255589734375 0.20460047499999998 0.241782 0.17730847968750002 0.318864353125 0.2656523109375 0.33535491875 0.294141115625 0.255589734375
1 0.1190052765625 0.22666221250000002 0.09353510781249999 0.30532913125 0.17811125156250002 0.31941150625 0.20478699531250003 0.241214628125 0.1190052765625 0.22666221250000002
1 0.144734284375 0.15077388125 0.11927077500000001 0.2282309703125 0.2043583109375 0.24087918749999998 0.2314488171875 0.1624887796875 0.144734284375 0.15077388125
1 0.229620328125 0.16211404375 0.20497373125 0.240646596875 0.294526921875 0.2553628390625 0.3212760078125 0.174235296875 0.229620328125 0.16211404375
1 0.320823771875 0.1732345703125 0.2946931625 0.255097275 0.3885219546875 0.2699646046875 0.41760023281249997 0.1864052984375 0.320823771875 0.1732345703125
1 0.417618178125 0.18653839218749999 0.3887329265625 0.26965404843749996 0.48956429999999995 0.28534458281249997 0.5193422265625001 0.198906303125 0.417618178125 0.18653839218749999
1 0.5203462921875001 0.1994152296875 0.4902485546875 0.28621912968749996 0.5976520421875 0.30150308593749997 0.6299447 0.21158014375 0.5203462921875001 0.1994152296875
1 0.6275752031249999 0.212428815625 0.5978288203125001 0.3017271125 0.7144915843749999 0.319787903125 0.74805223125 0.2271256796875 0.6275752031249999 0.212428815625
1 0.7471421687500001 0.226333571875 0.7150781390625001 0.3203055171875 0.8424100093750001 0.3383450078125 0.8759522359374999 0.240619 0.7471421687500001 0.226333571875
1 0.841404659375 0.3398354859375 0.97180108125 0.3563171140625 0.9788587156249999 0.2504525890625 0.8759717890625 0.2406230078125 0.841404659375 0.3398354859375
1 0.8755345562500001 0.2407662125 0.9788571781250001 0.2504756609375 0.9858239734375 0.145973734375 0.9096430062499999 0.1417621765625 0.8755345562500001 0.2407662125
1 0.779877371875 0.1339438921875 0.747634334375 0.227273553125 0.8764278765625001 0.24009399999999997 0.9092766296875 0.141687090625 0.779877371875 0.1339438921875
1 0.747851521875 0.2278273 0.780194371875 0.1330044546875 0.6616250234375001 0.12081779374999999 0.6293038578125 0.2117575859375 0.747851521875 0.2278273
1 0.5475293453125001 0.110456734375 0.51924570625 0.2000555140625 0.6289009265625001 0.21167500625 0.66090063125 0.119458140625 0.5475293453125001 0.110456734375
1 0.51982046875 0.1986273109375 0.548312084375 0.1103554984375 0.44545936875000003 0.1007336234375 0.4182233234375 0.18598929375 0.51982046875 0.1986273109375
1 0.41737594062500005 0.1869192078125 0.4440598484375 0.1009363421875 0.34794147343750004 0.09248994687499999 0.3210841578125 0.17396879375000002 0.41737594062500005 0.1869192078125
1 0.3214827921875 0.1729687140625 0.3460344296875 0.09186840625 0.258878734375 0.0842361578125 0.23159683437499998 0.1628278921875 0.3214827921875 0.1729687140625
1 0.1688360625 0.0733521171875 0.145666075 0.151052765625 0.23091941562499999 0.1622389078125 0.2578224984375 0.0850423828125 0.1688360625 0.0733521171875
0 0 0.7255972421875 0.6282190265625001 0.9536742874999999 0.8169968265625001 0.9410890999999999 0.96227825 0.4991595828125 0.9886585015625 0.10345580000000001 0.1348630203125 0.043948693750000004 0 0.4622068125 0 0.7255972421875