1 0.3171875 0.2234375 0.06796875 0.06875
1 0.440625 0.225 0.065625 0.06640625
1 0.5671875 0.22265625 0.06640625 0.06796875
1 0.50546875 0.29140625 0.065625 0.0703125
1 0.43828125 0.2921875 0.06796875 0.07421875
1 0.4375 0.3640625 0.0703125 0.07890625
1 0.571875 0.36328125 0.0703125 0.0765625
1 0.37578125 0.29296875 0.071875 0.07421875
1 0.5078125 0.440625 0.06953125 0.07890625
1 0.76171875 0.2953125 0.07421875 0.07578125
1 0.4328125 0.5296875 0.07734375 0.0890625
1 0.634375 0.29296875 0.06953125 0.07578125
1 0.57890625 0.53046875 0.07734375 0.0890625
1 0.6453125 0.44609375 0.075 0.084375
1 0.50859375 0.621875 0.078125 0.09453125
1 0.721875 0.53125 0.07734375 0.0890625
1 0.303125 0.365625 0.07109375 0.07890625
1 0.28515625 0.5296875 0.08046875 0.090625
1 0.78203125 0.44765625 0.07890625 0.08359375
1 0.3703125 0.36953125 0.071875 0.078125
1 0.659375 0.62421875 0.0828125 0.096875
1 0.36640625 0.446875 0.07578125 0.08828125
1 0.70546875 0.3671875 0.07265625 0.08203125
1 0.35546875 0.621875 0.0828125 0.09453125
1 0.80625 0.62265625 0.0875 0.0953125
1 0.5890625 0.7234375 0.084375 0.10390625
1 0.4359375 0.4453125 0.075 0.08359375
1 0.71171875 0.44765625 0.07421875 0.0828125
1 0.57578125 0.44375 0.07421875 0.08046875
1 0.428125 0.72578125 0.08203125 0.10390625
1 0.74296875 0.725 0.090625 0.1046875
1 0.3578125 0.5296875 0.07890625 0.08828125
1 0.81953125 0.728125 0.090625 0.10390625
1 0.73125 0.62421875 0.0828125 0.0921875
1 0.43125 0.62578125 0.07890625 0.09296875
1 0.50703125 0.5296875 0.07578125 0.08671875
1 0.265625 0.72578125 0.090625 0.1078125
1 0.64921875 0.53046875 0.07734375 0.08828125
1 0.66640625 0.7265625 0.0859375 0.1046875
1 0.3484375 0.72734375 0.08828125 0.1046875
1 0.5828125 0.62421875 0.0796875 0.09453125
1 0.5140625 0.7265625 0.08046875 0.103125
1 0.50703125 0.83828125 0.08125 0.12109375
1 0.6765625 0.8390625 0.09375 0.11640625
1 0.4234375 0.83828125 0.0890625 0.11875
1 0.3421875 0.83828125 0.09375 0.11953125
1 0.59375 0.83828125 0.0875 0.11875
1 0.7546875 0.83984375 0.09609375 0.1140625
1 0.83515625 0.83828125 0.096875 0.11796875
1 0.25546875 0.83828125 0.0953125 0.12109375
1 0.75066875 0.490265625 0.7594421875 0.5780635421875 0.83199375 0.5780635421875 0.81883359375 0.48846458281249994 0.75066875 0.490265625
1 0.6663796875 0.32679479218749996 0.602984375 0.3272885421875 0.6049640625 0.4037864578125 0.6717789062499999 0.40558750000000005 0.6663796875 0.32679479218749996
1 0.53544921875 0.25790729218749997 0.53612421875 0.3285958328125 0.6022640625 0.3281458328125 0.59821484375 0.25700625 0.53544921875 0.25790729218749997
1 0.47133359375 0.3285958328125 0.47167109375000005 0.4024364578125 0.5381484375000001 0.4037864578125 0.53713671875 0.3272447921875 0.47133359375 0.3285958328125
1 0.53443671875 0.1903697921875 0.47303046875000004 0.1916416671875 0.47167109375000005 0.25655625 0.53511171875 0.25655625 0.53443671875 0.1903697921875
1 0.66036171875 0.25791354218749996 0.6556390624999999 0.1923354171875 0.5937210937499999 0.190934375 0.59704375 0.25674687500000004 0.66036171875 0.25791354218749996
1 0.6556390624999999 0.1916354171875 0.66018671875 0.25674687500000004 0.72315390625 0.2593135421875 0.71528359375 0.1914010421875 0.6556390624999999 0.1916354171875
1 0.71496484375 0.1917114578125 0.7228046875 0.2593135421875 0.785771875 0.2616479171875 0.77510234375 0.1937354171875 0.71496484375 0.1917114578125
1 0.6608859375 0.25838020781250004 0.6668328125 0.3276927078125 0.7319 0.33049375 0.72297890625 0.2586135421875 0.6608859375 0.25838020781250004
1 0.7316578125000001 0.32842916718750004 0.73941171875 0.40768750000000004 0.80616015625 0.4082041671875 0.79513203125 0.330503125 0.7316578125000001 0.32842916718750004
1 0.35154765625 0.19398437500000001 0.34697187500000004 0.26021041718750004 0.40991171875 0.2581875 0.41168125 0.1924208328125 0.35154765625 0.19398437500000001
1 0.2834578125 0.25921666718749997 0.2754734375 0.3287729171875 0.3407546875 0.3290864578125 0.34592109375 0.26109583281250004 0.2834578125 0.25921666718749997
1 0.26774140625 0.4046489578125 0.267371875 0.4047520828125 0.2576546875 0.48539374999999996 0.32919140625 0.4866395828125 0.33479453124999997 0.4044 0.26774140625 0.4046489578125
1 0.24756171875000002 0.5753583328125 0.23603359375 0.672959375 0.3144234375 0.6732395828125 0.32259765625000003 0.5753583328125 0.24756171875000002 0.5753583328125