1 0.7590798611111111 0.09609375 0.08726851851851833 0.0859375
1 0.6922685185185184 0.10390625 0.08438657407407409 0.090625
1 0.6998958333333334 0.1828125 0.08603009259259267 0.0921875
1 0.7707349537037038 0.17265625 0.09079861111111107 0.09375
1 0.6347974537037038 0.278125 0.08471064814814824 0.096875
1 0.6313599537037037 0.19375 0.08282407407407408 0.090625
1 0.6268576388888889 0.11484375 0.07797453703703709 0.0875
1 0.5614872685185185 0.125 0.07280092592592595 0.078125
1 0.5630671296296296 0.2 0.07624999999999993 0.084375
1 0.5633796296296296 0.284375 0.08142361111111107 0.09375
1 0.7819039351851852 0.25859375 0.09745370370370363 0.1015625
1 0.7079803240740741 0.26796875 0.09120370370370381 0.1015625
1 0.7171412037037037 0.3625 0.0978587962962962 0.109375
1 0.7949710648148148 0.353125 0.10418981481481496 0.1109375
1 0.7273784722222223 0.46640625 0.10623842592592592 0.1203125
1 0.8114583333333334 0.45703125 0.1141319444444445 0.121875
1 0.8286168981481481 0.578125 0.12283564814814837 0.1390625
1 0.8480092592592593 0.71640625 0.13310185185185192 0.15625
1 0.7400520833333333 0.58359375 0.11321759259259263 0.134375
1 0.754056712962963 0.7203125 0.12528935185185192 0.15625
1 0.6608043981481482 0.72578125 0.11550925925925917 0.1484375
1 0.6707523148148148 0.88046875 0.12954861111111118 0.178125
1 0.7716956018518519 0.87734375 0.13736111111111118 0.178125
1 0.8717766203703704 0.87578125 0.14377314814814818 0.18125
1 0.26556134259259256 0.39296875 0.09745370370370372 0.1015625
1 0.25096064814814817 0.49375 0.10747685185185185 0.1140625
1 0.3400636574074074 0.3875 0.09424768518518523 0.1
1 0.2828819444444445 0.3 0.09384259259259257 0.0921875
1 0.4216087962962963 0.29140625 0.08603009259259267 0.0921875
1 0.49419560185185185 0.20234375 0.07789351851851851 0.0859375
1 0.4338599537037037 0.13046875 0.07576388888888878 0.075
1 0.37041666666666667 0.13359375 0.07896990740740736 0.0765625
1 0.3616377314814815 0.2125 0.0841435185185185 0.0859375
1 0.3061921296296296 0.13671875 0.08217592592592596 0.078125
1 0.4906828703703704 0.28515625 0.08462962962962947 0.0953125
1 0.4876273148148148 0.37421875 0.08791666666666664 0.0984375
1 0.496724537037037 0.1234375 0.07452546296296295 0.08125
1 0.6403356481481481 0.3671875 0.09284722222222222 0.103125
1 0.4252835648148148 0.20546875 0.08134259259259266 0.0921875
1 0.5641087962962963 0.37578125 0.08824074074074062 0.1046875
1 0.5675694444444443 0.5953125 0.10071759259259246 0.134375
1 0.6440393518518519 0.4765625 0.1032754629629629 0.1234375
1 0.4691087962962963 0.88203125 0.11960648148148145 0.1671875
1 0.22769675925925928 0.6109375 0.11626157407407404 0.1328125
1 0.323119212962963 0.48828125 0.10295138888888893 0.1171875
1 0.41140046296296295 0.3828125 0.09136574074074062 0.1046875
1 0.35039351851851847 0.29375 0.08454861111111107 0.09375
1 0.48293981481481485 0.4796875 0.09357638888888893 0.1171875
1 0.27142361111111113 0.89765625 0.13515046296296296 0.165625
1 0.6482407407407408 0.59140625 0.11017361111111121 0.1359375
1 0.28910300925925925 0.7375 0.12464120370370368 0.14375
1 0.30997106481481485 0.60625 0.10688657407407405 0.1328125
1 0.4061342592592593 0.484375 0.09662037037037034 0.115625
1 0.3952893518518518 0.603125 0.11165509259259263 0.134375
1 0.5716145833333333 0.87890625 0.12141203703703703 0.171875
1 0.294369212962963 0.2140625 0.08438657407407409 0.090625
1 0.5673553240740741 0.47890625 0.09686342592592609 0.1203125
1 0.36812500000000004 0.8859375 0.13054398148148144 0.1671875
1 0.47129629629629627 0.734375 0.11690972222222218 0.1453125
1 0.20362268518518517 0.74375 0.12159722222222227 0.1453125
1 0.3829340277777778 0.7359375 0.11879629629629633 0.1515625
1 0.17833333333333332 0.9 0.1404861111111111 0.178125
1 0.47916666666666663 0.59765625 0.10351851851851848 0.128125
1 0.5692766203703703 0.728125 0.10925925925925917 0.1484375
1 0.14526041666666667 0.30234375 0.09055555555555554 0.0890625
1 0.009259259259259255 0.984375 0.01851851851851851 0.03125