1 0.1535580078125 0.759928434375 0.15644500781249998 0.6850162281250001 0.07934196875 0.6733117187500001 0.0777248453125 0.7444300484374999 0.1535580078125 0.759928434375
1 0.155269121875 0.608832646875 0.0786416421875 0.599852528125 0.07852830937500001 0.6729673593750001 0.15599514375 0.6849872328125 0.155269121875 0.608832646875
1 0.235978759375 0.6211061078125 0.1548277734375 0.6098145625 0.155991934375 0.6846505203125 0.2358103640625 0.697876903125 0.235978759375 0.6211061078125
1 0.23671121093749997 0.6979349640625 0.15555058593749999 0.6856324375 0.1550999109375 0.7597922546875 0.23655567031250002 0.7760543 0.23671121093749997 0.6979349640625
1 0.15374179999999998 0.6099086203125 0.1547012390625 0.5347644984375 0.07712943125 0.527885575 0.0781817125 0.6000643296875 0.15374179999999998 0.6099086203125
1 0.1565134953125 0.46124262656250004 0.077277903125 0.45550911875000005 0.07703647500000001 0.5282741390625 0.1559645796875 0.5354726671875001 0.1565134953125 0.46124262656250004
1 0.2378304984375 0.4655438421875 0.155666665625 0.460248353125 0.15541093125 0.5350500015625 0.23689496718749997 0.5431956390625 0.2378304984375 0.4655438421875
1 0.23595944375000003 0.6208482765625 0.2356376046875 0.5431146015625 0.1555420984375 0.5351324875000001 0.1542714828125 0.6087607765625 0.23595944375000003 0.6208482765625
1 0.32578118749999996 0.55049166875 0.235218109375 0.5430875640624999 0.2345319984375 0.6201396265625 0.32404366093750003 0.6318522421874999 0.32578118749999996 0.55049166875
1 0.3232784203125 0.5515838546875 0.3258519453125 0.46996336875000005 0.2369836609375 0.4645487265625 0.2361029515625 0.5433532265625 0.3232784203125 0.5515838546875
1 0.32641239375 0.6326165109375 0.2353879734375 0.6207963015625 0.23712192187499997 0.6985730359375 0.3259232671875 0.713117846875 0.32641239375 0.6326165109375
1 0.42104854999999997 0.6456621921875 0.3247442125 0.6331828484375001 0.3239404609375 0.7122783421875 0.41889329062499997 0.7300101046874999 0.42104854999999997 0.6456621921875
1 0.42220692812499994 0.560142921875 0.322971928125 0.55079518125 0.3231698421875 0.6314459578125 0.42054778125 0.644891284375 0.42220692812499994 0.560142921875
1 0.4215821 0.5610961890625 0.42284918125 0.4758968765625 0.3261021796875 0.46992060625 0.3246471828125 0.5513246281249999 0.4215821 0.5610961890625
1 0.32540645625 0.71384756875 0.23710561718749998 0.699220603125 0.23579939374999997 0.7755983843750001 0.3220517921875 0.79405485625 0.32540645625 0.71384756875
1 0.42030520625 0.7292076765625 0.323336146875 0.7127895828125 0.323290725 0.794442609375 0.41742095 0.8156075656249999 0.42030520625 0.7292076765625
1 0.5242908015625 0.747002540625 0.4190780296875 0.7300531359375 0.41692089218749995 0.81609019375 0.5222603109375 0.8365390203124999 0.5242908015625 0.747002540625
1 0.526335984375 0.6590073703125 0.42197879374999997 0.645502575 0.41926993125 0.7297862046875 0.5230536828125001 0.7469228078125 0.526335984375 0.6590073703125
1 0.5263389218750001 0.6593154625000001 0.5275497984374999 0.5703428078125 0.42241050468749997 0.5611007859375 0.42117430625 0.644469809375 0.5263389218750001 0.6593154625000001
1 0.527882509375 0.56951961875 0.5278720859375 0.48200861093749997 0.423586559375 0.475903178125 0.4231489671875 0.5596879390625 0.527882509375 0.56951961875
1 0.42359244374999994 0.47652020625 0.42442695781250006 0.39121982499999997 0.327575475 0.387134721875 0.3270970015625 0.469225059375 0.42359244374999994 0.47652020625
1 0.5303171343749999 0.3928067546875 0.42400833593750004 0.3905770375 0.422733065625 0.47538883906249996 0.5286935125000001 0.48175280625 0.5303171343749999 0.3928067546875
1 0.3263838765625 0.4705840140625 0.32632676875 0.3891405859375 0.23892288125 0.386070715625 0.23681895156250002 0.46495622187499996 0.3263838765625 0.4705840140625
1 0.1560702046875 0.46037026562500005 0.1553436453125 0.384159278125 0.07690604375 0.3823142234375 0.077127678125 0.4557854671875 0.1560702046875 0.46037026562500005
1 0.15567438125 0.4597609125 0.2376604671875 0.46562878906250005 0.23612278125000002 0.38615608749999997 0.1557283390625 0.3836010734375 0.15567438125 0.4597609125
1 0.23768492343749997 0.38625676875 0.23810129687499998 0.30720192968750004 0.154619878125 0.30824123281250004 0.15612415468750002 0.3842095828125 0.23768492343749997 0.38625676875
1 0.1553492140625 0.3847434765625 0.1557962109375 0.3089008875 0.0773792140625 0.309098915625 0.0768528140625 0.3819179203125 0.1553492140625 0.3847434765625
1 0.1568436640625 0.3081851765625 0.159254190625 0.23363597656250001 0.08048035625 0.2373140453125 0.0770156375 0.309042675 0.1568436640625 0.3081851765625
1 0.159254190625 0.23363597656250001 0.162829921875 0.158578875 0.0852518984375 0.164959609375 0.0804730734375 0.2370216546875 0.159254190625 0.23363597656250001
1 0.2447002140625 0.15218285781250002 0.16323800156249998 0.160355853125 0.16120102812499998 0.2331784515625 0.24075650624999997 0.2295516015625 0.2447002140625 0.15218285781250002
1 0.2419272703125 0.2296270578125 0.16002635625 0.2328108234375 0.15685201875000002 0.309061475 0.238387734375 0.308480609375 0.2419272703125 0.2296270578125
1 0.3339865328125 0.22797291875 0.240374596875 0.23040190625 0.23815179999999997 0.3075475796875 0.3304486578125 0.3071184953125 0.3339865328125 0.22797291875
1 0.3351500078125 0.1454640328125 0.2431419796875 0.1523743484375 0.2407620671875 0.23013495781249999 0.24041870781250002 0.23031305 0.333972609375 0.226512421875 0.3351500078125 0.1454640328125
1 0.3308304109375 0.30660553125 0.23763070156250002 0.30723805937500004 0.23699255 0.3859017171875 0.327172228125 0.388458125 0.3308304109375 0.30660553125
1 0.42645262500000003 0.3061291328125 0.3296220390625 0.30682966562499997 0.32796765156249996 0.388776071875 0.42483909999999997 0.3908291203125 0.42645262500000003 0.3061291328125
1 0.4317027875 0.221965546875 0.332478484375 0.22552942968749998 0.33205317968750003 0.3078915578125 0.42927888125 0.3063112859375 0.4317027875 0.221965546875
1 0.431708540625 0.22256910625 0.4317041828125 0.137462834375 0.3365605703125 0.1458165796875 0.33485354843750004 0.2268400875 0.431708540625 0.22256910625
1 0.42423152656249996 0.39099859531250003 0.5315797812499999 0.39308835468750003 0.53316739375 0.305670246875 0.4282675578125 0.306454740625 0.42423152656249996 0.39099859531250003
1 0.5347319734375 0.215836215625 0.43067705937499995 0.22059799687499998 0.4274485390625 0.30519473750000004 0.5343786453125 0.3057483125 0.5347319734375 0.215836215625
1 0.537925953125 0.127616434375 0.4314917171875 0.1367517296875 0.43062954375 0.22139077343750002 0.5359489875000001 0.2165186828125 0.537925953125 0.127616434375
1 0.6508745578124999 0.30391844687499997 0.5341947953124999 0.305091209375 0.5315401640624999 0.392823325 0.64570189375 0.395385865625 0.6508745578124999 0.30391844687499997
1 0.7768309171875 0.300561490625 0.6499433453125001 0.3038584296875 0.6466165203124999 0.3937059140625 0.7726425359375 0.39765565 0.7768309171875 0.300561490625
1 0.7791823359375 0.205782725 0.653713675 0.21160489999999998 0.64980614375 0.30479348906250003 0.776854134375 0.3029967734375 0.7791823359375 0.205782725
1 0.6527857859374999 0.211893384375 0.5375315703125 0.2162875390625 0.5332691078125 0.30608229374999996 0.651339040625 0.3039483828125 0.6527857859374999 0.211893384375
1 0.6551504703125001 0.1185060875 0.538081396875 0.1276516921875 0.5361358765625 0.216197584375 0.65464045 0.2113171890625 0.6551504703125001 0.1185060875
1 0.7805793171875 0.10850781875 0.6537514609375 0.11806847812500001 0.6535151375 0.2112934546875 0.7805647578125 0.204480365625 0.7805793171875 0.10850781875
1 0.9194619062499999 0.09555224375 0.7791935734375001 0.109461678125 0.778692125 0.20482237187500002 0.917168003125 0.196246303125 0.9194619062499999 0.09555224375
1 0.91808813125 0.1952615953125 0.7787034562499999 0.2043604046875 0.7768375453125 0.30125680625 0.916727640625 0.2963640953125 0.91808813125 0.1952615953125
1 0.915539003125 0.29535704687500003 0.7775267968749999 0.302109684375 0.7728629046875 0.3976631234375 0.9151251828125 0.398258621875 0.915539003125 0.29535704687500003
1 0.7721807187499999 0.4954047328125 0.642885253125 0.4885244609375 0.6422574140624999 0.5808846203125 0.769224134375 0.5929635828125 0.7721807187499999 0.4954047328125
1 0.642885253125 0.4885244609375 0.5276792734375 0.48182624843750005 0.5294443656250001 0.5704152796875 0.6423105203125 0.581149678125 0.642885253125 0.4885244609375
1 0.6478164390625001 0.39436372343750004 0.53168494375 0.39232957812499997 0.52805579375 0.48076444062499996 0.6467662468750001 0.48804773749999997 0.6478164390625001 0.39436372343750004
1 0.7736855499999999 0.39847833125 0.6463658203125 0.39499708437500003 0.6457910874999999 0.4876223015625 0.771204425 0.49497838281249995 0.7736855499999999 0.39847833125
1 0.9140999265625 0.399534365625 0.7751407578125 0.39820869062500003 0.7716914 0.49500976874999997 0.9131364015625 0.5023088140625 0.9140999265625 0.399534365625
1 0.9126401484375 0.501186546875 0.770722040625 0.49531072031249995 0.770040040625 0.592718359375 0.9097598296875 0.6067448765625 0.9126401484375 0.501186546875
1 0.771518478125 0.5931165015625 0.642174484375 0.581145959375 0.6399435312499999 0.67429538125 0.7680795125000001 0.691007690625 0.771518478125 0.5931165015625
1 0.64314271875 0.5808449343750001 0.5278928015625 0.5694201703124999 0.5276227390625 0.6594596171875 0.64208906875 0.6741661375 0.64314271875 0.5808449343750001
1 0.6406211171875 0.6729812468749999 0.5248599578124999 0.6589795406250001 0.5242401625 0.7468781359375 0.6400533171875 0.7663337625 0.6406211171875 0.6729812468749999
1 0.639567465625 0.7663024484375 0.52375084375 0.7464831703125 0.522169740625 0.8354092484375 0.6365831484375 0.8609520906249999 0.639567465625 0.7663024484375
1 0.7665781375 0.7882969015625 0.638601571875 0.766967053125 0.636909640625 0.8604195796875 0.7641316671875 0.888431778125 0.7665781375 0.7882969015625
1 0.7643593734375 0.8863794609375001 0.9031238609375001 0.9182154562499999 0.9050521546875 0.81477633125 0.7638951203125 0.78863799375 0.7643593734375 0.8863794609375001
1 0.9065038968750001 0.81414304375 0.9089087656249999 0.7096443531250001 0.76735171875 0.6907100859375 0.7638913078125 0.7882381453125 0.9065038968750001 0.81414304375
1 0.7683280109374999 0.6911364359375 0.6408684906250001 0.67310991875 0.6407841984375 0.7661301703125 0.764953221875 0.787506540625 0.7683280109374999 0.6911364359375
1 0.9108370625 0.606205228125 0.7698085828125001 0.5916653171874999 0.7678317578125 0.69001416875 0.907460490625 0.7106412921875 0.9108370625 0.606205228125