1 0.35471953906250003 0.0158168078125 0.33150734531250003 0.0792516671875 0.39692891406249997 0.0916693890625 0.4188297921875 0.026139021875 0.35471953906250003 0.0158168078125
1 0.42011670468749995 0.0263922203125 0.397773546875 0.09092879375 0.46496365781250004 0.100067359375 0.48292297812499996 0.035575050000000004 0.419794396875 0.0263288078125 0.42011670468749995 0.0263922203125
1 0.4844333515625 0.0343569265625 0.46429958750000005 0.09857599218749999 0.531008840625 0.1112470640625 0.5485841546875 0.042598156250000005 0.4844333515625 0.0343569265625
1 0.3323370140625 0.07906438593750001 0.3052919796875 0.147462303125 0.37479651875000003 0.15976350625 0.397292915625 0.090470646875 0.332661640625 0.07912825625 0.3323370140625 0.07906438593750001
1 0.3978621296875 0.09241361406250001 0.37479651875000003 0.15976350625 0.4438545234375 0.1710613671875 0.46427995156249996 0.10044446874999999 0.3978621296875 0.09241361406250001
1 0.4652546046875 0.10063623125000001 0.44448334999999994 0.16981131249999998 0.5135625546875 0.1824871203125 0.5313674515625 0.10998085937499999 0.4652546046875 0.10063623125000001
1 0.5972987796875 0.1215790328125 0.531489890625 0.11092152343749999 0.5138667546875 0.181173196875 0.5821520546875 0.19140353906250002 0.5972987796875 0.1215790328125
1 0.548281721875 0.042794467187500004 0.5318167359375 0.11097929843750001 0.599045125 0.12283920156250001 0.6130354359375 0.055077521875 0.548281721875 0.042794467187500004
1 0.6124614921875 0.0548513875 0.5971972984375 0.1220173546875 0.6653821328125 0.13268513125 0.677077071875 0.0630991515625 0.6124614921875 0.0548513875
1 0.3056989609375 0.14613376875 0.277492296875 0.221084925 0.34932365625 0.235217703125 0.3741839703125 0.159194496875 0.3056989609375 0.14613376875
1 0.3757030734375 0.1598689359375 0.3499411453125 0.23496255000000002 0.422724134375 0.24740042343750002 0.4437449640625 0.1698696 0.3757030734375 0.1598689359375
1 0.4450216328125 0.170648740625 0.4226899765625 0.245136009375 0.49485470468750004 0.25782888593750003 0.5136734875 0.1813692125 0.4450216328125 0.170648740625
1 0.51350668125 0.182089684375 0.494237215625 0.2580840390625 0.566835934375 0.2701101015625 0.5824509609375 0.19302009375 0.51350668125 0.182089684375
1 0.597610990625 0.12131606718750002 0.583264265625 0.1941391390625 0.65280856875 0.203682109375 0.665653896875 0.13131584062499999 0.597610990625 0.12131606718750002
1 0.7321372375 0.1424914 0.66497925 0.132289090625 0.6518497984375 0.2034706125 0.7223124078125001 0.2150753078125 0.7321372375 0.1424914
1 0.6530847765625001 0.2029603046875 0.6396410359375 0.28273520625000004 0.7114898640625 0.298000265625 0.722329875 0.216207590625 0.6530847765625001 0.2029603046875
1 0.5832518078125 0.19211956875 0.56681934375 0.2679199015625 0.6391680984375 0.2810256296875 0.6523785703125 0.203462525 0.5832518078125 0.19211956875
1 0.7325933421874999 0.14094719687499999 0.7411014 0.0752550296875 0.6776478703125 0.0635238765625 0.66430124375 0.13202724375 0.7325933421874999 0.14094719687499999
1 0.7413688296875 0.075307646875 0.733328153125 0.1425972625 0.799635378125 0.1552665234375 0.80702440625 0.08596764999999999 0.7413688296875 0.075307646875
1 0.80628989375 0.0857229875 0.800020128125 0.1572243625 0.8662272578125 0.16912172812499998 0.8693605156249999 0.100113290625 0.80628989375 0.0857229875
1 0.79934451875 0.15553151406250001 0.7932992 0.22966566875 0.8618259390624999 0.2423960609375 0.8656097687500001 0.16937688281250002 0.79934451875 0.15553151406250001
1 0.73264766875 0.14240894843750002 0.723520015625 0.21631329843749997 0.7924150515624999 0.22986835781249998 0.799635378125 0.1552665234375 0.73264766875 0.14240894843750002
1 0.7223432578125 0.2161078984375 0.7112450781249999 0.29707145156250003 0.78439481875 0.31033368437500003 0.7925643906250001 0.22801560156249998 0.7223432578125 0.2161078984375
1 0.7935202203125 0.2284562109375 0.7832432421875 0.31048375781250004 0.8557760265625 0.324002340625 0.861541815625 0.2412113125 0.7935202203125 0.2284562109375
1 0.78283146875 0.3090126390625 0.77396284375 0.39622455156249997 0.8508681671874999 0.409175221875 0.8562566359374999 0.3230224796875 0.78283146875 0.3090126390625
1 0.7101264734375 0.297396740625 0.6988938703125 0.38232671875 0.7744845203125 0.39676370781250003 0.7823292234375 0.3097857671875 0.7095418234374999 0.297209865625 0.7101264734375 0.297396740625
1 0.6399738734375 0.282156259375 0.6251199 0.3656313296875 0.699396115625 0.3815535921875 0.711282528125 0.296679315625 0.6399738734375 0.282156259375
1 0.5663553718750001 0.26958883125 0.5490319265625 0.353879965625 0.6245067265625 0.367421128125 0.6392549562500001 0.28136602499999996 0.5663553718750001 0.26958883125
1 0.49505515312500004 0.2586629796875 0.47334461718750004 0.339860478125 0.5490319265625 0.353879965625 0.5670869078125 0.268910890625 0.49505515312500004 0.2586629796875
1 0.42220417968749996 0.246501290625 0.398102771875 0.3281090375 0.47305512343749995 0.341110890625 0.4952287984375 0.2565167390625 0.42220417968749996 0.246501290625
1 0.3985085984375 0.327752365625 0.3711547109375 0.41656006874999996 0.451000590625 0.43357815781250003 0.47355736718749997 0.34033776250000003 0.3985085984375 0.327752365625
1 0.47339201875 0.3390414015625 0.45067121875 0.4322048953125 0.530361375 0.4457034796875 0.5489355078125 0.3542964234375 0.47339201875 0.3390414015625
1 0.5496498953125 0.3540450953125 0.530766959375 0.4453478515625 0.60873685625 0.4606883828125 0.6238883890625 0.367299471875 0.5496498953125 0.3540450953125
1 0.6246305234375 0.36687942812499996 0.6084074828125 0.45931511875000003 0.687421746875 0.47573307187499997 0.6995953703125 0.382630203125 0.6246305234375 0.36687942812499996
1 0.7001948078125 0.38144076875 0.686087640625 0.4759071046875 0.7650824734375 0.4910127734375 0.7742585156249999 0.39688470468750003 0.7001948078125 0.38144076875
1 0.7744449421875 0.3977933265625 0.765669084375 0.49190325 0.8457656 0.5050463609375 0.8513251890625 0.4097702390625 0.7744449421875 0.3977933265625
1 0.7659790234375 0.49196423125 0.754794496875 0.5961637296875 0.8398410359374999 0.6102796625 0.845050071875 0.505341009375 0.7659790234375 0.49196423125
1 0.686719321875 0.47690659531249996 0.6718704265625 0.580388396875 0.7548673328125 0.5949730125 0.7659552 0.49119101406250004 0.686719321875 0.47690659531249996
1 0.608971834375 0.46065079375 0.5904779312499999 0.5630660109375001 0.6733976078125 0.579380409375 0.6867680625 0.47691945156250004 0.608971834375 0.46065079375
1 0.5302025484375 0.444193953125 0.5076735703125 0.5476462468750001 0.5913095484374999 0.5636661484375 0.6084882281249999 0.461517940625 0.5302025484375 0.444193953125
1 0.4503714546875 0.432323353125 0.4250824921875 0.5327049625 0.5079633078125 0.5463947921875 0.52897171875 0.44587311406249996 0.4503714546875 0.432323353125
1 0.3501073796875 0.236080559375 0.3233312109375 0.315408365625 0.397142534375 0.3277502953125 0.422139375 0.24632743124999998 0.3501073796875 0.236080559375
1 0.278137384375 0.22151338125 0.2460195296875 0.3028131703125 0.3232345515625 0.3158258625 0.34999152968749997 0.23518473437499998 0.278137384375 0.22151338125
1 0.2472394234375 0.3026961328125 0.21390816250000003 0.3898128953125 0.292785890625 0.40402466875 0.32251902499999996 0.3161205125 0.2472394234375 0.3026961328125
1 0.32313477968750004 0.3161905 0.2932119203125 0.4049804359375 0.37187713906250003 0.4187138828125 0.39785753125 0.327454453125 0.32313477968750004 0.3161905
1 0.2598246375 0.501948615625 0.293708615625 0.40485609062499994 0.21373140156249998 0.3908416515625 0.17644157656249998 0.48903191250000005 0.2598246375 0.501948615625
1 0.293847590625 0.40529600156249995 0.2599038921875 0.50320844375 0.342435146875 0.518202184375 0.370636821875 0.4173518890625 0.293847590625 0.40529600156249995
1 0.370837359375 0.4176340984375 0.34162373125 0.518914484375 0.4254520140625 0.534100278125 0.4503464078125 0.43216276093749995 0.370837359375 0.4176340984375
1 0.17680600625 0.48931479843750003 0.133843496875 0.5957375984375 0.22211230468749998 0.6125470875000001 0.25999880625 0.5024564125000001 0.17680600625 0.48931479843750003
1 0.1797821 0.7329060625 0.2232037703125 0.6129882546875 0.134880009375 0.5948279249999999 0.0874116734375 0.7141748875 0.1797821 0.7329060625
1 0.2608531375 0.503401740625 0.223545325 0.611715425 0.309442815625 0.6280583578125001 0.3423393140625 0.5180995109375 0.2608531375 0.503401740625
1 0.311271040625 0.6273033671875 0.2229050984375 0.6123166265625 0.18133776562499998 0.7315411843749999 0.2747464953125 0.7493619484375 0.311271040625 0.6273033671875
1 0.366064434375 0.766042009375 0.397343346875 0.6431320546875 0.309854559375 0.6266883062499999 0.2733919265625 0.74935560625 0.366064434375 0.766042009375
1 0.4254470125 0.533399340625 0.3969831109375 0.6435815140625001 0.4848300390625 0.658998446875 0.5081448515625 0.547827146875 0.4254470125 0.533399340625
1 0.5715252640624999 0.6754700312499999 0.48571670468750006 0.6581670609375 0.459295578125 0.7830625703125 0.5515511984375 0.7988200453125 0.5715252640624999 0.6754700312499999
1 0.5076163625000001 0.5487834328125001 0.4846126796875 0.6583700328125001 0.5718963765625 0.6751446328124999 0.5912016718750001 0.56363295 0.5076163625000001 0.5487834328125001
1 0.5725473156249999 0.6760085765625 0.5510908484375 0.79952739375 0.644496778125 0.816707528125 0.6578712984374999 0.6924585624999999 0.5725473156249999 0.6760085765625
1 0.5914845609375 0.563688609375 0.5714368015625 0.6758521328125 0.6577828359375 0.6928406640625 0.6726462671875 0.58005663125 0.5914845609375 0.563688609375
1 0.7452378109375 0.708749803125 0.65715765 0.6917782234375001 0.644756278125 0.815461009375 0.736694003125 0.8351466328124999 0.7452378109375 0.708749803125
1 0.6724267234375 0.5794027484375001 0.65786565 0.692357303125 0.744865684375 0.7090760921875 0.7553070203125001 0.5962188484375 0.6724267234375 0.5794027484375001
1 0.7551681359375 0.594804684375 0.744865684375 0.7090760921875 0.8318489937500001 0.7245930765625 0.8391394999999999 0.60872323125 0.7551681359375 0.594804684375
1 0.7452136296874999 0.709541878125 0.7364111140625 0.8350909765625 0.8268788593749999 0.8508951031249999 0.8323085703125 0.723885575 0.7452136296874999 0.709541878125
1 0.425839440625 0.5351355328125 0.34317305 0.5187882375 0.3111590640625 0.6270679734375 0.3976504109375 0.6425981109375 0.425839440625 0.5351355328125
1 0.4849774421875 0.6592832640624999 0.3980515375 0.6434869265625001 0.36724638593750003 0.7659806437500001 0.4599582765625 0.7832299671875 0.4849774421875 0.6592832640624999