1 0.4900434515625 0.492026559375 0.3985664640625 0.5119229203125 0.4129005796875 0.549012453125 0.4980954578125 0.529940178125 0.4900434515625 0.492026559375
1 0.8129088078125 0.538301934375 0.7377405796875001 0.5399972921875 0.730619278125 0.56949435625 0.79801661875 0.5695540875 0.8129088078125 0.538301934375
1 0.7367691140625 0.5402167015625 0.6613273546875 0.55878379375 0.658578075 0.5872934187500001 0.7301339671875 0.5696039671875 0.7367691140625 0.5402167015625
1 0.6614093859375 0.5591469953125 0.5861190609375 0.573859953125 0.5884789609375 0.6046538484374999 0.6567993453125001 0.5884592703125 0.6614093859375 0.5591469953125
1 0.5863348484375 0.5749484625 0.5112630874999999 0.59251570625 0.5164940421875001 0.6205024453125 0.5885852515625001 0.604220328125 0.5863348484375 0.5749484625
1 0.5164940421875001 0.6205024453125 0.51156593125 0.5926510734375 0.43640659531250003 0.6098305671875 0.4453521875 0.6361619546874999 0.5164940421875001 0.6205024453125
1 0.43588848125 0.609947584375 0.3600308015625 0.6252445062499999 0.37412275781250004 0.6514337125 0.44478944374999996 0.6360852890625 0.43588848125 0.609947584375
1 0.36016230781249997 0.6258267625 0.2851711984375 0.6413361546874999 0.3035398359375 0.6659474999999999 0.3736038015625 0.651550921875 0.36016230781249997 0.6258267625
1 0.284090196875 0.6413758781250001 0.2107200984375 0.66406640625 0.23089675625 0.6858215734375 0.3037551046875 0.6656951140625 0.284090196875 0.6413758781250001
1 0.7450794875 0.5091113921875 0.7367813578125 0.53994996875 0.81198856875 0.538669875 0.8266274890625 0.5021161671875001 0.7450794875 0.5091113921875
1 0.6655549125 0.5274805578125 0.6621039703125 0.5592633515625 0.73600334375 0.5401256875 0.7458973375 0.507906528125 0.6655549125 0.5274805578125
1 0.6665928265625001 0.527246140625 0.58485850625 0.5442778578125 0.584647315625 0.5747176421875 0.66171340625 0.558739603125 0.6665928265625001 0.527246140625
1 0.5122564140625 0.59261619375 0.5874154515625001 0.574449034375 0.5846715515625001 0.544663440625 0.504393303125 0.5630930046875 0.5122564140625 0.59261619375
1 0.436274734375 0.610671440625 0.5117489875000001 0.59213471875 0.503949853125 0.5628947921874999 0.42506495156249996 0.582201821875 0.436274734375 0.610671440625
1 0.35996766406249997 0.62552075 0.43633292656249995 0.60916776875 0.4244935515625 0.5814370875 0.34383088125 0.598164578125 0.35996766406249997 0.62552075
1 0.2851813359375 0.64181549375 0.36028218125 0.62515200625 0.3437667640625 0.597880690625 0.26259750937500004 0.614126515625 0.2851813359375 0.64181549375
1 0.20997414062500003 0.6650611890625 0.284295415625 0.6414195031250001 0.262661628125 0.6144104046875001 0.18467352343750001 0.6376881046875 0.20997414062500003 0.6650611890625
1 0.8428640171874999 0.4604164609375 0.7561111953124999 0.4695769328125 0.74421911875 0.50862891875 0.8247803828125001 0.5002707578125001 0.8428640171874999 0.4604164609375
1 0.6658999796875 0.52691438125 0.7473153875 0.50822798125 0.7554814609375 0.470315240625 0.6704041640625 0.490424771875 0.6658999796875 0.52691438125
1 0.5852770546875 0.5443579828125 0.6654147328125 0.5274665703125 0.66948898125 0.49070159843749994 0.5840212984375001 0.51020596875 0.5852770546875 0.5443579828125
1 0.5046341203125 0.5637795796875 0.584678246875 0.5440903265625 0.5838089656250001 0.5104557046875 0.49748594218750003 0.529750359375 0.5046341203125 0.5637795796875
1 0.424798559375 0.5820125734375 0.5047600125 0.563147128125 0.49799816874999997 0.5296346703125 0.411931821875 0.5488720171875 0.424798559375 0.5820125734375
1 0.343762178125 0.5985022828125001 0.424586084375 0.58226168125 0.41146281250000005 0.5491790625 0.3253932578125 0.5672084359375 0.343762178125 0.5985022828125001
1 0.24008772031249997 0.5838572156249999 0.2630217890625 0.6139188859375 0.34423118750000004 0.5981952359375 0.3256923109375 0.5673426734375 0.24008772031249997 0.5838572156249999
1 0.184827334375 0.6382243062499999 0.26357723437499997 0.6139945546875001 0.2395322734375 0.5837815453124999 0.1522329015625 0.6047065296875 0.184827334375 0.6382243062499999
1 0.1538592265625 0.605950153125 0.239363159375 0.584222640625 0.2109474 0.548955296875 0.11805856562499999 0.571344465625 0.1538592265625 0.605950153125
1 0.325905484375 0.567092746875 0.41197504062499996 0.5490633734375 0.39764802499999996 0.5130307578125 0.303940940625 0.5329868796875 0.325905484375 0.567092746875
1 0.2393198 0.5840306546875 0.3256923109375 0.5673426734375 0.303086440625 0.5327769734375 0.21078134999999998 0.550603734375 0.2393198 0.5840306546875
1 0.4988526703125 0.529844578125 0.58376560625 0.5102637171875 0.582704196875 0.46982519062500006 0.4904975453125 0.4916573859375 0.4988526703125 0.529844578125
1 0.5838954046875 0.5108384203125 0.670600015625 0.49085356406249997 0.674872378125 0.4490086 0.5821495921875 0.46974933124999996 0.5838954046875 0.5108384203125
1 0.6700444265625001 0.4907772640625 0.7557244437499999 0.4710231578125 0.7665205187499999 0.4258933921875 0.6753837640625 0.4488931015625 0.6700444265625001 0.4907772640625
1 0.7553823125 0.47069819218750003 0.8425446359375 0.4610807046875 0.8592644937499999 0.4123974125 0.7665205187499999 0.4258933921875 0.7553823125 0.47069819218750003
1 0.7660515109375 0.4262004390625 0.8614432031250001 0.412509359375 0.8826236468750001 0.3561737671875 0.780503015625 0.3758145125 0.7660515109375 0.4262004390625
1 0.675852771875 0.4485860546875 0.76681943125 0.4260270015625 0.77990505 0.37554666718749996 0.681303921875 0.401239815625 0.675852771875 0.4485860546875
1 0.5831299875 0.4693267859375 0.675597078125 0.4486438046875 0.6817295718749999 0.40074078125 0.581413315625 0.4235994296875 0.5831299875 0.4693267859375
1 0.49122531093750005 0.49249993437499995 0.5829175125 0.4695758921875 0.581413315625 0.4235994296875 0.481107090625 0.4500799203125 0.49122531093750005 0.49249993437499995
1 0.3980777203125 0.5137395078125 0.49067070625 0.492424075 0.480547596875 0.44879646875 0.3809126828125 0.471098334375 0.3980777203125 0.5137395078125
1 0.3041966328125 0.5329291296875 0.3973923328125 0.5130885078125 0.38056956875000003 0.470772928125 0.27837030937499996 0.4924452640625 0.3041966328125 0.5329291296875
1 0.212101653125 0.5492986203125 0.303940940625 0.5329868796875 0.27802817968750004 0.49212029843750005 0.1779957734375 0.5102824921875 0.212101653125 0.5492986203125
1 0.11946851249999998 0.5716300390625 0.21158942656250002 0.549414309375 0.1775701234375 0.5107815265625 0.07824904218749999 0.538046434375 0.11946851249999998 0.5716300390625
1 0.02932665 0.49895303125 0.07718527343750001 0.539293609375 0.1775267640625 0.5105895406250001 0.13832231875 0.4656765265625 0.02932665 0.49895303125
1 0.13794073125 0.466366728125 0.1778698796875 0.5109149453125 0.2791815921875 0.49246381406250006 0.250683296875 0.4437229546875 0.13794073125 0.466366728125
1 0.24940314843750003 0.44401208125 0.2788825375 0.492329575 0.379801646875 0.47094636718749994 0.36073255937500004 0.419874759375 0.24940314843750003 0.44401208125
1 0.359708946875 0.42010594687499997 0.3802313421875 0.47165511562500007 0.4817411671875 0.448123996875 0.4702270765625 0.39595007656250003 0.359708946875 0.42010594687499997
1 0.47031365625 0.396333421875 0.48170185156249995 0.44913979375 0.5809875250000001 0.4240978328125 0.5800128390625 0.369745325 0.47031365625 0.396333421875
1 0.58035190625 0.368862946875 0.5815863328125 0.42436549062499995 0.6826272906249999 0.40114204375 0.6888573765625 0.3429466921875 0.58035190625 0.368862946875
1 0.68856236875 0.3440202375 0.682245703125 0.401832246875 0.7791796484375 0.37591228125 0.79787605625 0.3169151875 0.68856236875 0.3440202375
1 0.797746259375 0.31634048593749997 0.7806729703124999 0.375373228125 0.8820680578125 0.35609746875 0.9093493468749999 0.29818219375 0.797746259375 0.31634048593749997
1 0.79817190625 0.315841453125 0.9083257328125001 0.29841338125 0.939877125 0.2377834359375 0.9389126718749999 0.233513190625 0.817776209375 0.2465701390625 0.79817190625 0.315841453125
1 0.689885878125 0.3439230984375 0.7984708171875 0.3159750609375 0.8179886828124999 0.24632103125000002 0.6991191921875 0.2763901 0.689885878125 0.3439230984375
1 0.5806941796875 0.369188540625 0.691378359375 0.34338423281249997 0.69997369375 0.27660000625 0.5787501125000001 0.3045829046875 0.5806941796875 0.369188540625
1 0.47052613125000003 0.396084315625 0.5815486812499999 0.3693984484375 0.5796046125000001 0.3047928109375 0.45842340625 0.33296725625 0.47052613125000003 0.396084315625
1 0.36133136875 0.420142415625 0.47065202656249994 0.3954518625 0.45816771406249995 0.33302500468749996 0.337069184375 0.3603756421875 0.36133136875 0.420142415625
1 0.2505574015625 0.44435540625 0.3603077546875 0.420373603125 0.336214825 0.360166365625 0.2141367421875 0.3879393578125 0.2505574015625 0.44435540625
1 0.13922088125 0.4660776015625 0.24863132187499998 0.442978365625 0.2135843578125 0.38907103125 0.09132530625 0.4136630265625 0.13922088125 0.4660776015625
1 0 0.473812096875 0.0297514578125 0.4984541875 0.13935082031249998 0.46665293124999996 0.09051416718750001 0.41364510781249997 0 0.4383974640625 0 0.473812096875
1 0 0.4385472 0.09085323281249999 0.412762728125 0.0320359703125 0.3489198109375 0 0.35639058437500004 0 0.4385472
1 0.0323348828125 0.34905342031250003 0.0914952609375 0.41322174375 0.2147347078125 0.388207203125 0.17122805937500002 0.318288465625 0.0323348828125 0.34905342031250003
1 0.1714444359375 0.319246509375 0.2138802078125 0.387997296875 0.3363012640625 0.3605490796875 0.3071792078125 0.28879133437500004 0.1714444359375 0.319246509375
1 0.3064104453125 0.28896496250000003 0.33608893125 0.3607988171875 0.458037915625 0.332450303125 0.44308239374999997 0.2578958796875 0.3064104453125 0.28896496250000003
1 0.44218453125 0.2574939875 0.4588098828125 0.3334846484375 0.5791356046875 0.30509985624999997 0.5775763296875 0.22671403437499998 0.44218453125 0.2574939875
1 0.5774465296875 0.2261393328125 0.5786233765625 0.3052155453125 0.7000602734375 0.27698334999999996 0.7124487875 0.19363464531250002 0.5774465296875 0.2261393328125
1 0.7118508218749999 0.1933667984375 0.6998045796875 0.2770410984375 0.8174332359375001 0.2462453625 0.8455297125 0.1609598796875 0.7118508218749999 0.1933667984375
1 0.9201106046874999 0.1502645765625 0.8471087734375 0.1608043609375 0.8182413125 0.24505593750000002 0.938700096875 0.23257198906249998 0.9201106046874999 0.1502645765625
0 0 0.4519731421875 0.2139142234375 0.7080337171875 0.817158725 0.57780465 0.9203204968750001 0.1511939 0.9164804015625 0.1341913796875 0 0.3411825171875 0 0.4519731421875