1 0.9121203796874999 0.21599090625 0.7965855984375 0.2344818015625 0.784277665625 0.33069483593750004 0.8927865671875 0.3246531765625 0.9121203796874999 0.21599090625
1 0.8923785609375001 0.3245608125 0.78436444375 0.33082270468749997 0.7572615546875 0.4224829703125 0.8652595921874999 0.4295615578125 0.8923785609375001 0.3245608125
1 0.864972103125 0.42886343125000004 0.756034478125 0.42256702031250004 0.7336951296875001 0.5157496312500001 0.8373972453125 0.5318605359374999 0.864972103125 0.42886343125000004
1 0.756652596875 0.423044659375 0.6680688031249999 0.41875660156250005 0.6478177671875 0.5023673671875 0.7334605265625 0.5166405453125 0.756652596875 0.423044659375
1 0.7836604078125 0.330562925 0.692861625 0.3357834859375 0.6691759312500001 0.41825618750000004 0.7570216390625 0.42287785468749994 0.7836604078125 0.330562925
1 0.7972931171875 0.2343029546875 0.703181934375 0.24778165312499997 0.6932306671874999 0.33561668125 0.7838874625 0.3311150234375 0.7972931171875 0.2343029546875
1 0.53126535 0.41095551874999997 0.47793090312500003 0.4070160984375 0.461592565625 0.471383653125 0.5145803578125 0.48058798124999996 0.53126535 0.41095551874999997
1 0.5554836375 0.3410439 0.498434371875 0.342414675 0.478713546875 0.4069266265625 0.532232090625 0.4101821 0.5554836375 0.3410439
1 0.572791378125 0.2709571859375 0.510797725 0.2757716515625 0.4992751765625 0.342207978125 0.5557383265625 0.34110155625 0.572791378125 0.2709571859375
1 0.6183022890625 0.33879711874999996 0.5543122453125 0.3415727984375 0.5322245750000001 0.41052593281250005 0.5946537109375 0.4139959375 0.6183022890625 0.33879711874999996
1 0.5946917328125 0.41431748125 0.5320528921875 0.410256278125 0.5151052468749999 0.481218584375 0.5757789343749999 0.4911836125 0.5946917328125 0.41431748125
1 0.6691212156249999 0.41807233750000006 0.5940017656250001 0.41376490156249995 0.575092046875 0.4903096640625 0.6479039984375 0.5025511781249999 0.6691212156249999 0.41807233750000006
1 0.5941085109375 0.41344157656249997 0.6687848421875 0.41864096875 0.6931688859375 0.335672453125 0.6184978437499999 0.3387996640625 0.5941085109375 0.41344157656249997
1 0.5711804359375 0.2717484109375 0.5552610640625 0.3415548453125 0.6182593109375001 0.33852726093749996 0.63258815625 0.2604526078125 0.5711804359375 0.2717484109375
1 0.7042543234374999 0.2485029515625 0.6316732515625 0.26103891562500003 0.6176979890625 0.3384001890625 0.69232808125 0.33587915 0.7042543234374999 0.2485029515625
1 0.3496789546875 0.5722239390625 0.3132183875 0.559643690625 0.30219266562499997 0.612525653125 0.33493024375 0.62923878125 0.3496789546875 0.5722239390625
1 0.3883637875 0.5863273703125 0.350128009375 0.5720198328125 0.3352856796875 0.6291275703125 0.373791015625 0.6472950421875 0.3883637875 0.5863273703125
1 0.43140651406249997 0.601933025 0.3872079671875 0.5864849203125 0.37295601718750004 0.6466392203125 0.41719071874999997 0.6682147171875 0.43140651406249997 0.601933025
1 0.483285621875 0.6212132625 0.43055931562499994 0.6019505140625 0.41615521875 0.6674750390625 0.46511886718750006 0.6918337453125 0.483285621875 0.6212132625
1 0.48186087187500004 0.6213099328125 0.49767583593750003 0.551203434375 0.44661243749999996 0.537759615625 0.43061203593749997 0.602104571875 0.48186087187500004 0.6213099328125
1 0.43097932187500004 0.602673421875 0.446383071875 0.5374984140625 0.40151180625 0.5254563640625001 0.38734368125 0.586320709375 0.43097932187500004 0.602673421875
1 0.388067 0.5863853578125 0.4010348921875 0.525540075 0.3628521375 0.514916978125 0.350243503125 0.5720244640625001 0.388067 0.5863853578125
1 0.35003495625 0.5721187265625 0.36248853593749997 0.514834665625 0.3254733296875 0.5050404640624999 0.3132166078125 0.5594001093750001 0.35003495625 0.5721187265625
1 0.362355334375 0.5150216109375 0.374702890625 0.4582787890625 0.3383452578125 0.45188667968749996 0.3253659140625 0.5050924265625001 0.362355334375 0.5150216109375
1 0.41543615 0.4636814734375 0.3752001015625 0.4576846328125 0.362624340625 0.5150688171875 0.401864065625 0.5256625875000001 0.41543615 0.4636814734375
1 0.46065190625 0.47236182031249996 0.4147829234375 0.4640994890625 0.40149518906250004 0.525580384375 0.4469095875 0.53713255625 0.46065190625 0.47236182031249996
1 0.39106155625 0.40115574374999996 0.3507717375 0.3974696296875 0.3380521875 0.45133202499999997 0.37517674218749997 0.457661090625 0.39106155625 0.40115574374999996
1 0.40503612499999997 0.3445374140625 0.365931325 0.3446361828125 0.350801934375 0.3973167375 0.3907355078125 0.40172084531249996 0.40503612499999997 0.3445374140625
1 0.4081819484375 0.2840288296875 0.36720928124999996 0.28706164218749997 0.365309565625 0.344407415625 0.40574345625 0.3442177046875 0.4081819484375 0.2840288296875
1 0.45424573593749995 0.2802305 0.407649678125 0.28454789687500004 0.40562954375000004 0.343509325 0.45061638750000005 0.3431872265625 0.45424573593749995 0.2802305
1 0.4500539234375 0.3438591875 0.4056287875 0.3437125640625 0.3906673046875 0.401330534375 0.43323778749999997 0.40398977656249996 0.4500539234375 0.3438591875
1 0.4321804546875 0.40391014687500004 0.3902094828125 0.40112257968750004 0.3756182953125 0.4576013203125 0.415098540625 0.46430067656249996 0.4321804546875 0.40391014687500004
1 0.4145521890625 0.464656178125 0.46108795 0.4715145515625 0.47872015 0.407252140625 0.43163410312500006 0.40426564843749996 0.4145521890625 0.464656178125
1 0.49829195156250006 0.34294963125 0.4493024359375 0.344167596875 0.4329882484375 0.4039326328125 0.478634840625 0.4065939171875 0.49829195156250006 0.34294963125
1 0.5106758625000001 0.2759011859375 0.4531431625 0.28014062812499996 0.4497733484375 0.343954746875 0.4991990140625 0.3437945328125 0.5106758625000001 0.2759011859375
1 0.514108875 0.48116709843749994 0.46100649843749997 0.472339084375 0.44689824375000003 0.53756223125 0.4972064140625 0.5512314703125 0.514108875 0.48116709843749994
1 0.5408538921875 0.6431035625 0.48212909374999996 0.6213035031249999 0.46549136874999997 0.6915164703125 0.523611690625 0.7198823875 0.5408538921875 0.6431035625
1 0.555912184375 0.5668617296875 0.4973440578125 0.5512834921875001 0.48281989843749995 0.621222575 0.5418970390625 0.6430821875 0.555912184375 0.5668617296875
1 0.57333985 0.4908987515625 0.5147916171875 0.480479990625 0.4970727046875 0.5509867093749999 0.5565261953125 0.567258246875 0.57333985 0.4908987515625
1 0.6481596093750001 0.501828659375 0.5744101359375 0.4904297640625 0.5566169999999999 0.5675474078125 0.62775528125 0.5864061140625 0.6481596093750001 0.501828659375
1 0.7336586828125 0.515774628125 0.6466071078125 0.5017523265625 0.6270381875 0.58610165625 0.7130981078125 0.6088318359375 0.7336586828125 0.515774628125
1 0.8366813921875 0.5317891015625 0.7333621484374999 0.515436940625 0.7121412828125 0.6088016875 0.814268296875 0.6360649015625001 0.8366813921875 0.5317891015625
1 0.8144217484375 0.6352879625 0.713548215625 0.6083919609375 0.6954286375 0.70151605625 0.79329864375 0.7403975593750001 0.8144217484375 0.6352879625
1 0.7133946421874999 0.609169525 0.6270894625000001 0.5858420515625 0.6098219921875 0.66932959375 0.6939803828125 0.7019444625 0.7133946421874999 0.609169525
1 0.6255946234375 0.586045421875 0.558137340625 0.5667141609375 0.541301728125 0.642750534375 0.6098219921875 0.66932959375 0.6255946234375 0.586045421875
1 0.61061009375 0.6707147625000001 0.5413005859375 0.6435052328124999 0.5246793546874999 0.7201977546875 0.5927442453125 0.7537089234375001 0.61061009375 0.6707147625000001
1 0.694706215625 0.7013316515625 0.6104517328125 0.6699389499999999 0.591266575 0.753360065625 0.672866284375 0.7943697984375 0.694706215625 0.7013316515625
1 0.7713078125 0.8435856609375 0.6733432546875 0.7939047109375 0.6558815906250001 0.8862148140624999 0.7505737031249999 0.9466149312500001 0.7713078125 0.8435856609375
1 0.79399173125 0.7404247234375 0.6937531156250001 0.7022620171875 0.6725142984375 0.79413560625 0.7720442328125 0.8437523718750001 0.79399173125 0.7404247234375
1 0.724579625 1 0.7513938296875 0.946464184375 0.6565162515625 0.8862763421875 0.615075928125 0.9732963921875 0.6494095718749999 1 0.724579625 1
1 0.4878785453125 0.8716994250000001 0.5456355703125 0.9185162546875001 0.5774958375 0.8369579078125 0.510825421875 0.7959963875 0.4878785453125 0.8716994250000001
1 0.6561326546874999 0.8869555468750001 0.5768407343749999 0.8377399390625 0.5463183093749999 0.9188572703125001 0.615107825 0.973139321875 0.6561326546874999 0.8869555468750001
1 0.6559642625000001 0.8865451625 0.6724786 0.794068196875 0.5924554546875 0.7536200765625 0.5765023546875 0.8378002453125 0.6559642625000001 0.8865451625
1 0.5773842703125001 0.83783299375 0.5924493921875 0.7539609781250001 0.523723928125 0.7196065953125 0.5110096890625 0.79635299375 0.5773842703125001 0.83783299375
1 0.5241936390624999 0.7196790265625 0.46452751406250004 0.69161055625 0.451496871875 0.76217720625 0.5116867609375 0.7970063140625 0.5241936390624999 0.7196790265625
1 0.4887778328125 0.8719787968749999 0.5112307484375 0.7963150234375 0.451080490625 0.762082946875 0.43120771874999997 0.8312949625 0.4887778328125 0.8719787968749999
1 0.4652020484375 0.691612003125 0.41643973437500004 0.6683654703124999 0.40028133906249996 0.7332666328124999 0.45210585468750003 0.7629226859375 0.4652020484375 0.691612003125
1 0.451972221875 0.762597753125 0.40086164843749994 0.7332311015624999 0.37887945625 0.795423921875 0.43028587656250006 0.8313757421875 0.451972221875 0.762597753125
1 0.41665519531250006 0.667119471875 0.3734483796875 0.64657921875 0.35818374375 0.7079965828125 0.40102146875000005 0.7339374875 0.41665519531250006 0.667119471875
1 0.4012000984375 0.733857315625 0.35800195 0.7075166671875001 0.33546935 0.7660395796875 0.3780309796875 0.7960682953125 0.4012000984375 0.733857315625
1 0.35868809375 0.7081550890625 0.3242287265625 0.6860895390625 0.29624393125 0.7381436828125 0.33578857812499996 0.7657128531249999 0.35868809375 0.7081550890625
1 0.35844580000000004 0.70773775625 0.37315536875 0.6472385078125 0.3353173453125 0.629122353125 0.32448924218749997 0.686002478125 0.35844580000000004 0.70773775625
1 0.33540575625 0.6291488859375 0.3022723421875 0.612702765625 0.29205196718750004 0.666687596875 0.32411558125 0.6863123203125 0.33540575625 0.6291488859375
1 0.32411558125 0.6863123203125 0.29186439375 0.6670434765625 0.2633767234375 0.71342329375 0.2977313359375 0.738487571875 0.32411558125 0.6863123203125
0 0.7337044125000001 1 0.9481958625000001 0.1688963828125 0.3462668125 0.26765313125 0.2388528546875 0.715276453125 0.598582046875 1 0.7337044125000001 1