1 0.35745499999999997 0.2655672515625 0.302715625 0.2613801171875 0.28820625 0.30633918125 0.344594375 0.313611528125 0.35745499999999997 0.2655672515625
1 0.41268874999999994 0.26160066875 0.35761937499999996 0.26622890625 0.34574875 0.3103057640625 0.403290625 0.30832247343749997 0.41268874999999994 0.26160066875
1 0.46990125000000005 0.2582949046875 0.413348125 0.2613801171875 0.403455625 0.3065597328125 0.462646875 0.3039147875 0.46990125000000005 0.2582949046875
1 0.5277731250000001 0.2547685875 0.47006625 0.25697243125 0.462646875 0.3039147875 0.52414625 0.30237176250000003 0.5277731250000001 0.2547685875
1 0.524640625 0.302812865625 0.58647 0.301050125 0.585645625 0.24991979999999997 0.52744375 0.2545480375 0.524640625 0.302812865625
1 0.58647 0.301050125 0.649618125 0.299727653125 0.646320625 0.24793650781249998 0.586964375 0.2503609015625 0.58647 0.301050125
1 0.649618125 0.29950710156250004 0.71425 0.29531996718750003 0.7074900000000001 0.24330827031250002 0.646155625 0.2470551375 0.649618125 0.29950710156250004
1 0.714415 0.295760234375 0.781190625 0.282316625 0.770473125 0.2263383453125 0.708149375 0.2439690890625 0.714415 0.295760234375
1 0.71425 0.29620133593750003 0.721834375 0.35041687499999996 0.794050625 0.3424828734375 0.7810256250000001 0.28121470312499997 0.71425 0.29620133593750003
1 0.649618125 0.299727653125 0.6530806250000001 0.3550451125 0.72282375 0.34931495468749996 0.71425 0.29509941562500003 0.649618125 0.299727653125
1 0.586635 0.3008295734375 0.58647 0.3550451125 0.652750625 0.35438345937500004 0.649288125 0.29906599843750004 0.586635 0.3008295734375
1 0.52414625 0.3025923140625 0.520024375 0.35658730156249996 0.586635 0.354604009375 0.5863050000000001 0.300388471875 0.52414625 0.3025923140625
1 0.46297625 0.30479615781249997 0.455556875 0.35724895624999997 0.52068375 0.35438345937500004 0.52414625 0.303473684375 0.46297625 0.30479615781249997
1 0.40395000000000003 0.3061186296875 0.39290375 0.3590116953125 0.45621625000000005 0.35702840468749997 0.462811875 0.3039147875 0.40395000000000003 0.3061186296875
1 0.34574875 0.31096741875 0.33189875 0.3631988296875 0.39273875 0.3583508765625 0.403620625 0.30810192187499996 0.34574875 0.31096741875
1 0.28837125 0.306780284375 0.27155375 0.35636675 0.33222874999999996 0.36341938125 0.345913125 0.3114076859375 0.28837125 0.306780284375
1 0.27204812500000003 0.3574695078125 0.251438125 0.41168421093749996 0.31689500000000004 0.41741436875 0.33140437500000003 0.3631988296875 0.27204812500000003 0.3574695078125
1 0.33189875 0.3627585625 0.316070625 0.4187368421875 0.3810325 0.41587217968749995 0.3938925 0.358571428125 0.33189875 0.3627585625
1 0.3808675 0.41587217968749995 0.44813749999999997 0.41322723437500003 0.45572187499999994 0.35702840468749997 0.393068125 0.3590116953125 0.3808675 0.41587217968749995
1 0.4479725 0.413888053125 0.5163968750000001 0.413888053125 0.52018875 0.35438345937500004 0.455556875 0.35680785312499996 0.4479725 0.413888053125
1 0.5165618750000001 0.41410860468750005 0.585975 0.412566415625 0.5858106249999999 0.3548245609375 0.52051875 0.35570593125 0.5165618750000001 0.41410860468750005
1 0.585975 0.412566415625 0.6570375 0.41124394375 0.6530806250000001 0.354604009375 0.585645625 0.3550451125 0.585975 0.412566415625
1 0.6570375 0.41124394375 0.729913125 0.40970091875000003 0.72134 0.3488738515625 0.6530806250000001 0.353943190625 0.6570375 0.41124394375
1 0.7301012499999999 0.4103625734375 0.8064399999999999 0.40353049218750003 0.79292 0.342262321875 0.721363125 0.3486533 0.7301012499999999 0.4103625734375
1 0.730573125 0.41058228906250005 0.73964125 0.4786825390625 0.82175 0.46700167031250006 0.8060868749999999 0.40375020937499995 0.730573125 0.41058228906250005
1 0.6570375 0.41124394375 0.661489375 0.48022472812499994 0.73947625 0.4786825390625 0.7304081250000001 0.4099214703125 0.6570375 0.41124394375
1 0.585645625 0.41300668281249997 0.585315625 0.47912280625000003 0.66198375 0.4797844609375 0.6568725 0.41168421093749996 0.585645625 0.41300668281249997
1 0.516066875 0.413888053125 0.511120625 0.4780208859375 0.585315625 0.47956390937500004 0.5858106249999999 0.41278613125 0.516066875 0.413888053125
1 0.44797624999999996 0.4143684203125 0.43847875 0.4778412703125 0.51158875 0.4783199671875 0.516068125 0.41532665 0.44797624999999996 0.4143684203125
1 0.38077937500000003 0.4160451125 0.36734062500000003 0.4783199671875 0.43847875 0.47808103593749995 0.447796875 0.4143684203125 0.38077937500000003 0.4160451125
1 0.38095875 0.41628487812500004 0.31645 0.4189189640625 0.2994275 0.481913115625 0.36716125 0.47808103593749995 0.38095875 0.41628487812500004
1 0.31680875 0.4189189640625 0.251404375 0.41221303281250005 0.23008062499999998 0.4773617375 0.299248125 0.48239181249999996 0.31680875 0.4189189640625
1 0.22937375000000002 0.4777485375 0.20457062499999998 0.549722640625 0.2777075 0.5539732671875 0.2995425 0.4819991640625 0.22937375000000002 0.4777485375
1 0.277919375 0.55340685 0.351268125 0.5514227234375 0.3671675 0.4774653296875 0.2995425 0.4819991640625 0.277919375 0.55340685
1 0.367379375 0.4780317453125 0.351268125 0.551989975 0.4273725 0.5514227234375 0.43818437499999996 0.47718212187500003 0.367379375 0.4780317453125
1 0.4273725 0.5514227234375 0.505385 0.5522731828125 0.510685 0.47831578906249994 0.43776000000000004 0.4774653296875 0.4273725 0.5514227234375
1 0.505596875 0.551989975 0.585729375 0.5528395984375 0.5853056249999999 0.478598996875 0.510896875 0.4777485375 0.505596875 0.551989975
1 0.585729375 0.55340685 0.6675575 0.5570902249999999 0.662045625 0.4791654140625 0.58488125 0.47888220625000005 0.585729375 0.55340685
1 0.666921875 0.5568070171875 0.751081875 0.5576566421875 0.739634375 0.48001587343749996 0.662045625 0.48001587343749996 0.666921875 0.5568070171875
1 0.75129375 0.5573734328125 0.8399056249999999 0.5437719296875 0.821250625 0.46698078593750003 0.739634375 0.48001587343749996 0.75129375 0.5573734328125
1 0.751718125 0.5576566421875 0.765073125 0.6474828734375 0.8621650000000001 0.6358646609374999 0.83969375 0.5440551375 0.751718125 0.5576566421875
1 0.66713375 0.5573734328125 0.673493125 0.6443659140625 0.766133125 0.6469156218750001 0.751718125 0.5570902249999999 0.66713375 0.5573734328125
1 0.5859412500000001 0.5528395984375 0.58488125 0.6415321640625 0.67434125 0.6435154546875 0.667345625 0.5559565578125001 0.5859412500000001 0.5528395984375
1 0.505173125 0.55170593125 0.49860125 0.640398496875 0.58488125 0.641815371875 0.5853056249999999 0.55312280625 0.505173125 0.55170593125
1 0.427796875 0.551989975 0.41465312499999996 0.6375647453125 0.498813125 0.639264828125 0.50496125 0.55170593125 0.427796875 0.551989975
1 0.35105624999999996 0.5514227234375 0.331765 0.6352982453125 0.415076875 0.6375647453125 0.427796875 0.55170593125 0.35105624999999996 0.5514227234375
1 0.278343125 0.554822890625 0.25332875 0.6350150375 0.33218875 0.6352982453125 0.35148 0.5514227234375 0.278343125 0.554822890625
1 0.2787675 0.5539732671875 0.2047825 0.5505731 0.17425625 0.632747703125 0.25332875 0.6338813703125 0.2787675 0.5539732671875
1 0.17425625 0.6330309109375001 0.13843 0.719456975 0.224285625 0.7316416046875001 0.25311625000000004 0.6344477859375 0.17425625 0.6330309109375001
1 0.252904375 0.6350150375 0.224285625 0.732491228125 0.30993 0.7341913109375 0.332400625 0.635581453125 0.252904375 0.6350150375
1 0.332613125 0.6347309937500001 0.31035375 0.7336248953125 0.399601875 0.7361754390625 0.41465312499999996 0.6364319125 0.332613125 0.6347309937500001
1 0.39981374999999997 0.7356081875 0.49097 0.740142021875 0.498389375 0.6386984124999999 0.41465312499999996 0.6369983296874999 0.39981374999999997 0.7356081875
1 0.491181875 0.7398588140625 0.5844575 0.7441094406250001 0.58488125 0.64124895625 0.498389375 0.6401152875 0.491181875 0.7398588140625
1 0.5844575 0.74467585625 0.680913125 0.749209690625 0.673493125 0.6435154546875 0.584669375 0.64124895625 0.5844575 0.74467585625
1 0.68070125 0.7494928984375 0.781184375 0.7531771093749999 0.7654975 0.64634920625 0.6741293749999999 0.6440827062500001 0.68070125 0.7494928984375
1 0.781820625 0.7540267328125 0.887815625 0.7489264828125 0.8604687500000001 0.6350150375 0.765073125 0.6466324140624999 0.781820625 0.7540267328125
1 0.781820625 0.753743525 0.801959375 0.8781395156249999 0.918554375 0.8826733499999999 0.8867556249999999 0.7480760234375 0.781820625 0.753743525
1 0.680913125 0.74977610625 0.69002875 0.8733224734375 0.801959375 0.8778563078125 0.78139625 0.7531771093749999 0.680913125 0.74977610625
1 0.5844575 0.745242271875 0.583609375 0.8648212203125001 0.689816875 0.8721888046874999 0.680913125 0.7489264828125 0.5844575 0.745242271875
1 0.49097 0.7392923984374999 0.480794375 0.85745446875 0.584245625 0.8659548875 0.585093125 0.7443926484375 0.49097 0.7392923984374999
1 0.39939 0.736458646875 0.381370625 0.8523533828125001 0.48164187500000005 0.8585873015625 0.49075749999999996 0.738725146875 0.39939 0.736458646875
1 0.31035375 0.7341913109375 0.284279375 0.848953215625 0.3815825 0.8543375109375001 0.399178125 0.7353249796875 0.31035375 0.7341913109375
1 0.22471000000000002 0.7319248125 0.191215625 0.8447025890625 0.284703125 0.848953215625 0.310565625 0.7341913109375 0.22471000000000002 0.7319248125
1 0.13843 0.7205898078125 0.096455625 0.829401003125 0.191003125 0.8452698406250001 0.22471000000000002 0.732491228125 0.13843 0.7205898078125
0 0.786509375 0.21317543906249997 0.2947975 0.241030075 0.06894125 0.8425413531249999 0.94554875 0.9121888046875 0.786509375 0.21317543906249997