1 0.56484375 0.09765625 0.078125 0.07265625
1 0.4140625 0.103125 0.07265625 0.07265625
1 0.26875 0.11015625 0.078125 0.07265625
1 0.34296875 0.11015625 0.07890625 0.0734375
1 0.709375 0.09765625 0.08046875 0.07265625
1 0.409375 0.25078125 0.08203125 0.08359375
1 0.4125 0.178125 0.078125 0.07578125
1 0.4921875 0.171875 0.075 0.0734375
1 0.2578125 0.18359375 0.0859375 0.08046875
1 0.33671875 0.1796875 0.08125 0.0765625
1 0.6453125 0.16875 0.084375 0.0765625
1 0.7953125 0.17109375 0.0859375 0.07890625
1 0.56953125 0.171875 0.08203125 0.07734375
1 0.49765625 0.3375 0.0875 0.09375
1 0.7234375 0.1703125 0.08515625 0.0765625
1 0.57578125 0.24765625 0.0875 0.084375
1 0.40078125 0.4359375 0.09375 0.10390625
1 0.76640625 0.428125 0.103125 0.1015625
1 0.7359375 0.246875 0.09453125 0.0859375
1 0.246875 0.25703125 0.0875 0.084375
1 0.23046875 0.34296875 0.0953125 0.09296875
1 0.321875 0.340625 0.09296875 0.09609375
1 0.83359375 0.3328125 0.09765625 0.0921875
1 0.33046875 0.259375 0.0890625 0.08671875
1 0.66875 0.3359375 0.09375 0.09296875
1 0.503125 0.54453125 0.1 0.115625
1 0.6921875 0.53828125 0.10859375 0.1125
1 0.5890625 0.43046875 0.09921875 0.10390625
1 0.30625 0.5484375 0.11171875 0.11953125
1 0.65546875 0.24765625 0.08984375 0.08828125
1 0.21796875 0.43984375 0.10390625 0.1046875
1 0.75078125 0.3375 0.096875 0.09140625
1 0.8546875 0.42734375 0.10390625 0.10234375
1 0.4046875 0.340625 0.08984375 0.09765625
1 0.87578125 0.53515625 0.11640625 0.11640625
1 0.203125 0.5515625 0.109375 0.115625
1 0.609375 0.665625 0.1125 0.128125
1 0.3953125 0.6734375 0.10390625 0.12890625
1 0.809375 0.6609375 0.1234375 0.12734375
1 0.31640625 0.43671875 0.1015625 0.1046875
1 0.58046875 0.3359375 0.0921875 0.0921875
1 0.7859375 0.53828125 0.1140625 0.11171875
1 0.68046875 0.434375 0.10703125 0.10625
1 0.3984375 0.5484375 0.103125 0.11875
1 0.29375 0.678125 0.11953125 0.13515625
1 0.18359375 0.67734375 0.125 0.134375
1 0.90390625 0.6578125 0.121875 0.128125
1 0.4984375 0.43828125 0.09453125 0.10546875
1 0.709375 0.6671875 0.11796875 0.128125
1 0.596875 0.54296875 0.1109375 0.115625
1 0.5046875 0.6703125 0.1109375 0.12421875
1 0.72734375 0.8046875 0.13125 0.14765625
1 0.50703125 0.81171875 0.115625 0.159375
1 0.61640625 0.80859375 0.12109375 0.15859375
1 0.3890625 0.81875 0.1140625 0.15625
1 0.278125 0.8171875 0.12734375 0.1578125
1 0.83203125 0.803125 0.13515625 0.146875
1 0.9453125 0.79921875 0.109375 0.15625
1 0.1640625 0.82109375 0.13515625 0.15546875
1 0.764875 0.2073822921875 0.77985546875 0.29075833281249996 0.8598921875000001 0.29075833281249996 0.83891953125 0.20795312500000002 0.764875 0.2073822921875
1 0.4520046875 0.2119510421875 0.4520046875 0.2941854171875 0.5337531249999999 0.2919010421875 0.5307570312500001 0.21080833281250003 0.4520046875 0.2119510421875
1 0.4528 0.0710833328125 0.4528 0.13880625 0.52684765625 0.1376333328125 0.5242109375 0.067859375 0.4528 0.0710833328125
1 0.5954648437500001 0.0664395828125 0.60221484375 0.13508437499999998 0.6756031250000001 0.1327385421875 0.66593515625 0.0661885421875 0.5954648437500001 0.0664395828125
1 0.7356882812500001 0.0677291671875 0.74915625 0.1352302078125 0.82078671875 0.1355229171875 0.80452734375 0.06897291718750001 0.7356882812500001 0.0677291671875