1 0.698637571875 0.1974430078125 0.6565427015624999 0.18779840781249998 0.654118259375 0.269933784375 0.6972861265625 0.2754356265625 0.698637571875 0.1974430078125
1 0.6975208875 0.2754228328125 0.65620836875 0.268877553125 0.6606018140625001 0.35095546875 0.7031980234375 0.352404184375 0.6975208875 0.2754228328125
1 0.7027128921875 0.35180240937499996 0.66010039375 0.3497254828125 0.6670613000000001 0.4310361421875 0.7077169578125 0.43007687343749995 0.7027128921875 0.35180240937499996
1 0.70732759375 0.431148059375 0.6673844046874999 0.431362640625 0.66970123125 0.5126767 0.7116101593749999 0.5088221625 0.70732759375 0.431148059375
1 0.715471746875 0.58730535625 0.6723115125 0.5939747671875 0.678172171875 0.6760768359375 0.718419484375 0.6644636937499999 0.715471746875 0.58730535625
1 0.6694175109375 0.5130839140625 0.6729074921875 0.5943340375 0.7153107078125001 0.5867247390625 0.7116101593749999 0.5088221625 0.6694175109375 0.5130839140625
1 0.7188690875 0.664831825 0.677727434375 0.675904315625 0.6802004125 0.7576024968749999 0.7203794625 0.7432455171875 0.7188690875 0.664831825
1 0.68063605625 0.7573828796875001 0.6972871234375 0.8363451968750001 0.7392263671875 0.8160054203125 0.7206826687500001 0.743621628125 0.68063605625 0.7573828796875001
1 0.6807824515625 0.7573749000000001 0.63709368125 0.772314909375 0.6505131000000001 0.857145225 0.697145615625 0.83654966875 0.6807824515625 0.7573749000000001
1 0.633960665625 0.6877092625000001 0.6376945468749999 0.772870675 0.6800589046875001 0.75780696875 0.6778793796875 0.6760927921875 0.633960665625 0.6877092625000001
1 0.62829529375 0.601671971875 0.6336672140624999 0.68772525625 0.677727434375 0.675904315625 0.672614696875 0.594349996875 0.62829529375 0.601671971875
1 0.6694175109375 0.5130839140625 0.6256069937500001 0.517237965625 0.6287497640625 0.6022357140625 0.67260983125 0.594154384375 0.6694175109375 0.5130839140625
1 0.6659031546875 0.43085397499999994 0.62170168125 0.43110475 0.624849315625 0.5162981125 0.669393134375 0.5121040984375 0.6659031546875 0.43085397499999994
1 0.6663527593749999 0.4312221046875 0.660223021875 0.35011584687499997 0.615933775 0.3468385796875 0.6218633578125 0.4316844515625 0.6663527593749999 0.4312221046875
1 0.660540853125 0.35107966875 0.6552804 0.2695334015625 0.6097107390625001 0.2620087015625 0.6162369828125 0.34721468906249997 0.660540853125 0.35107966875
1 0.6545519859375 0.26976985781249996 0.6570559734375 0.18740779999999999 0.6105383515625 0.177187203125 0.6100188359375001 0.262581303125 0.6545519859375 0.26976985781249996
1 0.6109184625 0.177363246875 0.5577614375 0.16593395625000001 0.5599847109375 0.25529903125 0.6095984734375001 0.2633885984375 0.6109184625 0.177363246875
1 0.608956696875 0.2638162109375 0.560434315625 0.25566716093749997 0.566725615625 0.343240878125 0.6163187546875 0.34721023125 0.608956696875 0.2638162109375
1 0.6165353031249999 0.34739430625 0.5675186765625 0.34300178125 0.5728069140625001 0.431610425 0.6218487359375 0.4310967359375 0.6165353031249999 0.34739430625
1 0.6215699046875 0.43170044531249996 0.5725378390625 0.432606234375 0.576790246875 0.5208795796875 0.6254264671875001 0.515874021875 0.6215699046875 0.43170044531249996
1 0.5813699546875 0.610497396875 0.628603084375 0.6022322375 0.625744296875 0.516837846875 0.57723564375 0.521052065625 0.5813699546875 0.610497396875
1 0.6296200828125 0.601784178125 0.5822301453125001 0.6096652484375 0.5849231921875 0.7001826234374999 0.6336620390625 0.687517309375 0.6296200828125 0.601784178125
1 0.6338087453125001 0.6875216671875 0.5850844953125 0.7007738140625001 0.588926321875 0.7902474390625 0.63756279375 0.7734672484375 0.6338087453125001 0.6875216671875
1 0.6374214625 0.7736787671875 0.589650065625 0.789823303125 0.60126474375 0.8788724296874999 0.64934415625 0.8574048078125 0.6374214625 0.7736787671875
1 0.532994709375 0.8087910484374999 0.5444124515625 0.9043633468750001 0.599297828125 0.8785102281249999 0.5896531546875 0.7893105031250001 0.532994709375 0.8087910484374999
1 0.5890869390625 0.7899086953125 0.5853760640625 0.7006820453125 0.5316563421875 0.7145708421875 0.5350757421875 0.8070515109375 0.5890869390625 0.7899086953125
1 0.585183259375 0.7004437359375 0.5816397796875 0.6104606343750001 0.5272315375 0.619155653125 0.5316439578125001 0.714073003125 0.585183259375 0.7004437359375
1 0.581447634375 0.6102222890625 0.5769977671875 0.521284728125 0.5232226343749999 0.52546126875 0.5270455734375 0.6191657875 0.581447634375 0.6102222890625
1 0.576619 0.521056553125 0.5723557796875001 0.4321097046875 0.5192199359375 0.43201624687500007 0.523589040625 0.525192484375 0.576619 0.521056553125
1 0.5721691546875001 0.432119875 0.5671545578125 0.34296427500000004 0.515415565625 0.339058046875 0.5197784859375 0.43198580625 0.5721691546875001 0.432119875
1 0.566801196875 0.34373085937500003 0.5599243281249999 0.2546767546875 0.5062185218749999 0.2466434375 0.5142798984375 0.3383726078125 0.566801196875 0.34373085937500003
1 0.5577086812500001 0.16561831093749999 0.5023900609374999 0.15269040625000002 0.5060325578125 0.24665357187499998 0.559930509375 0.2549252328125 0.5577086812500001 0.16561831093749999
1 0.5029609749999999 0.15315692187500002 0.4473567140625 0.13625912499999998 0.44816903750000003 0.23635516406249998 0.5062247046875 0.2468919171875 0.5029609749999999 0.15315692187500002
1 0.5058465953125 0.24666370781250002 0.44853478124999996 0.236086415625 0.45487069687500004 0.3333897421875 0.5150436390625 0.339078315625 0.5058465953125 0.24666370781250002
1 0.5149928109374999 0.3385481609375 0.45554451875 0.3323921671875 0.4612569421875 0.4321320421875 0.5197884875 0.431989671875 0.5149928109374999 0.3385481609375
1 0.5194615406249999 0.43257041249999995 0.461773903125 0.4321021015625 0.46601673593750004 0.530209478125 0.5241748281249999 0.5254340796875 0.5194615406249999 0.43257041249999995
1 0.52404010625 0.5260440515625 0.4663267578125 0.5305940390624999 0.4692546078125 0.630177740625 0.5271283875 0.61999948125 0.52404010625 0.5260440515625
1 0.527583765625 0.6201749515625 0.469719959375 0.6307541234375 0.47401266406250003 0.7308660687499999 0.531886546875 0.7146668234375 0.527583765625 0.6201749515625
1 0.5315821828125 0.7144831234375 0.4735479515625 0.7302887671875 0.47632610781249995 0.8298806265625001 0.534075346875 0.808671275 0.5315821828125 0.7144831234375
1 0.5345201109375 0.8084467484375001 0.47631115625 0.829279696875 0.483218734375 0.9318572828124999 0.5445636687500001 0.9042306984374999 0.5345201109375 0.8084467484375001
1 0.4768963015625 0.8286460609375 0.41141197187499995 0.8528860015624999 0.4202338671875 0.9599755828125 0.48319880781249996 0.9310563359374999 0.4768963015625 0.8286460609375
1 0.410696421875 0.8543296578125 0.475415990625 0.82952876875 0.47400766718750004 0.730665171875 0.407638928125 0.74953495625 0.410696421875 0.8543296578125
1 0.40395141875 0.6435702156249999 0.4079190296875 0.7487167765625 0.47341754687500004 0.7310987890625 0.46850481874999994 0.630218603125 0.40395141875 0.6435702156249999
1 0.4667964484375 0.53137135625 0.4005732953125 0.5379909546875 0.404261440625 0.6439547765625 0.4695646296875 0.630562303125 0.4667964484375 0.53137135625
1 0.46161857343749996 0.4319102828125 0.39521590624999997 0.4313143046875 0.401018696875 0.537765509375 0.466941803125 0.531162265625 0.46161857343749996 0.4319102828125
1 0.4557058578125 0.3330909984375 0.39022838437499996 0.327427703125 0.3950861609375 0.43212429218750004 0.4613235015625 0.43212665 0.4557058578125 0.3330909984375
1 0.4545156421875 0.333557321875 0.4478674515625 0.23538074999999997 0.383285884375 0.22344647499999998 0.39052843125000003 0.3274113515625 0.4545156421875 0.333557321875
1 0.44721435625000006 0.136668340625 0.3836578265625 0.117654896875 0.38313553125 0.2234546703125 0.447872428125 0.2355807671875 0.44721435625000006 0.136668340625
1 0.3829958109375 0.2238637421875 0.3099644078125 0.21038445 0.3165917640625 0.31980032812500003 0.3896382625 0.327861321875 0.3829958109375 0.2238637421875
1 0.3842680921875 0.11803103749999999 0.3078421640625 0.0949014734375 0.3088939625 0.2096398734375 0.3832809078125 0.22324645781250002 0.3842680921875 0.11803103749999999
1 0.3903780765625 0.3274195453125 0.3165718359375 0.31899938125 0.3210588796875 0.43294793593750003 0.3950811625 0.4319233921875 0.3903780765625 0.3274195453125
1 0.3951160828125 0.433327034375 0.32135326875 0.43273072343749996 0.3275708 0.5437756453125 0.4005583234375 0.53738914375 0.3951160828125 0.433327034375
1 0.40056829687500006 0.5377900578125 0.3275708 0.5437756453125 0.3309980328125 0.657380503125 0.40349604375 0.643394746875 0.40056829687500006 0.5377900578125
1 0.40454154062500003 0.643136596875 0.331727875 0.6565378125 0.33618001875000003 0.769083609375 0.40717423906250005 0.7489585359375 0.40454154062500003 0.643136596875
1 0.40807372031250005 0.7489095140625001 0.33542523125 0.7689235734375 0.33776707031250003 0.8811829234375 0.41100644218750004 0.8547142203125 0.40807372031250005 0.7489095140625001
1 0.367009584375 0.9866814015625 0.420099121875 0.960584671875 0.41097154375 0.8533114625 0.33868716249999997 0.88193569375 0.3513316015625 0.9872620671875 0.367009584375 0.9866814015625
1 0.257282903125 0.912261325 0.2676789296875 0.9903603140625 0.3511597734375 0.9872684312500001 0.33836218906250004 0.8809502015625 0.257282903125 0.912261325
1 0.33529980312499996 0.7699336125 0.2523711453125 0.7933181359375 0.2568331640625 0.912285834375 0.33853246875 0.8817429546875 0.33529980312499996 0.7699336125
1 0.3306780375 0.656595028125 0.2478549640625 0.67214669375 0.25250655 0.7927090109375 0.335150109375 0.7699417703125 0.3306780375 0.656595028125
1 0.3268515265625 0.5450430421875 0.2433686375 0.552201821875 0.2481599875 0.672330359375 0.3306780375 0.656595028125 0.3268515265625 0.5450430421875
1 0.32715595625 0.545202915625 0.321503621875 0.43272252812499995 0.23885682031250002 0.431205725 0.24323389374999999 0.5528109109375 0.32715595625 0.545202915625
1 0.3215086203125 0.432923425 0.31721614374999996 0.320770384375 0.233219559375 0.3133061625 0.23843136718750002 0.4322329984375 0.3215086203125 0.432923425
1 0.23323950937500001 0.3141079890625 0.316931046875 0.3213876671875 0.30980408125 0.20999173125 0.226617996875 0.192850115625 0.23323950937500001 0.3141079890625
1 0.309047353125 0.0950369625 0.22298201093749997 0.07082778906250001 0.22752313906250002 0.1930019578125 0.3097741578125 0.208788990625 0.309047353125 0.0950369625
0 0.394148128125 0.9856762703124999 0.7608935984375 0.8199411734375 0.7159636468749999 0.1736915421875 0.19574621718750002 0.023630740625 0.252412175 0.99092575 0.394148128125 0.9856762703124999