1 0.841913953125 0.61428151875 0.8551090390624999 0.68667986875 0.9280046562500001 0.6622717953125 0.916589659375 0.593401378125 0.841913953125 0.61428151875
1 0.9071446453125 0.521971596875 0.8325635015625 0.540147146875 0.8423550750000001 0.6141978578125 0.917347225 0.592966546875 0.9071446453125 0.521971596875
1 0.8331357140625 0.54104633125 0.7543976984375 0.5620248296875 0.7651593140624999 0.63656365 0.84231178125 0.613870446875 0.8331357140625 0.54104633125
1 0.8428839937499999 0.614769628125 0.764275965625 0.63673118125 0.77521096875 0.7125812875 0.8535645796875 0.6867378484375 0.8428839937499999 0.614769628125
1 0.8229034015625001 0.4681422921875 0.8342232328125 0.54100369375 0.9076289624999999 0.5221205531249999 0.898708909375 0.45189090781249996 0.8229034015625001 0.4681422921875
1 0.8885734624999999 0.3816174 0.810963615625 0.39696163125 0.8217510953125 0.4689859296875 0.8988545109375 0.45225681250000005 0.8885734624999999 0.3816174
1 0.811664309375 0.39589151562499997 0.7310966062500001 0.41117162343749997 0.7427388640625 0.48647142499999996 0.8222405828125 0.46850713125 0.811664309375 0.39589151562499997
1 0.7439718015625 0.4862375890625 0.7543812296875 0.561772040625 0.8335407171875 0.5399542609375 0.8221221812499999 0.46860342343749994 0.7439718015625 0.4862375890625
1 0.74438315 0.48615957656250003 0.6557956640625 0.5045238421875 0.668743309375 0.5833266484374999 0.7556958421875 0.5609076875000001 0.74438315 0.48615957656250003
1 0.6446120953125 0.42632369531250003 0.6584228046875 0.5052757828125001 0.7435442875 0.48652675624999997 0.7317971937500001 0.4101006890625 0.6446120953125 0.42632369531250003
1 0.7549395062500001 0.5616510578125 0.666505 0.58436115 0.6780988140625 0.6624834921875 0.7639576406249999 0.6374015484375 0.7549395062500001 0.5616510578125
1 0.668233771875 0.5847053640625 0.5746659203125 0.6087070234375 0.5884391765625 0.6903595859375 0.6799448781249999 0.661423534375 0.668233771875 0.5847053640625
1 0.6586172265625 0.5044720140625001 0.5617173906249999 0.52579385 0.5750550249999999 0.6078965359375 0.6695518578125 0.5828242546875 0.6586172265625 0.5044720140625001
1 0.5494552640625 0.44405355 0.56246719375 0.5266425703125 0.65703268125 0.5051928984375 0.6443585921875 0.4263130390625 0.5494552640625 0.44405355
1 0.76406314375 0.63802845 0.6787108890625 0.66312843125 0.693099478125 0.7406116515625001 0.7758963624999999 0.7120451953125 0.76406314375 0.63802845
1 0.680613384375 0.661845490625 0.5869313890625001 0.68975446875 0.60170915625 0.773309965625 0.6919271078125 0.741141090625 0.680613384375 0.661845490625
1 0.5882623203125 0.6904241734375 0.48649675937500003 0.7198662453125 0.5008626234375 0.8065733249999999 0.6022705546875 0.773716996875 0.5882623203125 0.6904241734375
1 0.5737234453125 0.6086667765625 0.47232906718749995 0.6346578921875 0.4877098453125 0.719636175 0.588035603125 0.6901886046875 0.5737234453125 0.6086667765625
1 0.45889161093749997 0.548696859375 0.47236868125000003 0.634957475 0.574376928125 0.6075645 0.56164815 0.5267492421875 0.45889161093749997 0.548696859375
1 0.44638188124999995 0.46294668124999994 0.45844879531249993 0.5479384296875 0.5607224796875 0.5254681999999999 0.54872651875 0.444150646875 0.44638188124999995 0.46294668124999994
1 0.5362079828125 0.36201008125 0.5488058546875 0.444750628125 0.6432782578125 0.4257602625 0.6314756906250001 0.34609337500000004 0.5362079828125 0.36201008125
1 0.5365334875000001 0.3613341578125 0.4316520046875 0.376615734375 0.445533803125 0.462799590625 0.54950004375 0.44354581875 0.5365334875000001 0.3613341578125
1 0.6329880734375 0.347887403125 0.6441714203125 0.42699209531250004 0.73201640625 0.4104761265625 0.7190477953125 0.33412230625 0.6329880734375 0.347887403125
1 0.8014830171874999 0.321954153125 0.8112818421875 0.39605970468749996 0.88876024375 0.381867253125 0.8788399140625 0.3104848296875 0.8014830171874999 0.321954153125
1 0.731276571875 0.4112331453125 0.8115894046875001 0.3954190703125 0.801025340625 0.3214594890625 0.7218301874999999 0.33385975156250003 0.731276571875 0.4112331453125
1 0.70897619375 0.2574237828125 0.720298390625 0.334150265625 0.800717671875 0.3220993046875 0.7917218578125 0.24813344843750001 0.70897619375 0.2574237828125
1 0.79064895 0.2489192375 0.80155813125 0.3225222125 0.8788378921875 0.3100933734375 0.868267425 0.23943669218750002 0.79064895 0.2489192375
1 0.7768402203125 0.17624878593749999 0.7895137531249999 0.2483533703125 0.8686194109375001 0.2393372140625 0.8552920468749999 0.170102021875 0.7768402203125 0.17624878593749999
1 0.7629436593750001 0.1037946890625 0.7768402203125 0.17624878593749999 0.8552589015625 0.1698171578125 0.8405852609375 0.1004202828125 0.7629436593750001 0.1037946890625
1 0.7627851140625 0.10557083281249999 0.6810528859375 0.10768381875 0.6956325750000001 0.182337578125 0.77485074375 0.1760446359375 0.7627851140625 0.10557083281249999
1 0.7759623109375 0.17554266875 0.6944845515625 0.1825553078125 0.708869240625 0.258700971875 0.7896264234375 0.24920546093749998 0.7759623109375 0.17554266875
1 0.696127809375 0.183116271875 0.6031665328125 0.19230682500000001 0.6175898796875 0.2687363109375 0.7089739265625 0.2577657078125 0.696127809375 0.183116271875
1 0.60297875 0.190886678125 0.6960719 0.1830354203125 0.6957075781250001 0.1829048203125 0.6826211390625 0.1076775453125 0.5906284171875 0.11231795625 0.60297875 0.190886678125
1 0.7094468203125001 0.2574008109375 0.6171413546875 0.26828521875 0.632057334375 0.347328909375 0.7209344734375 0.3337200171875 0.7094468203125001 0.2574008109375
1 0.6183679328125 0.2683538125 0.5224604453125 0.2796201453125 0.5357462609375 0.36168147500000003 0.631314165625 0.3477358359375 0.6183679328125 0.2683538125
1 0.6043214796874999 0.18974765625 0.5056503171875 0.1985284390625 0.51968909375 0.280145746875 0.6161089453125 0.26968506875 0.6043214796874999 0.18974765625
1 0.49398687812500003 0.11645979375 0.5057279203125 0.1991153234375 0.6021523078125 0.1913135921875 0.5892813640625 0.11283437968750001 0.49398687812500003 0.11645979375
1 0.4304415171875 0.37704500625000004 0.536370825 0.36177111093750003 0.5207095640625 0.28016029374999996 0.41680621875 0.292340640625 0.4304415171875 0.37704500625000004
1 0.506476509375 0.1970737265625 0.40286029062499995 0.2052870984375 0.4156184953125 0.2925659 0.5213460640625 0.2788355328125 0.506476509375 0.1970737265625
1 0.4940989671875 0.11574295937500001 0.3875249046875 0.12000234218750001 0.4017502796875 0.20610006093750002 0.506632934375 0.19783780625 0.4940989671875 0.11574295937500001
1 0.415709725 0.291905040625 0.30009693125000003 0.305161678125 0.3178383640625 0.393356409375 0.43044414062499997 0.376782721875 0.415709725 0.291905040625
1 0.3010100546875 0.30498849843750003 0.1750038015625 0.317441553125 0.192547853125 0.41122239531250004 0.3167015234375 0.3918376875 0.3010100546875 0.30498849843750003
1 0.2845476953125 0.2158572859375 0.1595969078125 0.22568277499999997 0.1753169171875 0.31980955624999996 0.30127485625 0.30587970000000003 0.2845476953125 0.2158572859375
1 0.4001524640625 0.2060708296875 0.285505628125 0.2160229765625 0.299641471875 0.3052480578125 0.416762440625 0.29275336875 0.4001524640625 0.2060708296875
1 0.38737596406249997 0.12005575937499999 0.27027764374999996 0.125617228125 0.28359097499999997 0.21569220156250002 0.401521046875 0.20581126875 0.38737596406249997 0.12005575937499999
1 0.2716015234375 0.125019615625 0.1447899140625 0.1313819921875 0.158049309375 0.22458848593749997 0.2847011625 0.215530315625 0.2716015234375 0.125019615625
1 0.14629270625 0.1321374109375 0.005582003125 0.1359345171875 0.0217483421875 0.2334453109375 0.15994942031249998 0.2246896 0.14629270625 0.1321374109375
1 0.15987445312499998 0.2242423375 0.02070200625 0.232602484375 0.036001132812499996 0.3306251171875 0.1750932 0.31811765625 0.15987445312499998 0.2242423375
1 0.1745289125 0.31903101093749997 0.037038270312499996 0.32950042343749997 0.0516489859375 0.429387109375 0.1923308359375 0.4112568421875 0.1745289125 0.31903101093749997
1 0.333479221875 0.48346486093749996 0.20649497343749998 0.506099071875 0.2228843296875 0.600483196875 0.34684689999999996 0.5730873437499999 0.333479221875 0.48346486093749996
1 0.4465474953125 0.4627457828125 0.333479221875 0.48346486093749996 0.3468309328125 0.5733513171875 0.4570269953125 0.5490009890625 0.4465474953125 0.4627457828125
1 0.4302327453125 0.37632105937500004 0.315605025 0.39262459375000003 0.329573309375 0.4834806921875 0.446028403125 0.461761009375 0.4302327453125 0.37632105937500004
1 0.317127775 0.3930607390625 0.191629359375 0.4121500671875 0.20740214531249998 0.50556455 0.3304794859375 0.4829471984375 0.317127775 0.3930607390625
1 0.19015226406250002 0.412067734375 0.05283950625 0.43049961249999996 0.06797659375000001 0.5301950140625 0.20692462968749997 0.5056551125000001 0.19015226406250002 0.412067734375
1 0.20792531250000001 0.5058277999999999 0.06831273593750001 0.5290438453124999 0.0857306265625 0.6312064546875 0.222043171875 0.6003457015625 0.20792531250000001 0.5058277999999999
1 0.346965021875 0.573330921875 0.22063525468749998 0.60091478125 0.2375477796875 0.6955621578125 0.36202785625 0.6635221484375 0.346965021875 0.573330921875
1 0.4584248875 0.547843115625 0.345965440625 0.573158025 0.3598870765625 0.663661340625 0.47111828125 0.635255871875 0.4584248875 0.547843115625
1 0.4737857109375 0.6344487578125 0.3611760453125 0.6623294640624999 0.3746212703125 0.7529231328125 0.48652969687500003 0.7197391734374999 0.4737857109375 0.6344487578125
1 0.4869593515625 0.719295215625 0.3750976828125 0.7528327781249999 0.3911129875 0.844388065625 0.5007963234374999 0.8054649203125 0.4869593515625 0.719295215625
1 0.376145121875 0.75335906875 0.252460040625 0.78986395 0.26870017343749997 0.8868128437499999 0.39071644375000003 0.8439111734375 0.376145121875 0.75335906875
1 0.135282171875 0.932887140625 0.26819162812499997 0.8848477328125 0.255161878125 0.789864196875 0.119098746875 0.8326652421875 0.135282171875 0.932887140625
1 0.1007736875 0.7310371531250001 0.11757489531250001 0.832229303125 0.2551104671875 0.78947539375 0.2382268375 0.6951833328125 0.1007736875 0.7310371531250001
1 0.36094903437500003 0.6624849515625 0.237319665625 0.6957178546875 0.2539587703125 0.7888958765625 0.3738699859375 0.7528155765625 0.36094903437500003 0.6624849515625
1 0.2221268671875 0.599294434375 0.0845902640625 0.630815253125 0.1023442953125 0.7318266953125 0.237655809375 0.6945666875 0.2221268671875 0.599294434375