1 0.643531578125 0.8008353874999999 0.6554786625 0.91641329375 0.7011154078125 0.9244300890625 0.71944399375 0.9211235578125001 0.7118668375 0.8272660703125 0.643531578125 0.8008353874999999
1 0.644224828125 0.8007103234375 0.7118668375 0.8272660703125 0.6983445015624999 0.6943196281249999 0.6322471828125 0.682843396875 0.644224828125 0.8007103234375
1 0.620260103125 0.5617382875 0.6318505937500001 0.6812433671875 0.6980901796875 0.6956189796875 0.6864805328125 0.5627455875 0.620260103125 0.5617382875
1 0.6116337281249999 0.4449249234375 0.6199802296875 0.5632328296875 0.6851820953125001 0.5628639671875 0.6726666265625 0.43099019531250005 0.6116337281249999 0.4449249234375
1 0.59934861875 0.3254519640625 0.610675984375 0.44490544375 0.672897534375 0.43043724375 0.658764959375 0.29801899375 0.59934861875 0.3254519640625
1 0.551844996875 0.4578174640625 0.6097383359374999 0.446427978125 0.59947055 0.3279369109375 0.54180370625 0.35213005625 0.551844996875 0.4578174640625
1 0.5417126734375 0.3511339609375 0.60037578125 0.32693823593750004 0.590758903125 0.208747846875 0.5339967 0.24489524999999998 0.5417126734375 0.3511339609375
1 0.561025959375 0.5665120796875 0.6212062656249999 0.5634482234375 0.6103689109375 0.4463142203125 0.5509124859375001 0.45996538749999993 0.561025959375 0.5665120796875
1 0.5118467875 0.5694064421875 0.561933284375 0.5678730484375001 0.5515023890624999 0.459022759375 0.5037541453125 0.4713979421875 0.5118467875 0.5694064421875
1 0.504049096875 0.4709266296875 0.5509327796875 0.46037899062500004 0.5420986562500001 0.35165874218750004 0.4950924546875 0.372674365625 0.504049096875 0.4709266296875
1 0.495139790625 0.3714912734375 0.54172240625 0.35047314687500003 0.53521721875 0.24383969687499998 0.4873359953125 0.27295211406250003 0.495139790625 0.3714912734375
1 0.487376665625 0.273780984375 0.5348206328125 0.24223966562500002 0.5282957421875001 0.135191665625 0.48153285468749996 0.17413094843750002 0.487376665625 0.273780984375
1 0.5830605875 0.0881728765625 0.529725996875 0.135820225 0.535599978125 0.2425675484375 0.590510496875 0.2075904 0.5830605875 0.0881728765625
1 0.5999181484375 0.3254608796875 0.6585774765625 0.2981031890625 0.6504366171875 0.1646040140625 0.5899002171875 0.2081177609375 0.5999181484375 0.3254608796875
1 0.59114106875 0.20747664375000002 0.6507315671875 0.16413270156249998 0.64385185625 0.030406012500000003 0.5824503484375 0.08870106875 0.59114106875 0.20747664375000002
1 0.5754985593749999 0 0.5822610171875 0.0867949875 0.642946665625 0.031405520312500004 0.6405425109375 0 0.5754985593749999 0
1 0.54593115 0 0.520932503125 0.027928017187499998 0.528423546875 0.135218984375 0.5827453015625 0.0882297546875 0.5763038296875 0 0.54593115 0
1 0.48164036406250005 0.1737446640625 0.527498021875 0.13580405625 0.5205765453125 0.027156025 0.47390424062500003 0.07443684843750001 0.48164036406250005 0.1737446640625
1 0.4404144375 0.2072294828125 0.4810528109375 0.1732251828125 0.47329693125 0.074282784375 0.43232606875 0.11628516562499999 0.4404144375 0.2072294828125
1 0.4466018296875 0.29883410312500003 0.48774771250000004 0.2732724359375 0.48150115937500004 0.1725087484375 0.440847353125 0.206198478125 0.4466018296875 0.29883410312500003
1 0.45282243125 0.3903345 0.49487139999999996 0.37109807968749997 0.487594784375 0.2720692203125 0.446794796875 0.29784638281250003 0.45282243125 0.3903345
1 0.460206584375 0.4812455078125 0.5036813437500001 0.4709686265625 0.49426380312499996 0.37264335000000004 0.452567559375 0.390008553125 0.460206584375 0.4812455078125
1 0.46973358593750003 0.5724684546875001 0.513114953125 0.5696083578125 0.5035038109375 0.47227091562499995 0.4607022734375 0.48189742031250005 0.46973358593750003 0.5724684546875001
1 0.49529007031249994 0.84451853125 0.5383165437499999 0.8660438484374999 0.5321066984375 0.766210496875 0.48927186718750004 0.7539538375 0.49529007031249994 0.84451853125
1 0.5390636375 0.8652197875000001 0.590402146875 0.8904131187500001 0.5837398625 0.7813589953125 0.5328699421875001 0.7657285828125 0.5390636375 0.8652197875000001
1 0.58936195625 0.8906007718750001 0.65592428125 0.92131656875 0.6437012125 0.8005176546874999 0.583756603125 0.7817001968749999 0.58936195625 0.8906007718750001
1 0.5732608015625 0.6747162203125 0.58354323125 0.7828838593749999 0.643181434375 0.8006114234374999 0.6321158328125 0.6820149343749999 0.5732608015625 0.6747162203125
1 0.5622110609375001 0.5671428890625 0.5727636890625 0.674881459375 0.6321493578124999 0.6826981703125 0.620790028125 0.5634653843749999 0.5622110609375001 0.5671428890625
1 0.52282658125 0.667965375 0.5325594687499999 0.7647510890625 0.5808124390625 0.7805085421875 0.572480815625 0.67485693125 0.52282658125 0.667965375
1 0.513253365625 0.569083846875 0.5225844328125 0.6691483515625001 0.5735538984375 0.6753526265625001 0.5622110609375001 0.5671428890625 0.513253365625 0.569083846875
1 0.47998355000000004 0.6608785640625 0.48898565625 0.754447084375 0.532592953125 0.765433490625 0.5223235421875 0.668400346875 0.47998355000000004 0.6608785640625
1 0.46982419374999995 0.5714513453125 0.47950454374999996 0.66310503125 0.52247160625 0.668424009375 0.5120366921875 0.5698272281250001 0.46982419374999995 0.5714513453125
1 0.40675283906250004 0.23487143124999998 0.4410833375 0.20617857343749998 0.4326495078125 0.1145720296875 0.39748828281250004 0.1500515234375 0.40675283906250004 0.23487143124999998
1 0.3757072890625 0.25963439843749997 0.40702940625000006 0.23465026562500002 0.398104928125 0.149940278125 0.36812819375 0.18121688281249998 0.3757072890625 0.25963439843749997
1 0.3756871171875 0.25922329375 0.380818971875 0.338128475 0.4114928015625 0.321384096875 0.40640649375000004 0.23462075468750002 0.3756871171875 0.25922329375
1 0.41143984062500005 0.320304734375 0.4468252453125 0.2978551640625 0.44129475156250003 0.20626972656250003 0.40622719375000005 0.23519714062500002 0.41143984062500005 0.320304734375
1 0.38390796875 0.419670703125 0.41576960781250005 0.406905671875 0.41194241875 0.32045922031249996 0.3803156796875 0.3392351453125 0.38390796875 0.419670703125
1 0.4161407640625 0.4060218171875 0.4520630125 0.39028260000000004 0.4470962 0.2975065578125 0.411724021875 0.3202257609375 0.4161407640625 0.4060218171875
1 0.3936444296875 0.49731617968749997 0.42603050937500003 0.4901496390625 0.41651588593750005 0.40609099375 0.38481615156250004 0.4191618015625 0.3936444296875 0.49731617968749997
1 0.42564154375 0.48974629375 0.46084546406250004 0.48141822031250003 0.45197428906250003 0.3893465375 0.41606527031249996 0.40535538750000005 0.42564154375 0.48974629375
1 0.4005168 0.576976975 0.43438136875 0.5737910734375 0.4263051625 0.489472934375 0.39332623906249997 0.49760026562500004 0.4005168 0.576976975
1 0.4340879796875 0.57361731875 0.47034917812500004 0.5716588812500001 0.4608878578125 0.4802385390625 0.425482759375 0.4896212984375 0.4340879796875 0.57361731875
1 0.4093491875 0.6547855515625 0.44226508593749997 0.6584167984375 0.43413587812500004 0.5730184640625 0.40195936718749997 0.576372509375 0.4093491875 0.6547855515625
1 0.44212606875000005 0.6584603484375 0.47960477968750004 0.663117175 0.4703756796875 0.572198978125 0.434447603125 0.5751409015625 0.44212606875000005 0.6584603484375
1 0.41756245937500003 0.7339047187500001 0.451175403125 0.7423695328125001 0.4433043234375 0.6580143890625 0.40939867812499997 0.6556900734375 0.41756245937500003 0.7339047187500001
1 0.45159955937499996 0.7425658734375 0.48925710312500004 0.7537440890625 0.47960325312499996 0.6626305015625 0.44268831249999996 0.65812551875 0.45159955937499996 0.7425658734375
1 0.4570291359375 0.8274605421875 0.49413122343750004 0.8446310421875 0.4892306015625 0.7532039937499999 0.45201044531249995 0.7424917484375 0.4570291359375 0.8274605421875
1 0.45309093906250003 0.743385740625 0.41797880468750004 0.7333821203124999 0.425147015625 0.8118737609375 0.45663290468750006 0.8282498515625001 0.45309093906250003 0.743385740625
1 0.418969309375 0.734681065625 0.387854178125 0.7269024109375 0.3947434203125 0.7960639078125 0.42560685156250005 0.8105843484375 0.418969309375 0.734681065625
1 0.3803970578125 0.6521032484375 0.38844088125 0.7269879875 0.41838197343749994 0.734595603125 0.4099798328125 0.6553761765624999 0.3803970578125 0.6521032484375
1 0.37386188593749997 0.5782862921875 0.38073853281250003 0.6529576125000001 0.4095653671875 0.6558329515625 0.4013162515625 0.576777340625 0.37386188593749997 0.5782862921875
1 0.3659264296875 0.5046598203125 0.372624528125 0.5788293890625 0.4003124015625 0.576130625 0.3937447671875 0.4986842046875 0.3659264296875 0.5046598203125
1 0.3656012609375 0.5045673609375 0.39392255 0.49697047968749997 0.385287534375 0.41894075468749997 0.3577483359375 0.43060528593749997 0.3656012609375 0.5045673609375
1 0.3576942421875 0.43011466406250004 0.3851262921875 0.4192343046875 0.380314865625 0.3389842625 0.353315615625 0.3557172375 0.3576942421875 0.43011466406250004
1 0.3533886765625 0.3551365125 0.38045309843749997 0.3397317265625 0.375623053125 0.2591022 0.3485583875 0.28043772499999997 0.3533886765625 0.3551365125
1 0.34867484531250004 0.2798432921875 0.3756323625 0.259291940625 0.3679605984375 0.1801313359375 0.343792634375 0.2070672421875 0.34867484531250004 0.2798432921875
1 0.3274546 0.36995201875 0.35314649062500003 0.35613646875 0.348404728125 0.28027402343749996 0.3238732375 0.2998142875 0.3274546 0.36995201875
1 0.323863928125 0.299624546875 0.34882850312499997 0.2800069921875 0.3439183609375 0.20666171875 0.3181625265625 0.23388324218749998 0.323863928125 0.299624546875
1 0.332067375 0.44111601250000004 0.3575068515625 0.43099475312499996 0.3529466390625 0.3558644015625 0.32727982031249997 0.370060790625 0.332067375 0.44111601250000004
1 0.346639071875 0.58145526875 0.37286484531249997 0.57863743125 0.36588731874999997 0.50470885625 0.33939600468750003 0.511018496875 0.346639071875 0.58145526875
1 0.35353118125 0.65007640625 0.3808621171875 0.6525734640625 0.3731349203125 0.5782058671875 0.346504034375 0.58167105 0.35353118125 0.65007640625
1 0.3326055375 0.440902225 0.3393177078125 0.510542315625 0.3657532203125 0.504943778125 0.3575737671875 0.4302757671875 0.3326055375 0.440902225
1 0.361661503125 0.7214521078125 0.388142384375 0.726814315625 0.3811648578125 0.6528857390625 0.35368675 0.6509559125 0.361661503125 0.7214521078125
1 0.38812376249999997 0.7264348328125 0.361508640625 0.7212655953125 0.3675219328125 0.784485665625 0.3938396421875 0.7954260046875 0.38812376249999997 0.7264348328125
0 0.5544009296875 0 0.30257610625 0.21193711406250001 0.3576352234375 0.799999521875 0.715384246875 0.9218559484375 0.7275827296874999 0.9196553046875 0.6309570546875001 0 0.5544009296875 0