1 0.396715625 0.3186591484375 0.346948125 0.3162606515625 0.34158625 0.3617167921875 0.39440375 0.3659991640625 0.396715625 0.3186591484375
1 0.4466875 0.3174695078125 0.396455625 0.3186148703125 0.3936925 0.365284878125 0.445086875 0.364571428125 0.4466875 0.3174695078125
1 0.34146875 0.36308103593749996 0.3357175 0.41337928125 0.3912025 0.41409273124999996 0.39458125 0.36532581406250003 0.34146875 0.36308103593749996
1 0.39371625 0.3649114453125 0.390135625 0.41433082656250003 0.444553125 0.415044278125 0.44544249999999996 0.36461236406249997 0.39371625 0.3649114453125
1 0.335598125 0.4138245609375 0.328604375 0.4631386796875 0.3858675 0.465279865625 0.39049125 0.41437176249999996 0.335598125 0.4138245609375
1 0.390135625 0.4146098578125 0.38533375 0.46599331718750003 0.443308125 0.46646950781249996 0.444553125 0.414134503125 0.390135625 0.4146098578125
1 0.49701500000000004 0.36393985 0.445376875 0.3646499578125 0.444375625 0.415561403125 0.49790375 0.4146098578125 0.49701500000000004 0.36393985
1 0.44478937500000004 0.41487050937500003 0.44348625 0.46575605624999994 0.499504375 0.4655179609375 0.498081875 0.41484795312499995 0.44478937500000004 0.41487050937500003
1 0.382133125 0.5285580624999999 0.385693125 0.4648295734375 0.328781875 0.4643283203125 0.321135 0.5271303265625 0.382133125 0.5285580624999999
1 0.38588875 0.465614034375 0.38266625 0.526893065625 0.4413525 0.5271303265625 0.442775 0.46646950781249996 0.38588875 0.465614034375
1 0.443028125 0.466137009375 0.441885625 0.5283199671875 0.500038125 0.5271303265625 0.49914875 0.46646950781249996 0.443028125 0.466137009375
1 0.37658625 0.593488721875 0.38208125000000004 0.5269891390625 0.32117874999999996 0.5264928984374999 0.313291875 0.5924335843749999 0.37658625 0.593488721875
1 0.44244374999999997 0.52728404375 0.382515625 0.5269891390625 0.37638875 0.594543025 0.439289375 0.593488721875 0.44244374999999997 0.52728404375
1 0.5006118749999999 0.52675605625 0.44153062500000007 0.52843943125 0.439289375 0.5929607359375 0.501203125 0.591114453125 0.5006118749999999 0.52675605625
1 0.370476875 0.6653216375000001 0.37615375 0.5930091890625 0.31285375000000004 0.5923542187499999 0.302395 0.6650467843750001 0.370476875 0.6653216375000001
1 0.37032 0.6644402671875 0.43685875 0.664094403125 0.439045625 0.5935597328125 0.376596875 0.5945346703125 0.37032 0.6644402671875
1 0.501340625 0.5907335 0.43977187500000003 0.592880534375 0.4368075 0.6635847953125 0.50321875 0.66221386875 0.501340625 0.5907335
1 0.3636425 0.7451587296875 0.37108375 0.6646574765625 0.3034925 0.6653558890625 0.291413125 0.7464778609375 0.3636425 0.7451587296875
1 0.3708125 0.6646574765625 0.36315 0.745817878125 0.43439375 0.7438395984375 0.43735187499999995 0.6637067671875 0.3708125 0.6646574765625
1 0.437 0.663207184375 0.433900625 0.7421904765625 0.504405 0.7402121968750001 0.502679375 0.6623876359375 0.437 0.663207184375
1 0.35600062499999996 0.8341946531250001 0.36348875 0.7451512109375 0.2921525 0.7481261484374999 0.28105875 0.838481203125 0.35600062499999996 0.8341946531250001
1 0.36348875 0.7451512109375 0.35575437499999996 0.8341946531250001 0.43020250000000004 0.830237259375 0.43439375 0.7428504593749999 0.36348875 0.7451512109375
1 0.504898125 0.741531328125 0.43428750000000005 0.7433383453125 0.42995625000000004 0.8285889718749999 0.5063768750000001 0.826279865625 0.504898125 0.741531328125
1 0.5737043749999999 0.7388270671875 0.505085625 0.7415254796874999 0.505665 0.8258847125000001 0.581099375 0.8206081875000001 0.5737043749999999 0.7388270671875
1 0.56877375 0.6606733499999999 0.503458125 0.6624820390624999 0.50467875 0.7408061828125 0.57444375 0.7381679203125 0.56877375 0.6606733499999999
1 0.563843125 0.588785296875 0.5012881250000001 0.591777778125 0.5032 0.66199248125 0.56877375 0.6606733499999999 0.563843125 0.588785296875
1 0.55569875 0.464820384375 0.498846875 0.4663233078125 0.50097125 0.5248370921875 0.55939625 0.5228588140625 0.55569875 0.464820384375
1 0.5640799999999999 0.5878220546875 0.55960875 0.52288721875 0.500231875 0.5264862156250001 0.5014643750000001 0.59144945625 0.5640799999999999 0.5878220546875
1 0.618560625 0.51956056875 0.5598799999999999 0.523249790625 0.563340625 0.5878220546875 0.626695625 0.5835346703125001 0.618560625 0.51956056875
1 0.626203125 0.584194653125 0.56394875 0.5885146203125 0.5685175 0.6616883875 0.63409125 0.6577318296875 0.626203125 0.584194653125
1 0.64545875 0.7354152046875 0.63393375 0.657406015625 0.569038125 0.6618780281250001 0.57520125 0.7383834593749999 0.64545875 0.7354152046875
1 0.6575381250000001 0.8191754390625 0.645055625 0.7349991640625 0.5744612499999999 0.7383834593749999 0.5811175000000001 0.8211537171875 0.6575381250000001 0.8191754390625
1 0.701840625 0.6540651625 0.634205 0.6570434421875 0.64464875 0.7355171265625 0.715645625 0.732548871875 0.701840625 0.6540651625
1 0.732409375 0.819162071875 0.7158537500000001 0.732461153125 0.64464875 0.7363918125 0.65771375 0.8194920640625 0.732409375 0.819162071875
1 0.7873831250000001 0.7301261484375 0.715153125 0.7317744359375 0.73191625 0.8194920640625 0.809323125 0.8175129484375001 0.7873831250000001 0.7301261484375
1 0.7017487499999999 0.6539540515625 0.7158925 0.7327644109375 0.7856575 0.7307852968749999 0.767908125 0.6532915625 0.7017487499999999 0.6539540515625
1 0.78746625 0.730096909375 0.8103087500000001 0.8171837921874999 0.885004375 0.8132263999999999 0.8576406249999999 0.7284770265625 0.78746625 0.730096909375
1 0.768478125 0.6517786125 0.786396875 0.7301261484375 0.85813375 0.729466165625 0.835946875 0.64933416875 0.768478125 0.6517786125
1 0.679245625 0.5145538843749999 0.619016875 0.5176666671875 0.626271875 0.5845004171875 0.6899225 0.5801060984374999 0.679245625 0.5145538843749999
1 0.7016 0.6538070171875 0.689631875 0.5793450296875 0.626861875 0.5849532156249999 0.63448 0.657111946875 0.7016 0.6538070171875
1 0.75389625 0.576139515625 0.68965875 0.579720134375 0.701394375 0.65408270625 0.76892625 0.651604009375 0.75389625 0.576139515625
1 0.67957 0.5158237265625 0.689631875 0.5793082703125 0.7536906250000001 0.5769657484375 0.7390725 0.51362071875 0.67957 0.5158237265625
1 0.738193125 0.51310275625 0.7536275 0.5761203 0.817754375 0.575433584375 0.79869875 0.5090091890624999 0.738193125 0.51310275625
1 0.7540868749999999 0.5765296578125 0.768236875 0.650787803125 0.835975 0.6481829578125 0.81747625 0.575247284375 0.7540868749999999 0.5765296578125
1 0.548839375 0.36105931562500004 0.49703749999999997 0.363903090625 0.49829437499999996 0.41383709218750003 0.551398125 0.4109849625 0.548839375 0.36105931562500004
1 0.49594812499999996 0.3165547203125 0.446113125 0.317164578125 0.44561687499999997 0.3647685875 0.497228125 0.36391228125 0.49594812499999996 0.3165547203125
1 0.54564 0.31541436875 0.49633312500000004 0.3165380109375 0.49701500000000004 0.36419799531249997 0.549265625 0.3602038421875 0.54564 0.31541436875
1 0.555261875 0.46489557187499997 0.5514812499999999 0.41126900624999996 0.4978925 0.41468504531250006 0.498531875 0.46660735156250005 0.555261875 0.46489557187499997
1 0.548665 0.3607669171875 0.6005275 0.3568086890625 0.59540875 0.3100217203125 0.5455037500000001 0.315157059375 0.548665 0.3607669171875
1 0.548665 0.3607669171875 0.5512625 0.41129824531250003 0.6060725 0.4061629078125 0.6011675000000001 0.35566750156250004 0.548665 0.3607669171875
1 0.6116175 0.45951127812500003 0.6059249999999999 0.40530910625 0.551901875 0.41186883906249994 0.555314375 0.46379114374999997 0.6116175 0.45951127812500003
1 0.6192331249999999 0.5180910609375 0.611791875 0.459889725 0.5552525 0.46474269062499995 0.559304375 0.5220852125000001 0.6192331249999999 0.5180910609375
1 0.66935125 0.45732581406249995 0.61226125 0.46145781093749993 0.61902 0.5195179609375 0.678521875 0.5152380953125 0.66935125 0.45732581406249995
1 0.6606075 0.40197995000000003 0.6059249999999999 0.4046817046875 0.61176875 0.4601779453125 0.668925 0.45561403437500003 0.6606075 0.40197995000000003
1 0.65271625 0.35291060937499996 0.600996875 0.3566883875 0.6060106249999999 0.40511779375 0.660180625 0.401124478125 0.65271625 0.35291060937499996
1 0.6528562499999999 0.3524928984375 0.6460543750000001 0.3061862984375 0.595060625 0.3088437765625 0.600605625 0.3553458640625 0.6528562499999999 0.3524928984375
1 0.695296875 0.3039941515625 0.6460543750000001 0.3061862984375 0.652643125 0.35135171249999997 0.704040625 0.34935421875 0.695296875 0.3039941515625
1 0.714704375 0.4001353390625 0.7040181249999999 0.34947368437500004 0.652003125 0.352207184375 0.6601075 0.402131996875 0.714704375 0.4001353390625
1 0.69557 0.3036766921875 0.70425375 0.35078111875 0.757358125 0.348783625 0.74648125 0.299144528125 0.69557 0.3036766921875
1 0.7042531249999999 0.34947368437500004 0.71534375 0.399279865625 0.768874375 0.3975680875 0.757358125 0.34764243906250003 0.7042531249999999 0.34947368437500004
1 0.71449125 0.399279865625 0.727500625 0.45576608125 0.78316375 0.45348370937500004 0.768448125 0.39671177968750004 0.71449125 0.399279865625
1 0.669286875 0.4561253140625 0.7267575 0.45493734375 0.714814375 0.39987719374999997 0.6604306249999999 0.4024452796875 0.669286875 0.4561253140625
1 0.66896125 0.45636424375000006 0.678771875 0.515703425 0.73955375 0.5137067671875 0.726544375 0.45493734375 0.66896125 0.45636424375000006
1 0.7267812499999999 0.45487050937499995 0.73955375 0.513421053125 0.79862875 0.5082857140625 0.78327375 0.453511278125 0.7267812499999999 0.45487050937499995
0 0.33286 0.28981704218750004 0.24751937499999999 0.8735588968749999 0.9241425 0.840194653125 0.7661781249999999 0.275573934375 0.33286 0.28981704218750004