1 0.8532349537037037 0.08741319444444444 0.10934027777777793 0.11111111111111112
1 0.8661863425925926 0.16137152777777777 0.10451388888888893 0.10138888888888893
1 0.8822743055555555 0.23431712962962958 0.10136574074074076 0.09959490740740744
1 0.8928703703703704 0.309230324074074 0.10290509259259259 0.0981481481481481
1 0.9058217592592592 0.3831886574074074 0.10136574074074076 0.09959490740740735
1 0.9180034722222222 0.45642361111111107 0.09982638888888892 0.10104166666666678
1 0.9278530092592593 0.529050925925926 0.09828703703703709 0.10248842592592596
1 0.9384837962962962 0.6016203703703704 0.09828703703703709 0.10248842592592596
1 0.7318518518518518 0.43197337962962956 0.10299768518518526 0.1043981481481481
1 0.8098263888888889 0.3309895833333333 0.10138888888888893 0.10115740740740745
1 0.8356712962962962 0.4828125 0.10451388888888893 0.10138888888888893
1 0.7945659722222222 0.2548611111111111 0.10141203703703709 0.10271990740740744
1 0.7672280092592592 0.09846643518518519 0.1139814814814816 0.10833333333333335
1 0.8203993055555555 0.40746527777777775 0.10141203703703709 0.10271990740740744
1 0.8584259259259259 0.6325231481481481 0.10458333333333343 0.10607638888888893
1 0.6202777777777777 0.377806712962963 0.11873842592592591 0.11336805555555554
1 0.5304456018518519 0.4890335648148148 0.12505787037037042 0.11851851851851851
1 0.7800868055555557 0.17867476851851852 0.1076620370370371 0.10318287037037041
1 0.8454513888888888 0.5601273148148148 0.10458333333333343 0.10607638888888893
1 0.650636574074074 0.5410011574074074 0.11407407407407408 0.11458333333333322
1 0.7037326388888889 0.27563657407407405 0.11556712962962976 0.11001157407407405
1 0.7681539351851852 0.6680844907407407 0.1108564814814816 0.10810185185185191
1 0.7536979166666666 0.5903356481481481 0.10931712962962976 0.10954861111111107
1 0.5891493055555556 0.21388888888888888 0.12030092592592592 0.11348379629629628
1 0.6885300925925926 0.19560185185185183 0.11244212962962959 0.10978009259259261
1 0.405625 0.4335069444444445 0.13135416666666658 0.12210648148148148
1 0.6749247685185186 0.11310763888888889 0.11719907407407408 0.11481481481481479
1 0.6732523148148148 0.7000868055555556 0.11878472222222225 0.11649305555555553
1 0.55921875 0.65390625 0.1250810185185184 0.12008101851851852
1 0.7173842592592592 0.355005787037037 0.10929398148148159 0.10798611111111107
1 0.5025000000000001 0.32097800925925923 0.12503472222222206 0.11695601851851851
1 0.4374189814814815 0.6051793981481481 0.1329629629629629 0.12534722222222214
1 0.5763599537037036 0.12899305555555557 0.1235185185185184 0.11996527777777777
1 0.7408159722222222 0.5116898148148148 0.11246527777777775 0.11134259259259256
1 0.37552083333333336 0.253125 0.13450231481481484 0.12390046296296298
1 0.4677199074074074 0.7722800925925926 0.12988425925925923 0.12824074074074082
1 0.47156828703703707 0.14377893518518517 0.1329629629629629 0.12534722222222222
1 0.6066493055555556 0.296875 0.11878472222222207 0.11649305555555553
1 0.5728587962962963 0.7340567129629629 0.12195601851851841 0.11984953703703702
1 0.2992824074074074 0.552980324074074 0.137650462962963 0.12569444444444447
1 0.6580613425925926 0.6192708333333333 0.11559027777777775 0.11157407407407405
1 0.33330439814814816 0.7322916666666666 0.13932870370370365 0.1336226851851851
1 0.3596527777777778 0.16533564814814813 0.1330324074074074 0.13003472222222223
1 0.4858275462962963 0.23480902777777776 0.12822916666666676 0.121875
1 0.6346527777777778 0.4610243055555555 0.11559027777777793 0.11157407407407405
1 0.513761574074074 0.4036458333333333 0.12818287037037024 0.11875
1 0.34608217592592594 0.81796875 0.1345949074074074 0.13015046296296298
1 0.26686921296296295 0.37042824074074077 0.1439699074074074 0.13084490740740745
1 0.4494386574074074 0.6893518518518518 0.13137731481481474 0.12366898148148149
1 0.545613425925926 0.571412037037037 0.1250810185185184 0.12008101851851852
1 0.39057291666666666 0.3433159722222222 0.136087962962963 0.12557870370370364
1 0.23370949074074074 0.18559027777777776 0.14723379629629632 0.14045138888888892
1 0.3143576388888889 0.6416087962962964 0.1392824074074074 0.13049768518518512
1 0.2479571759259259 0.27740162037037036 0.14245370370370375 0.1338541666666667
1 0.28266782407407404 0.46290509259259255 0.13923611111111106 0.12737268518518513
1 0.41839120370370375 0.5199652777777778 0.13137731481481474 0.12366898148148149
1 0.15271412037037035 0.49048032407407405 0.1627199074074074 0.1322337962962962
1 0.18888310185185184 0.6828993055555556 0.15502314814814816 0.13946759259259256
1 0.22442129629629629 0.8652199074074074 0.15984953703703705 0.1491898148148149
1 0.16918981481481482 0.5899305555555555 0.16118055555555558 0.13368055555555552
1 0.11726851851851852 0.30190972222222223 0.15658564814814815 0.1395833333333334
1 0.20703703703703705 0.7744212962962963 0.15984953703703705 0.1491898148148147
1 0.13381365740740742 0.39667245370370374 0.16129629629629633 0.14149305555555552
1 0.09836805555555556 0.20810185185185187 0.15667824074074074 0.14583333333333331