1 0.13126157407407407 0.48107638888888893 0.0790162037037037 0.08678240740740754
1 0.18590856481481483 0.4035648148148148 0.0932638888888889 0.09376157407407408
1 0.35333333333333333 0.551875 0.1014930555555555 0.10822916666666664
1 0.2089872685185185 0.550630787037037 0.08692129629629627 0.09031249999999993
1 0.43267939814814815 0.4655034722222222 0.12534722222222233 0.1235069444444445
1 0.45929976851851856 0.6267939814814815 0.13017361111111114 0.12843750000000007
1 0.5404861111111112 0.5498784722222222 0.13651620370370382 0.13188657407407406
1 0.24087384259259262 0.31046874999999996 0.096574074074074 0.10017361111111107
1 0.3327314814814815 0.38309606481481484 0.10604166666666667 0.10378472222222221
1 0.2675868055555556 0.47488425925925926 0.10135416666666668 0.10354166666666664
1 0.31931712962962966 0.2989351851851852 0.10765046296296302 0.10542824074074071
1 0.5589062499999999 0.7240046296296296 0.12548611111111113 0.1281944444444445
1 0.4766145833333333 0.7899421296296296 0.1127083333333335 0.11817129629629619
1 0.5783564814814814 0.8802430555555556 0.11758101851851847 0.12466435185185176
1 0.5161111111111112 0.3590625 0.1330208333333333 0.11922453703703706
1 0.6611168981481482 0.6458391203703704 0.14787037037037046 0.1465162037037036
1 0.40366319444444443 0.27600694444444446 0.122175925925926 0.12178240740740742
1 0.5022569444444445 0.26005787037037037 0.13329861111111113 0.12859953703703705
1 0.6765509259259259 0.8244907407407407 0.13835648148148144 0.1413425925925928
1 0.6443923611111111 0.4499594907407408 0.1491087962962963 0.13565972222222236
1 0.34148148148148144 0.4677951388888889 0.10452546296296301 0.1052662037037038
1 0.41974537037037035 0.3712268518518519 0.1203819444444445 0.11388888888888893
1 0.6684201388888888 0.734363425925926 0.1381712962962963 0.13509259259259246
1 0.6177372685185185 0.23484375000000002 0.15559027777777779 0.14379629629629634
1 0.5275520833333334 0.45560185185185187 0.13164351851851847 0.1253935185185185
1 0.5516261574074074 0.636261574074074 0.1270023148148148 0.12671296296296292
1 0.4414293981481482 0.5502025462962963 0.11583333333333332 0.11833333333333336
1 0.6335243055555555 0.34642939814814816 0.1505787037037038 0.13261574074074076
1 0.6465509259259259 0.5491377314814814 0.14437499999999998 0.13385416666666677
1 0.7952604166666667 0.750300925925926 0.1575231481481481 0.15637731481481473
1 0.7766724537037037 0.5441840277777779 0.1698842592592591 0.15233796296296304
1 0.8138888888888889 0.9257725694444445 0.16386574074074076 0.14845486111111086
1 0.7860474537037037 0.6499768518518518 0.16680555555555543 0.15373842592592588
1 0.8027951388888889 0.8466377314814814 0.1639120370370371 0.16138888888888872
1 0.77125 0.44015624999999997 0.1775115740740741 0.1464930555555556
1 0.7632060185185184 0.32663194444444443 0.1822916666666666 0.14986111111111108
1 0.7504513888888888 0.21208333333333335 0.18417824074074077 0.1608796296296296
1 0.225206515625 0.436238946875 0.2981134734375 0.42942125468750003 0.289785978125 0.3489959046875 0.216572071875 0.3584118765625 0.225206515625 0.436238946875
1 0.15175415625 0.3685727390625 0.21802601250000003 0.361433603125 0.19453073125 0.28098415625 0.1256928 0.2953612953125 0.15175415625 0.3685727390625
1 0.09068391249999999 0.3789042078125 0.151568078125 0.3701333046875 0.12766409843749998 0.295114628125 0.0647545953125 0.3089104734375 0.09068391249999999 0.3789042078125
1 0.0953909328125 0.44902331875 0.15976788749999998 0.442505184375 0.1501653546875 0.3706935703125 0.09011441718749999 0.37859157187500003 0.0953909328125 0.44902331875
1 0.1693695015625 0.5143177640625 0.235419825 0.511048696875 0.22406735625000002 0.43561284999999994 0.15722709375 0.4424392140625 0.1693695015625 0.5143177640625
1 0.6385912484375 0.9281382 0.7448081640625 0.95327600625 0.74327108125 0.8739221562499999 0.6259141703125 0.8501009937499999 0.6385912484375 0.9281382
1 0.529229159375 0.8321380312500001 0.62686445 0.84989460625 0.619217215625 0.7678468546875 0.5157054265625 0.7539562156249999 0.529229159375 0.8321380312500001
1 0.514296925 0.752874609375 0.503089421875 0.6731935265625 0.4123369453125 0.66687225625 0.4265361375 0.743873071875 0.514296925 0.752874609375
1 0.4130003828125 0.668082765625 0.4003356328125 0.5864522171875 0.3173197359375 0.58637450625 0.33159425 0.6606539984375 0.4130003828125 0.668082765625
1 0.3439441296875 0.732909165625 0.426734065625 0.7432019671875 0.41332956093749995 0.6677375171875 0.331263178125 0.6611540609375 0.3439441296875 0.732909165625
1 0.259690671875 0.6547701671875 0.329707409375 0.66119415625 0.318431784375 0.5863754953125 0.24525013437499998 0.5840310578125 0.259690671875 0.6547701671875
1 0.2456340546875 0.5839431015625001 0.3190298 0.585389340625 0.3073914515625 0.5087934140625 0.23447409531250002 0.5118626328125 0.2456340546875 0.5839431015625001
1 0.4486483 0.8884600359375 0.5388256515625 0.9075464484375001 0.52892741875 0.8316441109375001 0.43600725 0.8171356421875 0.4486483 0.8884600359375
1 0.3570313296875 0.8030065125 0.43720608437499997 0.8161889671875 0.424913946875 0.7430899875 0.34373412187499996 0.7330670890625 0.3570313296875 0.8030065125
1 0.36966082031249997 0.8713206390625 0.44927758124999995 0.8898149562500001 0.4375261078125 0.8161489218750001 0.3574054328125 0.8035924484375 0.36966082031249997 0.8713206390625
1 0.34413773124999997 0.7322989046874999 0.3316764890625 0.6602419765625 0.2591752234375 0.6556576625 0.2726419828125 0.7243876625000001 0.34413773124999997 0.7322989046874999
1 0.28404050000000003 0.7912429515625 0.35697645625 0.8034541781250001 0.3448975453125 0.7332705859375 0.2724951203125 0.72504643125 0.28404050000000003 0.7912429515625
1 0.2958601875 0.8574051468749999 0.3696213875 0.8722870109375 0.3568916078125 0.8030384328125001 0.284797425 0.791232321875 0.2958601875 0.8574051468749999
1 0.23281862812499998 0.8441681781250001 0.296723353125 0.857510321875 0.2855360375 0.791695359375 0.21959385 0.7807425171875 0.23281862812499998 0.8441681781250001
1 0.218961478125 0.780395284375 0.28612615468749997 0.7918355484374999 0.2718625796875 0.7246983703125001 0.205483015625 0.7171049843749999 0.218961478125 0.780395284375
1 0.260049421875 0.6552042984375 0.24744240781250001 0.5838060031250001 0.18217037656249999 0.583012178125 0.19502200625 0.6501120015625 0.260049421875 0.6552042984375
1 0.109007390625 0.5157191359375 0.1220060515625 0.5821610203125 0.18264536250000002 0.5822545984375 0.1711804921875 0.513701315625 0.108964965625 0.515511265625 0.109007390625 0.5157191359375
1 0.1344949375 0.6461051234374999 0.19529029375 0.6510874296875 0.1830046859375 0.5826368453125 0.1217515203125 0.582018759375 0.1344949375 0.6461051234374999
1 0.14639404843749998 0.7099106953125001 0.20639258749999997 0.7164858203125 0.19520544374999999 0.6506716875 0.13483390625 0.646119615625 0.14639404843749998 0.7099106953125001
1 0.1599201578125 0.7695947390625 0.22022051718750002 0.7803999640625 0.20608889375 0.7166605640625 0.14742817187499999 0.7093438937500001 0.1599201578125 0.7695947390625
1 0.1727823625 0.8298655078125 0.2335727375 0.84445006875 0.22080937656250002 0.780539459375 0.159774384375 0.770253371875 0.1727823625 0.8298655078125
1 0.20471145000000002 0.7162562296874999 0.27232000156249997 0.7238164375 0.2577367546875 0.6558622875 0.19595136562499998 0.6510556703125 0.20471145000000002 0.7162562296874999