1 0.1907872265625 0.6714121703125 0.10423663593750002 0.666620709375 0.11684889843749999 0.7037494953125 0.2010440671875 0.706306428125 0.1907872265625 0.6714121703125
1 0.27971049375 0.6764010484375 0.1908294609375 0.6711143390625 0.20056855312500002 0.7064092796875 0.283133559375 0.714341446875 0.27971049375 0.6764010484375
1 0.3680275921875 0.6828462109375 0.2800641578125 0.6767318203125 0.28359090625 0.713979771875 0.367058153125 0.72072178125 0.3680275921875 0.6828462109375
1 0.532384028125 0.731445171875 0.540915928125 0.6977220859375 0.45511444843750004 0.6894538906250001 0.4489144140625 0.7278863375 0.532384028125 0.731445171875
1 0.5320504500000001 0.7318756234375 0.6137119703125 0.7358474828125 0.6281186625 0.7029902406249999 0.5419177234375 0.6972873796875 0.5320504500000001 0.7318756234375
1 0.454108728125 0.6895422078125 0.36809626406249996 0.682761796875 0.36643556093749996 0.7207525390625 0.449716884375 0.7275609484375 0.454108728125 0.6895422078125
1 0.71391565 0.71162545625 0.6269058937499999 0.703068209375 0.614469603125 0.7364251453125 0.6960507234375 0.7441949515624999 0.71391565 0.71162545625
1 0.6954252921874999 0.7450840953125 0.77834395625 0.7578162765625 0.80216384375 0.72555375625 0.71423848125 0.7116254843750001 0.6954252921874999 0.7450840953125
1 0.8016430984375 0.7256982515625 0.828406996875 0.69029435625 0.735192784375 0.6761406765625 0.7153258453125 0.711715959375 0.8016430984375 0.7256982515625
1 0.7143837484375 0.7118522265625 0.736428384375 0.6762434859375 0.6439571875000001 0.6674203296875 0.6283101062500001 0.7028204078125 0.7143837484375 0.7118522265625
1 0.6279464828125 0.7027791453125001 0.6451927890625 0.6675231375 0.5520698390625001 0.6597747593750001 0.5422179125000001 0.69710526875 0.6279464828125 0.7027791453125001
1 0.542174015625 0.6967376640625 0.5534031671874999 0.659852675 0.46099497500000003 0.652352278125 0.45532921249999997 0.689255040625 0.542174015625 0.6967376640625
1 0.4549531796875 0.6896688859375 0.46050055156249997 0.652311140625 0.36798696406250003 0.6455539578125 0.36822595625 0.6826404921875 0.4549531796875 0.6896688859375
1 0.3678410578125 0.6833425625 0.368774665625 0.6450360765625 0.2761291640625 0.6392091015625 0.280300725 0.6765533625 0.3678410578125 0.6833425625
1 0.280567475 0.67664573125 0.276181909375 0.6388371546875 0.182054953125 0.6328869125 0.1918896765625 0.671680028125 0.280567475 0.67664573125
1 0.08699161093749999 0.628193478125 0.10452169375 0.6667194203125 0.1919187015625 0.67147535625 0.1820187921875 0.633090303125 0.08699161093749999 0.628193478125
1 0.06920248125 0.582684803125 0.087591521875 0.627490721875 0.1819176234375 0.63340386875 0.171092584375 0.5885283109375 0.06920248125 0.582684803125
1 0.276736096875 0.6387986406249999 0.2704603390625 0.596693784375 0.1713042609375 0.5891960843749999 0.1827908734375 0.633063040625 0.276736096875 0.6387986406249999
1 0.275526915625 0.6385095187500001 0.3684821796875 0.6456797859375001 0.368981628125 0.6033859953125 0.27039089843749997 0.5971124999999999 0.275526915625 0.6385095187500001
1 0.4603830890625 0.6532748859375 0.467683265625 0.6106057734375 0.36937295468750003 0.6024257734375 0.36916545 0.6452598546874999 0.4603830890625 0.6532748859375
1 0.552102846875 0.6603416656250001 0.5651637765624999 0.6175884078125 0.467136096875 0.61093658125 0.4610917703125 0.6524951796875 0.552102846875 0.6603416656250001
1 0.552779921875 0.659926721875 0.6446936953125 0.6673859796875 0.66184864375 0.625725353125 0.565020696875 0.61766869375 0.552779921875 0.659926721875
1 0.735109846875 0.6766029921875 0.760352965625 0.6342978312499999 0.661769478125 0.6262836140625 0.644256253125 0.6679426359375 0.735109846875 0.6766029921875
1 0.7358844515625 0.676422515625 0.8274589703125 0.6915687703125 0.8580937171875 0.6517824125 0.7592508171875 0.6346856609375 0.7358844515625 0.676422515625
1 0.8570267078124999 0.652257790625 0.8910246953125001 0.6010855609375 0.7854333718750001 0.5860912328125 0.760153090625 0.6341401609374999 0.8570267078124999 0.652257790625
1 0.759102896875 0.6345034187499999 0.7852425984375 0.5858758390625 0.6816140203125001 0.5781938249999999 0.66164543125 0.626771403125 0.759102896875 0.6345034187499999
1 0.6617014578125 0.6269632015625 0.6831745484375 0.577759509375 0.5783799890625 0.567723153125 0.5646172984375 0.617192059375 0.6617014578125 0.6269632015625
1 0.5638844187500001 0.6179360375 0.578583203125 0.5689213546875 0.47538504374999996 0.5599583234375001 0.46785214531249997 0.6106466562499999 0.5638844187500001 0.6179360375
1 0.4665056953125 0.6104355515625 0.4761753609375 0.5598734109375 0.3715484890625 0.550415165625 0.3690144640625 0.603663928125 0.4665056953125 0.6104355515625
1 0.3690216796875 0.6032648 0.37121915781250003 0.5507640968749999 0.26627581093749997 0.5435375328125 0.2699346453125 0.5964539640625001 0.3690216796875 0.6032648
1 0.2707244265625 0.596759790625 0.2669924609375 0.5437657234375 0.1601524046875 0.5358164921874999 0.1716981484375 0.5891077703125001 0.2707244265625 0.596759790625
1 0.17104750625 0.5894072640625 0.1602409265625 0.536952865625 0.0523432140625 0.531173646875 0.07024052187499999 0.583148884375 0.17104750625 0.5894072640625
1 0.16105952968749998 0.5368813140625 0.14955313125 0.47703117500000003 0.03083903125 0.469975634375 0.052853940625 0.531222334375 0.16105952968749998 0.5368813140625
1 0.2662232140625 0.544314725 0.26177465624999996 0.485803821875 0.14894376874999998 0.47603997812500004 0.16067879062499998 0.5368833468750001 0.2662232140625 0.544314725
1 0.37162135625000003 0.5515006984374999 0.3723864796875 0.49323578125 0.26133003593750004 0.486817403125 0.26719795 0.5441288859375 0.37162135625000003 0.5515006984374999
1 0.3710196859375 0.5514871 0.47479043593750003 0.559933615625 0.484888684375 0.50282160625 0.373053484375 0.493730225 0.3710196859375 0.5514871
1 0.4740193625 0.5607728 0.578310046875 0.56907406875 0.59455726875 0.5126615125 0.484491721875 0.5030025453125 0.4740193625 0.5607728
1 0.5784956953125 0.5683905078125 0.68205555625 0.5783241296875 0.70519283125 0.52267338125 0.5942123828125 0.5127525281249999 0.5784956953125 0.5683905078125
1 0.7851906171875 0.5859650828125 0.8162850531249999 0.530600078125 0.7047256390625 0.5224466828125001 0.683154634375 0.577874125 0.7851906171875 0.5859650828125
1 0.784155021875 0.5855417953125001 0.89161663125 0.6014451000000001 0.9280396906249999 0.54727614375 0.816000584375 0.53120661875 0.784155021875 0.5855417953125001
1 0.815528696875 0.5313290328125 0.8500861499999999 0.46740863125 0.7316263265625 0.4567994015625 0.7056206890625 0.5222294453125 0.815528696875 0.5313290328125
1 0.927763215625 0.547065315625 0.9719797218749999 0.48376009062499997 0.8497065750000001 0.46831823124999994 0.816602671875 0.5308432265625 0.927763215625 0.547065315625
1 0.7051875703125 0.5229942390625 0.7313367375000001 0.45668105 0.612903240625 0.4458861890625 0.594299359375 0.5121391890625 0.7051875703125 0.5229942390625
1 0.5948235109375 0.512286690625 0.611621678125 0.44670078437500005 0.4940707234375 0.4367313390625 0.48446211562499997 0.5027276328125 0.5948235109375 0.512286690625
1 0.483889528125 0.50324415 0.49533265000000004 0.43664851562500007 0.375753071875 0.42688661093749997 0.37374255 0.4927534953125 0.483889528125 0.50324415
1 0.37276644062500003 0.4935487875 0.375873828125 0.4275764015625 0.2555530703125 0.4177528265625 0.261985334375 0.485730534375 0.37276644062500003 0.4935487875
1 0.260853725 0.4856618359375 0.2553588140625 0.41690418593749995 0.1345445375 0.40703954531250003 0.1495868703125 0.47741238125 0.260853725 0.4856618359375
1 0.133010334375 0.407288228125 0.010901 0.4012677 0.031180123437500002 0.4697501421875 0.1494525484375 0.4763925984375 0.133010334375 0.407288228125
1 0 0.3683813296875 0.011806059375 0.401373278125 0.13455008125 0.40819997499999994 0.11793470312500001 0.3279796390625 0.00415900625 0.3207250875 0 0.350053096875 0 0.3683813296875
1 0.1162906953125 0.3276612171875 0.134582546875 0.40839669218749997 0.25488730312499996 0.4174882796875 0.24866173281249998 0.33886309375 0.1162906953125 0.3276612171875
1 0.2482636296875 0.3382265921875 0.2551937296875 0.418016703125 0.3761679703125 0.4271660609375 0.37876428125 0.348520171875 0.2482636296875 0.3382265921875
1 0.37812667499999997 0.34838593281249997 0.37616342187499996 0.42743675468750003 0.49440156249999995 0.43700379375000004 0.50698663125 0.35967269375 0.37812667499999997 0.34838593281249997
1 0.5058920687499999 0.3603294734375 0.4943122515625 0.43669845937499996 0.6129643671875 0.4464547453125 0.633948746875 0.370231875 0.5058920687499999 0.3603294734375
1 0.7323507499999999 0.4570695171875 0.7621306234375 0.38277904375 0.6338695796875 0.370790134375 0.612750253125 0.44602344218749995 0.7323507499999999 0.4570695171875
1 0.8499629296875 0.46819370625 0.8913248890625001 0.39505544062500003 0.7624290593749999 0.38226104375 0.733157671875 0.4560420515625 0.8499629296875 0.46819370625
1 0.984114765625 0.4066791 0.8902847484375 0.394593246875 0.8508002125 0.4681065078125 0.971936115625 0.483235646875 0.9817985421875 0.469217134375 0.984114765625 0.4066791
1 0.8912413125 0.394303384375 0.9841095609374999 0.40681965 0.9874108843749999 0.3176839 0.9383603984375 0.312000459375 0.8912413125 0.394303384375
1 0.8902699125 0.394614028125 0.9384645109375 0.3120724171875 0.7996178656249999 0.30070738124999996 0.7625828015625 0.382357084375 0.8902699125 0.394614028125
1 0.762937184375 0.382328090625 0.8004406890625001 0.30115424375 0.6579945390625 0.288737034375 0.6343796375 0.3710692484375 0.762937184375 0.382328090625
1 0.6340772265625 0.3710413328125 0.6597236578125 0.2888809078125 0.5198532015625 0.275926028125 0.50644854375 0.35980405000000004 0.6340772265625 0.3710413328125
1 0.5057581984375 0.360319021875 0.5206946375 0.27613845625 0.3809033484375 0.262625315625 0.3788185421875 0.3483568140625 0.5057581984375 0.360319021875
1 0.3781592625 0.348949365625 0.381450515625 0.26229450625 0.2394892390625 0.2482251640625 0.24812266562500002 0.33913678125 0.3781592625 0.348949365625
1 0.24953773125 0.338528684375 0.2402220859375 0.24913238125 0.0942319171875 0.24055997968749998 0.1168434 0.328213571875 0.24953773125 0.338528684375
1 0.004128907812500001 0.3209373296875 0.11784224531250001 0.3283414015625 0.0952069703125 0.2412231578125 0.0159117828125 0.237848190625 0.004128907812500001 0.3209373296875
0 0.7908882140625 0.770602115625 0.9820563312499999 0.46225682187499995 0.9872633093750001 0.3216684296875 0.0166780953125 0.23244439374999998 0.0058198921875 0.30901304375 0.0943176625 0.716896540625 0.7908882140625 0.770602115625