1 0.8085586031249999 0.1951042375 0.795090778125 0.13367115937500001 0.7377762328124999 0.13417860625 0.7569494609375 0.197974190625 0.8085586031249999 0.1951042375
1 0.7367043609375 0.13393908125 0.6854506812500001 0.13058692968750002 0.69967955625 0.201490028125 0.756390209375 0.1981791140625 0.7367043609375 0.13393908125
1 0.8244805546875 0.2590838828125 0.8078548078125 0.1951559203125 0.7570159921874999 0.19827033593750001 0.7755942765625 0.263322846875 0.8244805546875 0.2590838828125
1 0.8250716625000001 0.2587456796875 0.7757369546875 0.262957353125 0.7946271406250001 0.32814980625 0.8445524671875001 0.31788164375 0.8250716625000001 0.2587456796875
1 0.7758235515624999 0.2632412859375 0.71879341875 0.2697494609375 0.7399443828125001 0.33928038437499997 0.7946805484375 0.328138709375 0.7758235515624999 0.2632412859375
1 0.7749909171875 0.2634897640625 0.7574471953125 0.1983802109375 0.6987682265624999 0.20133742968749999 0.718754275 0.2692992421875 0.7749909171875 0.2634897640625
1 0.8449489515625 0.3179092203125 0.794796271875 0.3278545546875 0.8098304921875 0.39497908125 0.860329759375 0.3808720984375 0.8449489515625 0.3179092203125
1 0.79484043125 0.3280598796875 0.7395018484375 0.3388979921875 0.7544878328125 0.40996652187500005 0.8095516421875001 0.395305003125 0.79484043125 0.3280598796875
1 0.8103037765625001 0.394400834375 0.7556110453125 0.40963132812499997 0.7714834578125 0.48065313749999994 0.8244920359375 0.461716275 0.8103037765625001 0.394400834375
1 0.860444546875 0.381621275 0.8088115828125 0.3944098265625 0.8248645703124999 0.462102959375 0.874069965625 0.444758809375 0.860444546875 0.381621275
1 0.8247829 0.46248827812500004 0.7712074421875 0.4806580625 0.785884628125 0.5523705359375 0.8383192375 0.5287951140625 0.8247829 0.46248827812500004
1 0.88713758125 0.50769909375 0.8743069921875 0.44457260156249995 0.8246175796875 0.4617196078125 0.838512065625 0.5287375703125 0.88713758125 0.50769909375
1 0.8871781406249999 0.507615078125 0.8376969328125 0.5291993296874999 0.852682096875 0.59713783125 0.9017211656249999 0.5716950671875 0.8871781406249999 0.507615078125
1 0.8388157078124999 0.5293183703125 0.7854761265625 0.552054053125 0.800668746875 0.6244307124999999 0.85293606875 0.5967577937499999 0.8388157078124999 0.5293183703125
1 0.8701447874999999 0.6657531031249999 0.8528721296875 0.5967243234375 0.80099574375 0.6236603296875 0.8193220718750001 0.6942685984375 0.8701447874999999 0.6657531031249999
1 0.85407266875 0.596229834375 0.8702095859375 0.6651881984375 0.9200944218749999 0.6368011578125 0.90194431875 0.571778521875 0.85407266875 0.596229834375
1 0.800812259375 0.6244736265624999 0.743041921875 0.654189828125 0.7663534328125 0.7288946843749999 0.8194572250000001 0.6936087109375 0.800812259375 0.6244736265624999
1 0.8009127734374999 0.625011325 0.7856590203125 0.5516820906250001 0.72764980625 0.5778780953125 0.743352434375 0.654543159375 0.8009127734374999 0.625011325
1 0.727547421875 0.5785496421875 0.78697759375 0.5517408140625 0.7709667171875 0.480906225 0.7105958234374999 0.50213629375 0.727547421875 0.5785496421875
1 0.7717727125 0.4810439296875 0.75471325 0.4101440328125 0.6943593390625 0.426642853125 0.710563365625 0.5020865140625 0.7717727125 0.4810439296875
1 0.694014728125 0.4274544484375 0.7547791593750001 0.410454884375 0.7392063078125 0.33899241406249997 0.67831676875 0.3508550640625 0.694014728125 0.4274544484375
1 0.7399839109374999 0.33925752343750004 0.7191105234374999 0.269874025 0.6557215421875 0.277071146875 0.6788708828125001 0.3507581609375 0.7399839109374999 0.33925752343750004
1 0.6559488046874999 0.2772792234375 0.71857096875 0.270122165625 0.698740553125 0.20109883437499998 0.6342215796875 0.205126053125 0.6559488046874999 0.2772792234375
1 0.6855495015625 0.13102003125 0.6215938296875 0.128366909375 0.6349129828125 0.20473095156249999 0.698880946875 0.2004325421875 0.6855495015625 0.13102003125
1 0.6215173875 0.12801148906249998 0.5484421 0.1250560953125 0.5625739765625 0.207604096875 0.6341901156249999 0.2051776234375 0.6215173875 0.12801148906249998
1 0.6344650578125 0.20505339218750002 0.56229234375 0.20749937031250001 0.584908875 0.2861925703125 0.6551819875 0.2773192890625 0.6344650578125 0.20505339218750002
1 0.6565688015625 0.27781401875 0.58630984375 0.2855483765625 0.608478590625 0.36456466875000004 0.6777168609374999 0.350686284375 0.6565688015625 0.27781401875
1 0.6784870609375 0.350855415625 0.6077490375 0.3647823828125 0.6256557968750001 0.44563686562499993 0.69384495 0.4269948125 0.6784870609375 0.350855415625
1 0.6936004437500001 0.42683406250000006 0.6266441703125001 0.44511441874999996 0.644870853125 0.526251659375 0.7104219421875 0.5027524203125 0.6936004437500001 0.42683406250000006
1 0.7104784578125 0.5024831703125 0.6436197921875 0.5260275796875 0.6612696609375 0.6080927296875 0.72802690625 0.5779958187500001 0.7104784578125 0.5024831703125
1 0.72828198125 0.5776956640625001 0.6615064828125 0.60764175 0.6802575281250001 0.68881196875 0.7427343890625 0.6543120265625 0.72828198125 0.5776956640625001
1 0.7428494078125001 0.6547237 0.6788835125 0.68931328125 0.703993440625 0.7687746296875 0.76561274375 0.730269784375 0.7428494078125001 0.6547237
1 0.679280390625 0.689492175 0.6055619046875 0.7292608703125001 0.633491878125 0.8158193812500001 0.7038486046875 0.768461746875 0.679280390625 0.689492175
1 0.6047969421875 0.729894353125 0.6784389875 0.6897702375 0.660728565625 0.6076477890625 0.5848234031249999 0.64304 0.6047969421875 0.729894353125
1 0.6620764140625 0.60695445 0.644169653125 0.52609996875 0.5665238265625 0.5536186078124999 0.585421915625 0.642393265625 0.6620764140625 0.60695445
1 0.5671504234375 0.5533970453125 0.64507788125 0.5259831296875 0.6265969124999999 0.44498262187500004 0.54757235625 0.4671811375 0.5671504234375 0.5533970453125
1 0.5469933671875 0.4675668921875 0.626552953125 0.445336634375 0.6078989984375001 0.364657421875 0.52552345625 0.380970321875 0.5469933671875 0.4675668921875
1 0.5261638015625001 0.3803422203125 0.60790461875 0.36464399062499997 0.5852337078125001 0.2857243140625 0.5040273671875 0.2954567953125 0.5261638015625001 0.3803422203125
1 0.5035096968749999 0.295358203125 0.5847322671875 0.2856748140625 0.5625111203125 0.2078482734375 0.480642959375 0.210691409375 0.5035096968749999 0.295358203125
1 0.5484566671875 0.125427215625 0.46037437812500004 0.1248703390625 0.481167184375 0.2107237390625 0.56211745625 0.2073413578125 0.5484566671875 0.125427215625
1 0.45964910937500003 0.12487933749999999 0.3573197625 0.123171003125 0.3835057484375 0.215207090625 0.48073953437499994 0.210208296875 0.45964910937500003 0.12487933749999999
1 0.4804370578125 0.2107805140625 0.3836408296875 0.21498215781250002 0.4083228484375 0.3056886109375 0.5032916515625 0.29456862031250003 0.4804370578125 0.2107805140625
1 0.5033105890625 0.29520188593749996 0.40885499375 0.30604356718750003 0.4344248796875 0.3980422421875 0.5258584578125001 0.3808219484375 0.5033105890625 0.29520188593749996
1 0.5271516734375 0.380437403125 0.43417919843749997 0.39817502656250003 0.45559266875000004 0.49208065312500004 0.5464389 0.46717849375 0.5271516734375 0.380437403125
1 0.5465541453125 0.46725266249999997 0.4558334765625 0.49121291093749997 0.475710740625 0.5864662046875 0.566921909375 0.5534645453125 0.5465541453125 0.46725266249999997
1 0.5664651171874999 0.5538248984374999 0.47648745468750003 0.5869030625 0.497856065625 0.680600115625 0.5857448296875 0.6421579140625 0.5664651171874999 0.5538248984374999
1 0.5849109968749999 0.64169730625 0.49679258437499996 0.6820044703125 0.5194395609375 0.7759866015625 0.6047531703125 0.7289829234375 0.5849109968749999 0.64169730625
1 0.6036364140625 0.7301791421875 0.5177239203124999 0.7764999718750001 0.5489642765625 0.87080865625 0.6316484078125 0.8165562124999999 0.6036364140625 0.7301791421875
1 0.41732859375000003 0.83308668125 0.444013059375 0.93876255625 0.548526309375 0.8705618156250001 0.5177570828125 0.77642991875 0.41732859375000003 0.83308668125
1 0.384814175 0.9781262328125001 0.44230997343749995 0.939765196875 0.4169574640625 0.8329879218749999 0.3022858859375 0.9000623593749999 0.3191709140625 0.9815299578125 0.384814175 0.9781262328125001
1 0.27751276406250003 0.78487680625 0.30185609375 0.8994797921875 0.4166428953125 0.8330817953125 0.3935167390625 0.728464765625 0.27751276406250003 0.78487680625
1 0.417021596875 0.8334707874999999 0.5192118906250001 0.7765109125 0.49764965781250003 0.68068245625 0.394173534375 0.728651834375 0.417021596875 0.8334707874999999
1 0.392814078125 0.7294758671875 0.49722305 0.681416184375 0.476744128125 0.58659275 0.369814596875 0.6253686765625 0.392814078125 0.7294758671875
1 0.27878358593749997 0.7837417890625 0.393537628125 0.728592675 0.37043026874999996 0.6244367765625001 0.25245388125 0.6683977484375 0.27878358593749997 0.7837417890625
1 0.370186065625 0.6251084625 0.47580416875 0.5869182015625001 0.455227209375 0.49121682031249997 0.34795527187499997 0.5203279546874999 0.370186065625 0.6251084625
1 0.2529767703125 0.6674257734375 0.3709546140625 0.624434496875 0.3476949109375 0.5218390640624999 0.22714223281249998 0.5543796796875 0.2529767703125 0.6674257734375
1 0.34628669375 0.5216757125 0.45660691093750005 0.49119921875 0.4341564078125 0.3979107734375 0.32631095625 0.41888992031249994 0.34628669375 0.5216757125
1 0.228904559375 0.55441315625 0.34789525781249997 0.5217944890624999 0.3252750109375 0.4191472125 0.2023051453125 0.4378150703125 0.228904559375 0.55441315625
1 0.325152384375 0.4196982578125 0.43436674999999997 0.39822484999999996 0.40836780156249997 0.30601194062500003 0.2976224125 0.317165728125 0.325152384375 0.4196982578125
1 0.203767578125 0.4383536125 0.3245974296875 0.41852933906249995 0.29830271875 0.31707956406250004 0.17331180625 0.326464646875 0.203767578125 0.4383536125
1 0.29924825 0.316916328125 0.40766880624999996 0.30591006875 0.3823695171875 0.21516517031250001 0.269772340625 0.2180781890625 0.29924825 0.316916328125
1 0.1722120390625 0.3276959015625 0.2981037125 0.31725788593750004 0.26988898125 0.2176444046875 0.1431696265625 0.21671968437500003 0.1722120390625 0.3276959015625
1 0.38340715625 0.21627440468749998 0.35888767499999996 0.12774389531250002 0.2452820609375 0.11605742968749999 0.2709314921875 0.217822159375 0.38340715625 0.21627440468749998
1 0.24592776249999998 0.11764388125 0.11354320625 0.10355569843750001 0.14303504218750002 0.21662155468750002 0.27020355 0.217550528125 0.24592776249999998 0.11764388125
0 0.081167771875 0.0839260703125 0.2835414375 0.9833774125 0.4752511640625 0.9734369078125 0.9650374906250001 0.6390791421875 0.81523895625 0.1049907828125 0.10063903125 0.078115378125 0.081167771875 0.0839260703125