1 0.07890625 0.6529398148148149 0.0875 0.09828703703703709
1 0.05625 0.49786458333333333 0.0890625 0.0936805555555555
1 0.040625 0.34633101851851855 0.08125 0.09796296296296295
1 0.05078125 0.4223668981481482 0.090625 0.10001157407407409
1 0.1046875 0.8000405092592594 0.090625 0.1015740740740739
1 0.20859375 0.4571527777777778 0.1015625 0.1052662037037038
1 0.13359375 0.47744791666666664 0.0921875 0.09853009259259267
1 0.14140625 0.5614178240740741 0.090625 0.09532407407407409
1 0.1109375 0.3184664351851852 0.0984375 0.10822916666666664
1 0.121875 0.39993055555555557 0.0953125 0.10181712962962956
1 0.1671875 0.7178935185185186 0.0953125 0.10650462962962966
1 0.196875 0.8710416666666667 0.096875 0.10814814814814824
1 0.15546875 0.6403761574074074 0.0953125 0.10337962962962965
1 0.3140625 0.5274652777777777 0.1125 0.11364583333333336
1 0.1828125 0.7967708333333333 0.0953125 0.10806712962962965
1 0.23515625 0.628431712962963 0.103125 0.11003472222222221
1 0.3984375 0.40434027777777776 0.125 0.12210648148148148
1 0.45703125 0.7809895833333333 0.1234375 0.1329629629629629
1 0.2640625 0.7925578703703703 0.10625 0.11800925925925938
1 0.18515625 0.28961805555555553 0.1015625 0.10995370370370372
1 0.271875 0.25230902777777775 0.1125 0.12145833333333336
1 0.2859375 0.34611111111111115 0.1171875 0.11857638888888893
1 0.37109375 0.8721643518518519 0.1140625 0.12466435185185176
1 0.20390625 0.3745833333333334 0.10625 0.1133217592592592
1 0.34375 0.7032696759259259 0.1125 0.11989583333333335
1 0.5296875 0.4842534722222222 0.1375 0.13212962962962962
1 0.55703125 0.6789293981481481 0.1375 0.13994212962962962
1 0.42734375 0.5981539351851852 0.125 0.1267939814814813
1 0.49765625 0.2820081018518518 0.14375 0.14495370370370378
1 0.25078125 0.7104340277777779 0.1078125 0.11340277777777778
1 0.36875 0.21681712962962965 0.1265625 0.133125
1 0.36015625 0.7867939814814815 0.1125 0.12302083333333336
1 0.471875 0.8716261574074075 0.125 0.13304398148148167
1 0.30078125 0.4312789351851851 0.1171875 0.11701388888888893
1 0.5875 0.867974537037037 0.140625 0.14791666666666642
1 0.48203125 0.175005787037037 0.140625 0.14166666666666666
1 0.67421875 0.5642592592592592 0.153125 0.14856481481481473
1 0.64296875 0.3432233796296297 0.1515625 0.13910879629629633
1 0.70546875 0.7696701388888889 0.1546875 0.15958333333333333
1 0.384375 0.3183506944444444 0.1265625 0.12999999999999998
1 0.32734375 0.6127141203703703 0.1125 0.11833333333333336
1 0.57421875 0.7741319444444444 0.1359375 0.14454861111111122
1 0.44765625 0.6916319444444444 0.128125 0.13633101851851848
1 0.51484375 0.3756481481481481 0.1421875 0.13549768518518518
1 0.6296875 0.23844328703703704 0.1625 0.15686342592592598
1 0.60859375 0.12547453703703704 0.1609375 0.16146990740740744
1 0.71875 0.8666377314814815 0.1546875 0.15802083333333314
1 0.41875 0.5048495370370369 0.1265625 0.12375000000000007
1 0.69453125 0.6655497685185185 0.153125 0.15325231481481474
1 0.54453125 0.5803587962962963 0.140625 0.1416666666666666
1 0.659375 0.45565393518518515 0.15 0.14371527777777776
1 0.8390625 0.6518055555555555 0.178125 0.171736111111111
1 0.80703125 0.4253414351851852 0.1875 0.15972222222222215
1 0.8234375 0.5377719907407407 0.1859375 0.16432870370370373
1 0.7921875 0.3018923611111111 0.1828125 0.15635416666666666
1 0.7703125 0.18974537037037037 0.1859375 0.1705787037037037
1 0.8578125 0.7594270833333333 0.175 0.1762615740740742
1 0.86875 0.8580787037037038 0.175 0.1137615740740742
1 0.753125 0.07973958333333334 0.184375 0.15947916666666667
1 0.2425451171875 0.9072101171875 0.3320174265625 0.909137978125 0.3174356765625 0.8271968546874999 0.22846461875 0.831538490625 0.2425451171875 0.9072101171875
1 0.18935487499999998 0.5910412703125 0.27378070625 0.57496901875 0.26124999375 0.49073628593749996 0.1761891078125 0.5101453796875 0.18935487499999998 0.5910412703125
1 0.0402999421875 0.6180784671875 0.11295250625 0.604309759375 0.1006751265625 0.52822336875 0.0306244796875 0.5442074453125 0.0402999421875 0.6180784671875
1 0.0643921671875 0.76356924375 0.1349909734375 0.7577600125 0.1240469546875 0.682071853125 0.051812975 0.6913629 0.0643921671875 0.76356924375
1 0.09252211406250001 0.9048019375 0.16432179687499998 0.9057409484375001 0.1509687984375 0.8324751796875001 0.078693946875 0.8346184609374999 0.09252211406250001 0.9048019375