1 0.8467013888888889 0.17945601851851853 0.12458333333333335 0.12129629629629632
1 0.8703645833333333 0.26059027777777777 0.11949074074074062 0.11313657407407404
1 0.8962905092592592 0.3403356481481482 0.11464120370370381 0.1096643518518519
1 0.9168287037037036 0.421238425925926 0.11456018518518504 0.10810185185185191
1 0.939670138888889 0.5015335648148148 0.11628472222222222 0.11134259259259256
1 0.9525347222222222 0.5802083333333334 0.09493055555555543 0.11111111111111108
1 0.9623321759259259 0.6585358796296296 0.07533564814814823 0.11232638888888893
1 0.9729108796296296 0.7357349537037037 0.054178240740740694 0.11105324074074083
1 0.7593287037037036 0.5356481481481482 0.11644675925925937 0.11446759259259257
1 0.8312037037037037 0.43590856481481477 0.11628472222222222 0.11134259259259256
1 0.8770891203703706 0.6004050925925926 0.11949074074074062 0.11313657407407404
1 0.8050752314814815 0.35225694444444444 0.11644675925925937 0.11446759259259257
1 0.7558217592592593 0.1828414351851852 0.12927083333333336 0.12164351851851851
1 0.8517824074074074 0.5175925925925926 0.11636574074074062 0.11290509259259274
1 0.92125 0.7616608796296296 0.11965277777777779 0.11626157407407404
1 0.6343344907407408 0.46646412037037044 0.13412037037037053 0.12511574074074083
1 0.5520891203703704 0.5763310185185185 0.1406944444444445 0.1318287037037038
1 0.7798090277777778 0.27022569444444444 0.12261574074074062 0.11336805555555554
1 0.8977488425925927 0.6836516203703704 0.11965277777777779 0.11626157407407404
1 0.6878993055555556 0.6439814814814815 0.13107638888888892 0.12644675925925916
1 0.7100752314814816 0.3662326388888889 0.12927083333333336 0.12164351851851851
1 0.8294444444444444 0.7922164351851851 0.1259837962962962 0.11828703703703702
1 0.8040162037037037 0.7070601851851852 0.12293981481481495 0.11961805555555553
1 0.5806886574074074 0.28738425925925926 0.13568287037037036 0.1252314814814815
1 0.6845254629629629 0.27873263888888894 0.12606481481481496 0.11984953703703702
1 0.4121296296296297 0.5037037037037038 0.15015046296296292 0.1340856481481481
1 0.6596354166666666 0.18894675925925924 0.13420138888888894 0.12667824074074074
1 0.7318460648148148 0.8161168981481481 0.13428240740740732 0.12824074074074082
1 0.6041724537037038 0.7552951388888889 0.14233796296296292 0.13350694444444428
1 0.7347222222222223 0.45133101851851853 0.12285879629629637 0.11805555555555554
1 0.5013657407407408 0.39357638888888885 0.14217592592592593 0.13038194444444445
1 0.46692129629629625 0.6898726851851851 0.15039351851851848 0.1387731481481481
1 0.5549363425925925 0.19597800925925926 0.1406944444444445 0.13182870370370373
1 0.7801099537037037 0.6212384259259259 0.12778935185185175 0.12309027777777785
1 0.35685185185185186 0.3081597222222222 0.15187499999999998 0.13732638888888893
1 0.5207291666666667 0.8720775462962962 0.14899305555555564 0.1417824074074076
1 0.4455092592592592 0.20188078703703702 0.15039351851851848 0.1387731481481481
1 0.609525462962963 0.37824074074074077 0.13576388888888893 0.1267939814814815
1 0.628900462962963 0.8419560185185185 0.1407754629629629 0.1333912037037038
1 0.3139236111111111 0.6209490740740741 0.15516203703703707 0.14068287037037025
1 0.7047337962962963 0.7285011574074074 0.13091435185185177 0.12332175925925917
1 0.3722453703703704 0.815162037037037 0.15704861111111104 0.14704861111111106
1 0.3285532407407407 0.2126736111111111 0.15063657407407405 0.14346064814814818
1 0.4723668981481481 0.29959490740740746 0.1438194444444445 0.1320601851851851
1 0.6592245370370371 0.55625 0.12927083333333336 0.12164351851851851
1 0.5239525462962963 0.4839699074074074 0.1438194444444445 0.1320601851851851
1 0.39651620370370366 0.9080150462962964 0.15219907407407404 0.14357638888888893
1 0.25539930555555557 0.4228298611111111 0.16165509259259264 0.1458333333333332
1 0.49115162037037036 0.7819444444444444 0.14875000000000008 0.13709490740740726
1 0.5785011574074075 0.6654513888888889 0.14233796296296292 0.13350694444444428
1 0.38449074074074074 0.405931712962963 0.15187500000000007 0.13732638888888893
1 0.19671296296296298 0.22158564814814813 0.16682870370370367 0.15555555555555553
1 0.34144097222222225 0.7163773148148149 0.15688657407407405 0.14392361111111107
1 0.22369212962962964 0.3216435185185185 0.16337962962962962 0.14907407407407405
1 0.28394097222222225 0.5230034722222222 0.15516203703703707 0.14068287037037042
1 0.43644097222222217 0.5973379629629629 0.15187500000000007 0.13732638888888893
1 0.14777777777777779 0.538599537037037 0.18204861111111112 0.14890046296296297
1 0.21151620370370372 0.7472222222222221 0.1762037037037037 0.15625
1 0.2722627314814815 0.9316550925925926 0.18105324074074075 0.13668981481481488
1 0.17824652777777777 0.6459201388888889 0.17892361111111113 0.1486689814814815
1 0.09361689814814815 0.33457754629629627 0.1604976851851852 0.15353009259259257
1 0.24244212962962966 0.8483506944444444 0.18129629629629634 0.16440972222222214
1 0.11759259259259258 0.4367476851851852 0.18253472222222222 0.15827546296296297
1 0.07593171296296297 0.23365162037037038 0.13582175925925927 0.15792824074074074