1 0.39765625 0.15625 0.07109375 0.05546875
1 0.24921875 0.21171875 0.084375 0.0703125
1 0.259375 0.15546875 0.07734375 0.065625
1 0.75234375 0.21640625 0.08125 0.06171875
1 0.46796875 0.209375 0.0765625 0.05625
1 0.46796875 0.334375 0.0890625 0.0734375
1 0.559375 0.415625 0.09765625 0.08671875
1 0.3734375 0.4171875 0.10234375 0.09375
1 0.78984375 0.34140625 0.09453125 0.07734375
1 0.63515625 0.340625 0.09140625 0.0796875
1 0.5484375 0.26953125 0.0828125 0.06484375
1 0.66328125 0.50625 0.11484375 0.09765625
1 0.6984375 0.275 0.08515625 0.06875
1 0.734375 0.41953125 0.10625 0.09140625
1 0.2296875 0.27265625 0.0921875 0.0765625
1 0.21015625 0.34140625 0.0984375 0.0890625
1 0.3921875 0.271875 0.08515625 0.06953125
1 0.4671875 0.503125 0.1046875 0.09921875
1 0.29765625 0.33984375 0.09140625 0.07890625
1 0.38515625 0.3375 0.09140625 0.07890625
1 0.81484375 0.4203125 0.1015625 0.0875
1 0.165625 0.509375 0.1171875 0.10234375
1 0.5515625 0.33828125 0.0890625 0.075
1 0.284375 0.4203125 0.10390625 0.08984375
1 0.84375 0.5109375 0.11640625 0.09921875
1 0.2609375 0.5109375 0.11796875 0.10390625
1 0.18984375 0.41640625 0.11015625 0.0953125
1 0.75625 0.509375 0.11484375 0.09765625
1 0.5765625 0.615625 0.11796875 0.1171875
1 0.35234375 0.615625 0.12109375 0.1203125
1 0.78203125 0.61484375 0.13046875 0.11484375
1 0.36640625 0.50703125 0.1078125 0.103125
1 0.46484375 0.415625 0.09453125 0.0890625
1 0.8796875 0.61875 0.1265625 0.11484375
1 0.56640625 0.509375 0.10703125 0.1
1 0.24296875 0.62109375 0.13046875 0.12109375
1 0.134375 0.6171875 0.1359375 0.11953125
1 0.6828125 0.615625 0.12265625 0.11484375
1 0.46484375 0.6171875 0.11328125 0.11328125
1 0.70546875 0.74375 0.140625 0.14375
1 0.4625 0.7453125 0.1265625 0.1484375
1 0.3421875 0.75 0.13203125 0.15
1 0.5859375 0.74453125 0.12578125 0.1453125
1 0.815625 0.74453125 0.1421875 0.1421875
1 0.21875 0.75234375 0.140625 0.1484375
1 0.91875 0.74453125 0.1484375 0.140625
1 0.096875 0.75625 0.1546875 0.14765625
1 0.7229234375 0.24391770781250002 0.74043828125 0.30883541718749996 0.8160609375 0.3106895828125 0.79381875 0.24428854218749999 0.7229234375 0.24391770781250002
1 0.6631484375000001 0.305496875 0.67732734375 0.3774625 0.75934453125 0.38043020781250003 0.7401609375 0.3062385421875 0.6631484375000001 0.305496875
1 0.59315703125 0.37406875 0.6036515625 0.4590729171875 0.692896875 0.45981458281250004 0.67732734375 0.3752364578125 0.59315703125 0.37406875
1 0.6507968749999999 0.2412989578125 0.5774953125 0.24032604218750003 0.58460625 0.302121875 0.66319609375 0.3050416671875 0.6507968749999999 0.2412989578125
1 0.571396875 0.18487708281249998 0.57759921875 0.2384270828125 0.6509007812500001 0.2406166671875 0.63996015625 0.18514583281250002 0.571396875 0.18487708281249998
1 0.6400125 0.18460937500000002 0.65071875 0.241346875 0.723290625 0.24378020781249998 0.7077914062499999 0.1875791671875 0.6400125 0.18460937500000002
1 0.5027804687499999 0.1843416671875 0.5048453125 0.23964375000000002 0.57832890625 0.2394 0.57231171875 0.1839302078125 0.5027804687499999 0.1843416671875
1 0.30345468750000004 0.139028125 0.2934921875 0.18757708281250002 0.3632328125 0.1838197921875 0.36886406250000003 0.1320916671875 0.30345468750000004 0.139028125
1 0.29370859375 0.1881552078125 0.293925 0.1887333328125 0.280496875 0.2424833328125 0.35521953125 0.2410385421875 0.3632328125 0.184109375 0.29370859375 0.1881552078125
1 0.281146875 0.24306145781250002 0.268584375 0.3054822921875 0.34828828125 0.303459375 0.35673515624999996 0.24132812499999998 0.281146875 0.24306145781250002
1 0.36301640625 0.1846875 0.35500234375 0.2410385421875 0.4308078125 0.2384375 0.4329734375 0.1838197921875 0.36301640625 0.1846875
1 0.50456875 0.23896145781250003 0.43073828125 0.2391833328125 0.4277515625 0.3005020828125 0.5065593749999999 0.29939583281250004 0.50456875 0.23896145781250003
1 0.50104375 0.133790625 0.43523125 0.133790625 0.43258359375 0.183584375 0.5016742187500001 0.184425 0.50104375 0.133790625
1 0.5008242187499999 0.134075 0.5022765625 0.18416875 0.57134921875 0.183615625 0.5653343750000001 0.13490520781249998 0.5008242187499999 0.134075
1 0.5660132812499999 0.1351458328125 0.5711421875 0.1838916671875 0.64021484375 0.1849989578125 0.63108828125 0.136565625 0.5660132812499999 0.1351458328125
1 0.6306734374999999 0.1362895828125 0.6395929687499999 0.1844458328125 0.70887265625 0.1874895828125 0.6951828124999999 0.1398875 0.6306734374999999 0.1362895828125
1 0.6947359375 0.1397104171875 0.7082507812500001 0.1888739578125 0.77524921875 0.19108750000000002 0.75678828125 0.1426541671875 0.6947359375 0.1397104171875