1 0.40390625 0.16015625 0.0671875 0.06171875
1 0.33828125 0.22578125 0.07109375 0.07265625
1 0.49375 0.35390625 0.0859375 0.0796875
1 0.4765625 0.21953125 0.07109375 0.06640625
1 0.42421875 0.44375 0.09375 0.09921875
1 0.575 0.43828125 0.0984375 0.103125
1 0.5140625 0.5296875 0.1 0.1078125
1 0.25859375 0.29453125 0.078125 0.0765625
1 0.33671875 0.3671875 0.07890625 0.084375
1 0.41328125 0.28828125 0.0796875 0.078125
1 0.2578125 0.3703125 0.08046875 0.0859375
1 0.6765625 0.51328125 0.0984375 0.0984375
1 0.72734375 0.4234375 0.0921875 0.08671875
1 0.821875 0.5015625 0.09609375 0.09140625
1 0.3359375 0.5421875 0.0890625 0.1078125
1 0.61640625 0.62265625 0.11015625 0.11640625
1 0.246875 0.453125 0.09296875 0.09609375
1 0.24296875 0.5484375 0.0984375 0.10625
1 0.78203125 0.60390625 0.109375 0.1078125
1 0.434375 0.64453125 0.10078125 0.1203125
1 0.415625 0.35859375 0.08046875 0.08203125
1 0.3359375 0.45 0.084375 0.096875
1 0.6984375 0.61328125 0.103125 0.109375
1 0.23359375 0.6609375 0.10703125 0.1265625
1 0.42578125 0.534375 0.09375 0.10546875
1 0.59453125 0.52265625 0.096875 0.10078125
1 0.503125 0.4359375 0.090625 0.0921875
1 0.3375 0.6546875 0.09609375 0.1234375
1 0.525 0.628125 0.1 0.115625
1 0.728125 0.72890625 0.1171875 0.12421875
1 0.5359375 0.75 0.1125 0.13828125
1 0.89609375 0.71171875 0.12109375 0.13046875
1 0.634375 0.73828125 0.11328125 0.134375
1 0.8171875 0.7171875 0.12265625 0.1296875
1 0.43984375 0.76484375 0.10625 0.146875
1 0.334375 0.77890625 0.10703125 0.1515625
1 0.22734375 0.7890625 0.11640625 0.15078125
1 0.30064765625 0.2629770828125 0.30041328125 0.3330885421875 0.37535078125 0.3255427078125 0.37323046875 0.2562125 0.30064765625 0.2629770828125
1 0.232190625 0.1901822921875 0.22688906250000002 0.2571552078125 0.30359453125 0.2637583328125 0.30253359375 0.20055833281250002 0.232190625 0.1901822921875
1 0.23763984374999997 0.1307385421875 0.232190625 0.19206875 0.30394765625 0.20008750000000003 0.30500781250000003 0.1416041671875 0.23763984374999997 0.1307385421875
1 0.3046546875 0.1411322921875 0.30430156249999996 0.198671875 0.3714625 0.19395625 0.3700484375 0.1326427078125 0.3046546875 0.1411322921875
1 0.37110937499999996 0.19159791718750002 0.3725234375 0.25526875000000004 0.44321953125 0.2514958328125 0.43862421874999996 0.1892395828125 0.37110937499999996 0.19159791718750002
1 0.8000414062500001 0.5513083328125 0.8354609375000001 0.6562812499999999 0.90863125 0.642603125 0.8732828125 0.5482760421874999 0.8000414062500001 0.5513083328125
1 0.69891796875 0.4667791671875 0.723609375 0.5607239578125001 0.7999609375000001 0.552234375 0.77238984375 0.464509375 0.69891796875 0.4667791671875
1 0.6793796875 0.3854927078125 0.60691640625 0.3869072921875 0.6231765625000001 0.4703875 0.6977609375 0.4656708328125 0.6793796875 0.3854927078125
1 0.591903125 0.3127479171875 0.5219343750000001 0.31357395781249997 0.5315609375 0.3910239578125 0.60810625 0.3872958328125 0.591903125 0.3127479171875
1 0.592325 0.31234375000000003 0.6078265625 0.38766875 0.67878515625 0.3858052078125 0.65978828125 0.3105114578125 0.592325 0.31234375000000003
1 0.51148359375 0.2467697921875 0.52206328125 0.3146114578125 0.5921828125 0.310884375 0.57821484375 0.2467729171875 0.51148359375 0.2467697921875
1 0.443859375 0.25045833281249996 0.44942890625 0.319084375 0.521225 0.31535729218749997 0.5114468750000001 0.2471447921875 0.443859375 0.25045833281249996
1 0.74786015625 0.380378125 0.7719007812500001 0.464321875 0.8428585937499999 0.45910312500000006 0.81492265625 0.378590625 0.74786015625 0.380378125
1 0.659909375 0.31028541718749997 0.6784726562500001 0.38412812500000004 0.74712734375 0.3816770828125 0.7257734375 0.3093739578125 0.659909375 0.31028541718749997
1 0.72635546875 0.3096114578125 0.74712734375 0.3819833328125 0.81624140625 0.3789197921875 0.790065625 0.30814895781249996 0.72635546875 0.3096114578125
1 0.64374296875 0.24559999999999998 0.5789718749999999 0.24612291718749998 0.59153359375 0.312903125 0.6592492187500001 0.31080833281250003 0.64374296875 0.24559999999999998
1 0.64433203125 0.2453375 0.66023046875 0.3113322921875 0.72617890625 0.3092375 0.7065515625 0.2435041671875 0.64433203125 0.2453375
1 0.70662890625 0.2442125 0.72578671875 0.3092375 0.79095 0.307928125 0.7687710937500001 0.2419333328125 0.70662890625 0.2442125
1 0.6894750000000001 0.1853666671875 0.70713984375 0.2448135421875 0.7689671875 0.24271875 0.7493390625 0.185628125 0.6894750000000001 0.1853666671875
1 0.6293140625 0.18431875 0.6439390625 0.2448135421875 0.7073367187499999 0.2453375 0.6890828124999999 0.1848427078125 0.6293140625 0.18431875
1 0.56648671875 0.187315625 0.5032859375000001 0.18810208281250002 0.5115289062499999 0.24885833281249997 0.57865546875 0.247025 0.56648671875 0.187315625
1 0.5026437500000001 0.18868958281249998 0.49557812500000004 0.1321229171875 0.432965625 0.132646875 0.43276953125000006 0.132646875 0.438265625 0.191046875 0.5026437500000001 0.18868958281249998
1 0.49541796875 0.13191250000000002 0.50303671875 0.1889520828125 0.5674148437500001 0.1873802078125 0.555834375 0.1315989578125 0.49541796875 0.13191250000000002
1 0.55588671875 0.13191250000000002 0.56702265625 0.1873802078125 0.62884921875 0.1852854171875 0.6158953125 0.1305510421875 0.55588671875 0.13191250000000002
1 0.61549296875 0.1316239578125 0.628975 0.18496875 0.68923203125 0.1860166671875 0.67235234375 0.13180624999999999 0.61549296875 0.1316239578125
1 0.67294140625 0.13154479218749998 0.689428125 0.1865395828125 0.74968515625 0.18627812500000002 0.72927265625 0.1323302078125 0.67294140625 0.13154479218749998
1 0.56746171875 0.188003125 0.57899453125 0.2447416671875 0.64318046875 0.2454083328125 0.62844453125 0.1837604171875 0.56746171875 0.188003125