1 0.2856604 0.0407017390625 0.21048499375000002 0.037462315625 0.2016609703125 0.10581407031250001 0.278800728125 0.1072607265625 0.2856604 0.0407017390625
1 0.28584684843749997 0.040701815625 0.2785517234375 0.10892764218749999 0.35491288593750003 0.114545090625 0.35831122187500003 0.046843449999999995 0.28584684843749997 0.040701815625
1 0.358682978125 0.0484908515625 0.3558133953125 0.11368864062499999 0.43098335624999995 0.1122911515625 0.4294288984375 0.045150584375000004 0.358682978125 0.0484908515625
1 0.430011465625 0.04555100625 0.43034634218749995 0.11189458125 0.5050055812500001 0.10512040781250001 0.5010446703125 0.040126125 0.430011465625 0.04555100625
1 0.4307656609375 0.112104996875 0.43079727031250004 0.182800125 0.509538653125 0.1771502109375 0.5046645234375 0.1043018640625 0.4307656609375 0.112104996875
1 0.3552150765625 0.11297626093749999 0.35287891562499996 0.185524259375 0.4311383703125 0.1836197859375 0.43003593906250004 0.111903778125 0.3552150765625 0.11297626093749999
1 0.27946115 0.10837999062499999 0.27220197343749997 0.1808644546875 0.3528482171875 0.1846954015625 0.3558133953125 0.11368864062499999 0.27946115 0.10837999062499999
1 0.2016303125 0.10498632968749999 0.19068420156250002 0.1787177484375 0.2715803296875 0.1808828734375 0.278770071875 0.10643298593749999 0.2016303125 0.10498632968749999
1 0.2635855171875 0.26232622499999997 0.27153613593750003 0.180664703125 0.1896489984375 0.1794975640625 0.1780325109375 0.26029908125 0.2635855171875 0.26232622499999997
1 0.27172533906249996 0.1799681828125 0.2638805921875 0.2619031578125 0.3491393640625 0.26435334374999997 0.3524491890625 0.1858718125 0.27172533906249996 0.1799681828125
1 0.353097065625 0.1850877953125 0.3490933375 0.2631106140625 0.43165324375 0.259834625 0.430661778125 0.182724634375 0.353097065625 0.1850877953125
1 0.431040309375 0.18414675625000002 0.4310776265625 0.261095775 0.5135761765625 0.2561631859375 0.5100247640625 0.1770551828125 0.431040309375 0.18414675625000002
1 0.5878901 0.1755979859375 0.510130003125 0.17724355 0.5137730031250001 0.25576318593749997 0.5963789359375 0.253729928125 0.5878901 0.1755979859375
1 0.5806553562500001 0.1024601296875 0.5047480109375 0.10490072187499999 0.508517234375 0.17768998281249998 0.5885009 0.1749919953125 0.5806553562500001 0.1024601296875
1 0.50169480625 0.0399019375 0.505273790625 0.1033823765625 0.5803982515625 0.10213964687499999 0.5738252859374999 0.037436640625 0.50169480625 0.0399019375
1 0.572800821875 0.037939546875 0.580100546875 0.10389758906249999 0.6552825203125 0.1008290078125 0.645100340625 0.0360246578125 0.572800821875 0.037939546875
1 0.57985705 0.1029921703125 0.588596778125 0.1742926421875 0.6672441484375 0.1739275921875 0.655909903125 0.100738753125 0.57985705 0.1029921703125
1 0.67900679375 0.2529916234375 0.6668045609375 0.1733739984375 0.58800896875 0.175428734375 0.5966718453125 0.25599219375 0.67900679375 0.2529916234375
1 0.7456512656250001 0.1727219734375 0.666814959375 0.173654759375 0.679258875 0.2541061890625 0.7618770609375 0.253061346875 0.7456512656250001 0.1727219734375
1 0.7309035749999999 0.0982322890625 0.6558400343749999 0.09935115624999999 0.6670039359375 0.1730881421875 0.7460923234375 0.1732699234375 0.7309035749999999 0.0982322890625
1 0.6449013171875 0.0351862296875 0.6557533234374999 0.1005474265625 0.731156184375 0.09775112968750001 0.71632040625 0.0322436984375 0.6449013171875 0.0351862296875
1 0.71655095625 0.032754214062499995 0.730566865625 0.09889174843750001 0.8044027375 0.09922915624999999 0.7874662875 0.0337839671875 0.71655095625 0.032754214062499995
1 0.7312455875 0.0983509328125 0.7459134359374999 0.1725216 0.82241774375 0.1710968921875 0.80438198125 0.0986687546875 0.7312455875 0.0983509328125
1 0.7461906218750001 0.1730441703125 0.7615232296875 0.252646309375 0.844310475 0.251925678125 0.823159115625 0.17149932968749998 0.7461906218750001 0.1730441703125
1 0.8683496765625 0.3402326875 0.8437792171874999 0.25159540156250004 0.7623866375 0.25331877187499996 0.7806610625 0.3417916984375 0.8683496765625 0.3402326875
1 0.6792294828125 0.254627765625 0.6942181828125 0.34192861093750004 0.780920290625 0.3417840171875 0.7620297234375 0.252285284375 0.6792294828125 0.254627765625
1 0.5969704296875 0.2547795671875 0.6062575406249999 0.34314966406249997 0.6939333109375 0.3412438984375 0.679527353125 0.253690628125 0.5969704296875 0.2547795671875
1 0.513897134375 0.25609880625 0.5192970734375 0.34423246406249997 0.606505675 0.343726846875 0.5970395328125 0.2563732296875 0.513897134375 0.25609880625
1 0.5134361578125 0.256078871875 0.43186609374999996 0.26161327343749996 0.43093326875000004 0.3485818546875 0.518727328125 0.3428630375 0.5134361578125 0.256078871875
1 0.3492888703125 0.26523803125 0.3441939578125 0.35198503593749997 0.43158489843750003 0.349395675 0.4317263546875 0.26210340468750004 0.3492888703125 0.26523803125
1 0.2639068484375 0.26236261562499996 0.2545820078125 0.352181134375 0.344136465625 0.3519520265625 0.34951625000000003 0.265889734375 0.2639068484375 0.26236261562499996
1 0.1779255015625 0.2626706203125 0.1649585828125 0.3541535671875 0.254215365625 0.352894109375 0.26356425625 0.2618654984375 0.1779255015625 0.2626706203125
1 0.16532747187500002 0.35402281874999997 0.14955677812499998 0.454294134375 0.24473988124999999 0.45181991093749996 0.2551038296875 0.3531410140625 0.16532747187500002 0.35402281874999997
1 0.3446326859375 0.35222063124999997 0.25556153125000003 0.3532539890625 0.2434429015625 0.45185833906250006 0.3388980765625 0.44972319218749995 0.3446326859375 0.35222063124999997
1 0.43181048593750004 0.34884253125 0.3449508453125 0.3517632859375 0.338995453125 0.4503115578125 0.4320782484375 0.4472064140625 0.43181048593750004 0.34884253125
1 0.518803940625 0.3439111359375 0.430997078125 0.349284315625 0.43125283750000004 0.44730141718749994 0.5248413296875001 0.443836390625 0.518803940625 0.3439111359375
1 0.6065566125 0.34342411093749997 0.5197199546875 0.34390415 0.5243100390625 0.442847675 0.6166664374999999 0.441150359375 0.6065566125 0.34342411093749997
1 0.6070875375 0.34283840312499997 0.6170587046875 0.44044894375 0.7099591625 0.439427540625 0.6935869375 0.3408487953125 0.6070875375 0.34283840312499997
1 0.69416905 0.3417811328125 0.7101927875 0.43872858593749997 0.8020939390624999 0.4387759625 0.78082114375 0.3410344515625 0.69416905 0.3417811328125
1 0.7807223875 0.3418828234375 0.8018518734375 0.438952225 0.8937402640625001 0.43865508281250004 0.866983553125 0.3400368875 0.7807223875 0.3418828234375
1 0.801916065625 0.43846321093749996 0.8270430140625 0.547885334375 0.9248405109375 0.5486751187500001 0.8924328234375001 0.438547128125 0.801916065625 0.43846321093749996
1 0.7097960484375 0.44021623125 0.7289510421875 0.5484872234375 0.8280612203125 0.547394928125 0.80162243125 0.439854859375 0.7097960484375 0.44021623125
1 0.6174525640625 0.44092438593749994 0.6298986453125 0.5496203578125 0.7296983796875 0.5485065125 0.710110271875 0.4393805125 0.6174525640625 0.44092438593749994
1 0.629915671875 0.5500800890625 0.6449236671875 0.6754758140625 0.751263421875 0.6737079546875 0.7293194859375001 0.5475961484375 0.629915671875 0.5500800890625
1 0.728352484375 0.5494691031250001 0.7502622828125001 0.674659209375 0.8583447375000001 0.67329995 0.8277733234375001 0.5474448921875 0.728352484375 0.5494691031250001
1 0.8286111109375 0.548704475 0.857360665625 0.67471205625 0.9591294234375001 0.67077509375 0.92451851875 0.5478044984375 0.8286111109375 0.548704475
1 0.8582850796875 0.6725055421875 0.887545746875 0.818095525 0.998009371875 0.815744121875 0.9595253859374999 0.672146309375 0.8582850796875 0.6725055421875
1 0.7511141453125 0.6731468796875 0.7760289796875 0.8200167781250001 0.8872342046874999 0.8190263484375 0.8573265703124999 0.673791475 0.7511141453125 0.6731468796875
1 0.644378665625 0.6752959984375 0.660816896875 0.8228000249999999 0.7768202421875 0.8207458359375 0.7499330093750001 0.673115809375 0.644378665625 0.6752959984375
1 0.524007353125 0.4426797171875 0.5302748562499999 0.5529450671875 0.6300064 0.5499900578125 0.617388371875 0.44250183906249996 0.524007353125 0.4426797171875
1 0.5307527765625 0.5529689796875 0.5390032109375 0.67668255 0.64575595625 0.6767456375 0.6303511984375 0.5499798421875 0.5307527765625 0.5529689796875
1 0.5391437156250001 0.6768933890625 0.5468756015625 0.8239532687500001 0.6604799078125 0.82243151875 0.6446866250000001 0.6758557296875 0.5391437156250001 0.6768933890625
1 0.33281328125 0.5600611484375 0.3245547890625 0.68760534375 0.4305992515625 0.6844632859375 0.4305823703125 0.5577029078125 0.33281328125 0.5600611484375
1 0.3317630078125 0.5615905531250001 0.23249580625 0.563091746875 0.217485625 0.6922189421875 0.32489611875 0.6871159578125 0.3317630078125 0.5615905531250001
1 0.244568490625 0.45181827031250005 0.2325313515625 0.564051478125 0.332859640625 0.562038453125 0.33842614375 0.44999696718750004 0.244568490625 0.45181827031250005
1 0.33899504999999996 0.449008128125 0.333200928125 0.5615479484375 0.4323979609375 0.5581295046875 0.43181734218749995 0.4453093703125 0.33899504999999996 0.449008128125
1 0.5310311750000001 0.553320184375 0.432110478125 0.5576464328124999 0.431402384375 0.681113696875 0.5385079328125 0.67745980625 0.5310311750000001 0.553320184375
1 0.43120185937500005 0.6827970921875 0.4321653515625 0.8280183687499999 0.5464774328125 0.8246313437499999 0.5381302625 0.6769906046874999 0.43120185937500005 0.6827970921875
1 0.3244685359375 0.687544071875 0.31724090625 0.8343047734375 0.43178767812499996 0.8275491671875 0.432227896875 0.6839693515625 0.3244685359375 0.687544071875
1 0.2181294640625 0.69227825 0.19981745625 0.8411456125000001 0.31803091562499997 0.8362018140625 0.325842146875 0.6876019140625 0.2181294640625 0.69227825
1 0.218395309375 0.691746309375 0.112421896875 0.6968067109375 0.086872203125 0.84257056875 0.20078972031250003 0.8382355703125001 0.218395309375 0.691746309375
1 0.149518321875 0.45409482968750003 0.132391271875 0.56742731875 0.23268405625000002 0.5644556796875 0.2457814453125 0.45171066406250004 0.149518321875 0.45409482968750003
1 0.13028766875 0.5689297046874999 0.110568325 0.6972367640625 0.21763832968750002 0.6926231421875 0.2334207875 0.56491424375 0.13028766875 0.5689297046874999
1 0.43183329062500003 0.4467377578125 0.4318055453125 0.557077653125 0.5316639734375 0.5533081531249999 0.5239244859375 0.44282326562499996 0.43183329062500003 0.4467377578125