1 0.85546875 0.4703125 0.09765625 0.10390625
1 0.75859375 0.37109375 0.09296875 0.0953125
1 0.81484375 0.28828125 0.0875 0.0875
1 0.271875 0.08125 0.08515625 0.090625
1 0.57734375 0.11484375 0.078125 0.08046875
1 0.43125 0.10546875 0.07578125 0.0828125
1 0.7171875 0.12578125 0.075 0.07734375
1 0.52265625 0.3546875 0.090625 0.0953125
1 0.35078125 0.171875 0.08359375 0.09375
1 0.5125 0.1859375 0.08046875 0.08125
1 0.43359375 0.265625 0.0828125 0.090625
1 0.265625 0.1625 0.0890625 0.096875
1 0.59609375 0.27109375 0.0875 0.09296875
1 0.4359375 0.459375 0.096875 0.11171875
1 0.79921875 0.20859375 0.078125 0.0859375
1 0.35390625 0.09453125 0.0796875 0.090625
1 0.43359375 0.18671875 0.08046875 0.0875
1 0.68515625 0.365625 0.0921875 0.09765625
1 0.6609375 0.19453125 0.0796875 0.08125
1 0.6171875 0.46015625 0.1046875 0.11171875
1 0.7203125 0.57265625 0.103125 0.11328125
1 0.78046875 0.46640625 0.09609375 0.10625
1 0.58671875 0.19140625 0.08203125 0.0828125
1 0.8375 0.375 0.0921875 0.1
1 0.746875 0.2828125 0.08984375 0.09140625
1 0.346875 0.35234375 0.0953125 0.10859375
1 0.7328125 0.20546875 0.0796875 0.08359375
1 0.5375 0.5671875 0.1078125 0.11328125
1 0.259375 0.24921875 0.09140625 0.1015625
1 0.34921875 0.26015625 0.0875 0.0984375
1 0.25078125 0.35 0.0984375 0.109375
1 0.3375 0.56953125 0.10703125 0.12421875
1 0.88125 0.571875 0.1015625 0.11171875
1 0.23984375 0.45 0.1078125 0.115625
1 0.51640625 0.26796875 0.08828125 0.0859375
1 0.4390625 0.703125 0.10390625 0.13828125
1 0.8265625 0.69140625 0.11484375 0.1265625
1 0.646875 0.69765625 0.12109375 0.134375
1 0.2296875 0.56875 0.11328125 0.125
1 0.67265625 0.275 0.08828125 0.08984375
1 0.80390625 0.571875 0.10234375 0.1125
1 0.33984375 0.453125 0.10078125 0.11328125
1 0.43515625 0.3609375 0.08984375 0.10078125
1 0.4390625 0.57421875 0.09921875 0.12109375
1 0.69921875 0.465625 0.09921875 0.10703125
1 0.909375 0.690625 0.10703125 0.11875
1 0.6046875 0.3609375 0.0953125 0.1
1 0.21796875 0.70546875 0.1265625 0.146875
1 0.628125 0.5734375 0.10859375 0.11875
1 0.33125 0.70625 0.1140625 0.14453125
1 0.7359375 0.696875 0.11015625 0.13203125
1 0.54375 0.7015625 0.11171875 0.13359375
1 0.53046875 0.45859375 0.09921875 0.10859375
1 0.55390625 0.84453125 0.1203125 0.16875
1 0.759375 0.8375 0.128125 0.15625
1 0.659375 0.83828125 0.11953125 0.1578125
1 0.85078125 0.8296875 0.11640625 0.15
1 0.325 0.85390625 0.12265625 0.171875
1 0.44140625 0.853125 0.11328125 0.1671875
1 0.9421875 0.825 0.115625 0.1515625
1 0.2046875 0.86171875 0.134375 0.17109375
1 0.8625 0.09609375 0.0734375 0.07109375
1 0.74195078125 0.0976791671875 0.7564578125 0.1679260421875 0.82197890625 0.1756666671875 0.8049164062499999 0.1050916671875 0.74195078125 0.0976791671875
1 0.60835390625 0.0855125 0.61756796875 0.154721875 0.6885484374999999 0.1615510421875 0.67694609375 0.09143124999999999 0.60835390625 0.0855125
1 0.46735781249999997 0.077715625 0.46872421875 0.14880312499999998 0.54420234375 0.14880312499999998 0.5394203125 0.0786270828125 0.46735781249999997 0.077715625