1 0.34307291666666667 0.1324710648148148 0.08468749999999999 0.07913194444444445
1 0.28312499999999996 0.214212962962963 0.09333333333333335 0.0920370370370371
1 0.45828125000000003 0.30789930555555556 0.10802083333333332 0.10214120370370364
1 0.4258333333333333 0.1756712962962963 0.09135416666666671 0.08570601851851851
1 0.3966145833333333 0.41542245370370373 0.12197916666666667 0.12466435185185176
1 0.5519270833333334 0.3746701388888889 0.12843750000000007 0.12811342592592592
1 0.4996875 0.4809259259259259 0.12885416666666671 0.13436342592592593
1 0.20869791666666665 0.3029340277777778 0.09989583333333334 0.09704861111111107
1 0.29770833333333335 0.35748842592592595 0.10197916666666665 0.10494212962962965
1 0.36802083333333335 0.2604166666666667 0.1015625 0.09869212962962966
1 0.21604166666666663 0.37962962962962965 0.1036458333333334 0.10658564814814815
1 0.6652083333333334 0.42718749999999994 0.125 0.12326388888888892
1 0.7079166666666666 0.3237615740740741 0.11645833333333329 0.11192129629629628
1 0.8146875 0.38050925925925927 0.12135416666666679 0.11528935185185185
1 0.3161979166666667 0.5355960648148148 0.11937499999999997 0.13231481481481477
1 0.6148958333333334 0.55125 0.14375 0.14759259259259264
1 0.21421874999999999 0.4653645833333333 0.12020833333333333 0.12145833333333336
1 0.22088541666666667 0.5638946759259259 0.1270833333333333 0.13115740740740733
1 0.7837500000000001 0.49422453703703706 0.13833333333333328 0.13641203703703705
1 0.4298958333333333 0.6168981481481481 0.134375 0.14710648148148148
1 0.378125 0.3307407407407407 0.10510416666666664 0.10510416666666664
1 0.30604166666666666 0.4426967592592592 0.11072916666666668 0.11940972222222221
1 0.6993229166666667 0.5227372685185185 0.13375000000000004 0.13773148148148148
1 0.22401041666666668 0.6805150462962963 0.1427083333333333 0.15532407407407406
1 0.40843749999999995 0.5066782407407407 0.12239583333333322 0.13091435185185177
1 0.58234375 0.4556192129629629 0.12531250000000008 0.12795138888888893
1 0.47703125 0.3886747685185185 0.11666666666666661 0.11504629629629629
1 0.33046875 0.6485243055555555 0.12989583333333332 0.14998842592592593
1 0.5211979166666667 0.5786863425925926 0.13093749999999993 0.1422569444444445
1 0.7426041666666666 0.6326041666666666 0.15197916666666664 0.1542476851851852
1 0.5466145833333333 0.6996006944444444 0.15145833333333342 0.16979166666666679
1 0.8996354166666667 0.5777488425925925 0.1276041666666668 0.16232638888888892
1 0.64625 0.6648495370370371 0.15124999999999994 0.1666666666666666
1 0.8327083333333334 0.6006828703703704 0.15874999999999986 0.16238425925925917
1 0.4491145833333333 0.7373553240740741 0.14572916666666663 0.17728009259259264
1 0.34145833333333336 0.775636574074074 0.14749999999999996 0.1804861111111112
1 0.23161458333333335 0.8116956018518519 0.15854166666666672 0.18261574074074077
1 0.24843198281249998 0.2607588390625 0.25605638750000004 0.331894015625 0.3326596359375 0.3067767828125 0.3226892546875 0.23698250625 0.24843198281249998 0.2607588390625
1 0.16951210156250002 0.20291444687500002 0.1715472828125 0.2720488046875 0.2515653140625 0.26086400468750004 0.2433776453125 0.19703774062499999 0.16951210156250002 0.20291444687500002
1 0.1684743125 0.14137890625 0.169723765625 0.20482697968750002 0.24478628906250002 0.196230796875 0.23932004999999998 0.1366919890625 0.1684743125 0.14137890625
1 0.2389021390625 0.136295903125 0.24499322656250003 0.1947131125 0.31387674374999996 0.1742778390625 0.3055357765625 0.1124464171875 0.2389021390625 0.136295903125
1 0.3132471703125 0.171969215625 0.321852628125 0.23619051249999998 0.3944955984375 0.2158869703125 0.38276095 0.153841325 0.3132471703125 0.171969215625
1 0.796920053125 0.43667228593749996 0.8453052421875 0.5348402484375 0.9193939999999999 0.503917875 0.8722767687499999 0.41652632343749996 0.796920053125 0.43667228593749996
1 0.68292195 0.3745455015625 0.7189819609375 0.4640335140625 0.7969407890625 0.4376298828125 0.7586024171875 0.35511885625 0.68292195 0.3745455015625
1 0.6536081203124999 0.2966896484375 0.57887410625 0.315014171875 0.60504605 0.3958581921875 0.68160176875 0.3736915390625 0.6536081203124999 0.2966896484375
1 0.55503665625 0.2433291890625 0.48281477187500005 0.2604755875 0.50145411875 0.3367522640625 0.5801474375 0.31513074531249996 0.55503665625 0.2433291890625
1 0.5554273281250001 0.2428211015625 0.5799002140625 0.315574009375 0.6530287203125 0.297145046875 0.624946840625 0.225238540625 0.5554273281250001 0.2428211015625
1 0.46451805625000003 0.195184009375 0.483064409375 0.2614973828125 0.555116628125 0.241374696875 0.5334869328125 0.1796328625 0.46451805625000003 0.195184009375
1 0.39504048593749996 0.2146859890625 0.408496715625 0.2829623921875 0.48228170625000005 0.26244891875 0.4645221828125 0.19557275000000002 0.39504048593749996 0.2146859890625
1 0.7238106453125 0.2755423328125 0.7580759203125 0.35504275937499996 0.83082715625 0.3332123953125 0.792920965625 0.25809860156250003 0.7238106453125 0.2755423328125
1 0.6250466328125001 0.22498115 0.6525175703125 0.2955176234375 0.723199009375 0.27703005625 0.6930166296875 0.20870490937500003 0.6250466328125001 0.22498115
1 0.6936448234375 0.2088100265625 0.7232333703125 0.2773405390625 0.7943208625 0.25812493124999997 0.7593268734375 0.19247718125 0.6936448234375 0.2088100265625
1 0.6010803921875 0.1631698546875 0.5341964140625 0.1787974234375 0.5546721515625 0.24357267500000002 0.624423015625 0.2256651671875 0.6010803921875 0.1631698546875
1 0.6016597531250001 0.16276642187499998 0.625495953125 0.22596765 0.6934203812499999 0.2084720546875 0.6657595921875 0.1464050640625 0.6016597531250001 0.16276642187499998
1 0.6659190078125 0.14710516093749998 0.6930150453125 0.20856346874999998 0.7602161203125 0.19204715781249998 0.7298888875 0.1303098375 0.6659190078125 0.14710516093749998
1 0.641587371875 0.0914443390625 0.6665145124999999 0.147595415625 0.7301796796875 0.1310604015625 0.7034878140624999 0.0777557609375 0.641587371875 0.0914443390625
1 0.5792918609375 0.1044047859375 0.6011948203124999 0.1623268171875 0.6667767765625 0.148080728125 0.6411232484375 0.091004553125 0.5792918609375 0.1044047859375
1 0.51469438125 0.1220874421875 0.44946293125 0.137616171875 0.46479922656249995 0.19729085625 0.5339706140625 0.1797857265625 0.51469438125 0.1220874421875
1 0.43521573281250003 0.0826598609375 0.3705628328125 0.0977853421875 0.370360165625 0.0978310484375 0.382593115625 0.1557571796875 0.4488651328125 0.138361478125 0.43521573281250003 0.0826598609375
1 0.43502659843749997 0.0824838671875 0.44930072968749996 0.1385360109375 0.5156608703125001 0.12193658125 0.497433384375 0.068083596875 0.43502659843749997 0.0824838671875
1 0.4975226640625 0.068389271875 0.5152555328124999 0.12202799687500002 0.578919896875 0.1054931640625 0.5593903874999999 0.0530216578125 0.4975226640625 0.068389271875
1 0.5590949375 0.054203184375000005 0.5790143624999999 0.1051428015625 0.641409190625 0.09215995625 0.6178810718750001 0.0411347078125 0.5590949375 0.054203184375000005
1 0.6184605453125 0.040732331249999996 0.6416705296874999 0.09264439375 0.70391844375 0.078334075 0.6767685203125 0.0283984140625 0.6184605453125 0.040732331249999996
1 0.515779209375 0.12255718281250001 0.53406485 0.1773917984375 0.6004775312499999 0.16310665 0.5783305328125 0.1040414140625 0.515779209375 0.12255718281250001