1 0.23844845625 0.279513759375 0.24342156250000002 0.340697825 0.29858608750000004 0.3277306328125 0.288256790625 0.26553651718750004 0.23844845625 0.279513759375
1 0.30445108906249996 0.38904568125 0.29883004375 0.3261644921875 0.2440116328125 0.34063923125 0.24919249062499998 0.3991585671875 0.30445108906249996 0.38904568125
1 0.248905134375 0.3994079203125 0.2531442734375 0.45625866875 0.3082312859375 0.4499078359375 0.3038835875 0.38976321875000003 0.248905134375 0.3994079203125
1 0.25315150625 0.45647813125000003 0.256948034375 0.5146050953125 0.31059340468749996 0.5099222 0.30853313125000004 0.4500980453125 0.25315150625 0.45647813125000003
1 0.25629665468749996 0.5145092390625 0.257979190625 0.5721246578125 0.3102444296875 0.5714412125 0.31017351875 0.510285603125 0.25629665468749996 0.5145092390625
1 0.257101571875 0.571728925 0.257723409375 0.6299325484375 0.310956171875 0.6323726484375001 0.31045480625 0.571259784375 0.257101571875 0.571728925
1 0.25838008281249997 0.6301890484375 0.259853109375 0.687986440625 0.31337554375 0.6926510046875001 0.3111665296875 0.6321905890624999 0.25838008281249997 0.6301890484375
1 0.2602677 0.68746239375 0.245971803125 0.7453769890624999 0.301742534375 0.7527155765625 0.314425671875 0.691742140625 0.2602677 0.68746239375
1 0.30088692031250003 0.7529617109375 0.3595150125 0.7617862796875 0.371220078125 0.6973692687499999 0.315098209375 0.6924799453125 0.30088692031250003 0.7529617109375
1 0.31072550468750004 0.6319126734375 0.3135850515625 0.6924690296875 0.37101055 0.6975506109375 0.3669889859375 0.634534071875 0.31072550468750004 0.6319126734375
1 0.3104992671875 0.631612796875 0.3676086609375 0.6336679515625 0.366365165625 0.5697315 0.31023915625 0.5712811984374999 0.3104992671875 0.631612796875
1 0.31023386249999996 0.571120553125 0.36745843749999996 0.570105821875 0.3672870765625 0.5059023703125 0.31017351875 0.510285603125 0.31023386249999996 0.571120553125
1 0.3106039734375 0.510242859375 0.36687163749999996 0.5064265046875 0.36561840156250003 0.442168678125 0.3083958078125 0.4497823578125 0.3106039734375 0.510242859375
1 0.3086159046875 0.44992167343749995 0.3651773796875 0.44189076250000003 0.36155454374999996 0.37786887187499996 0.3037968859375 0.38891584218749997 0.3086159046875 0.44992167343749995
1 0.303991378125 0.38825247812499997 0.36089786875 0.3776123703125 0.355972234375 0.3133975046875 0.29940302343749997 0.3277066203125 0.303991378125 0.38825247812499997
1 0.298100225 0.32751364375 0.35576272656249996 0.313579478125 0.3447438875 0.24803814375000002 0.2884846578125 0.26521375625 0.298100225 0.32751364375
1 0.35510603125 0.313322346875 0.42003234218749996 0.2968965421875 0.4067652046875 0.2286811828125 0.3447544765625 0.2483594359375 0.35510603125 0.313322346875
1 0.3555206234375 0.312798296875 0.3615439734375 0.3775482140625 0.42447047812500005 0.36598798125 0.42003234218749996 0.2968965421875 0.3555206234375 0.312798296875
1 0.3609137328125 0.378093675 0.3636536515625 0.44155918906249997 0.4264861125 0.4337101609375 0.4244546140625 0.365506675 0.3609137328125 0.378093675
1 0.3649511578125 0.44159151718749995 0.36664624375 0.5061265421875001 0.42999376875 0.5008019390625 0.4264861125 0.4337101609375 0.3649511578125 0.44159151718749995
1 0.36663567656249996 0.5058058828124999 0.3668017640625 0.56984931875 0.43137388593750003 0.56890956875 0.429778115625 0.5008233515625 0.36663567656249996 0.5058058828124999
1 0.36635987187499996 0.56957085625 0.367624525 0.63414925625 0.43381025468749995 0.6362682609375 0.4311537875 0.5687702515625 0.36635987187499996 0.56957085625
1 0.367624525 0.63414925625 0.37144100468749996 0.6975078671875 0.43684516249999994 0.702119515625 0.4329432234375 0.6361938203124999 0.367624525 0.63414925625
1 0.3716355203125 0.696845134375 0.359284346875 0.7613263031249999 0.4255188203125 0.7714888875 0.43771663906249997 0.7023546875 0.3716355203125 0.696845134375
1 0.43727561562500006 0.7020767718750001 0.424867421875 0.7713924 0.494075303125 0.7799716250000001 0.51029668125 0.7083458312500001 0.43727561562500006 0.7020767718750001
1 0.4359834046875 0.7022050875 0.51007575625 0.7082072328125 0.506892809375 0.6378642234375 0.43357876093750003 0.6358090046875 0.4359834046875 0.7022050875
1 0.433568171875 0.6354877125 0.506887515625 0.637703578125 0.5036948484375 0.5670398265625 0.43094872500000003 0.5691129578125 0.433568171875 0.6354877125
1 0.43029203281250006 0.5688558234375 0.503899084375 0.5666978375 0.5024079265625 0.4952210765625 0.429778115625 0.5008233515625 0.43029203281250006 0.5688558234375
1 0.429142578125 0.5012081703125 0.5022134109375 0.495883809375 0.4991985484375 0.4240761046875 0.42605565937499995 0.433752903125 0.429142578125 0.5012081703125
1 0.42605565937499995 0.433752903125 0.4998657890625 0.42465326562500005 0.49639931718749997 0.3522463546875 0.4244546140625 0.365506675 0.42605565937499995 0.433752903125
1 0.4237979421875 0.365250175 0.49574791406249996 0.35214986718749997 0.4922550109375 0.27894099375 0.42003761562499997 0.29705655625 0.4237979421875 0.365250175
1 0.4200217515625 0.29657525156250003 0.4916511984375 0.28028841875 0.478624184375 0.20625529375 0.40719038437500005 0.2284784265625 0.4200217515625 0.29657525156250003
1 0.57175205625 0.25881446406249997 0.5622855515625 0.181369334375 0.47948509218749996 0.20616980625 0.49184041875 0.2794650421875 0.57175205625 0.25881446406249997
1 0.49533332343750003 0.352673915625 0.5762653453125 0.3367508125 0.5711218109375 0.2593599265625 0.49162476718750003 0.27948645625 0.49533332343750003 0.352673915625
1 0.4987628 0.42395820312500004 0.579664228125 0.4136715234375 0.5762600515625 0.3365901671875 0.49617836875 0.3521071234375 0.4987628 0.42395820312500004
1 0.4994089046875 0.4238940453125 0.5013366390625 0.49548799062500004 0.5840929328125 0.48904133281249995 0.5800902375 0.41346805 0.4994089046875 0.4238940453125
1 0.502197546875 0.49540250468749997 0.50368428125 0.5667191671875 0.5857488421875 0.5654910703125 0.583032234375 0.489629540625 0.502197546875 0.49540250468749997
1 0.504098871875 0.56619511875 0.5060319 0.6379497109375001 0.5880235765624999 0.64107476875 0.58596891875 0.565629753125 0.504098871875 0.56619511875
1 0.5058162515625 0.637971125 0.510516778125 0.708485146875 0.5911230484375001 0.7154496406249999 0.5875878265625001 0.6409568671875 0.5058162515625 0.637971125
1 0.510769475 0.7074942953125001 0.49457010312499994 0.779761953125 0.5744097484374999 0.7917919062500001 0.5911230484375001 0.7154496406249999 0.510769475 0.7074942953125001
1 0.574829634375 0.791428503125 0.6677650765625 0.8053776750000001 0.682166628125 0.724436165625 0.591763859375 0.7152248375 0.574829634375 0.791428503125
1 0.5913175421875 0.7147862765624999 0.68174674375 0.72479956875 0.6797385593749999 0.64420006875 0.5877973359374999 0.640774890625 0.5913175421875 0.7147862765624999
1 0.58778676875 0.64045423125 0.6780317578124999 0.6448524328125 0.6760076921875 0.5637709937500001 0.5863896515625 0.565266265625 0.58778676875 0.64045423125
1 0.5861581390625 0.5648063750000001 0.67685803125 0.563364846875 0.6735523421875 0.48273301718750006 0.5834520999999999 0.4892655046875 0.5861581390625 0.5648063750000001
1 0.583673046875 0.4894047375 0.6694714734375 0.48345995156250005 0.6684922624999999 0.401309634375 0.5798692921875 0.4133288171875 0.583673046875 0.4894047375
1 0.5798745875 0.41348946406250003 0.668508125 0.4017909390625 0.666447059375 0.3195868796875 0.5764801484375 0.3367294828125 0.5798745875 0.41348946406250003
1 0.5764801484375 0.3367294828125 0.6653599296875 0.319373121875 0.6624159703125 0.23661331562500001 0.571978275 0.2591137109375 0.5764801484375 0.3367294828125
1 0.6587421453125 0.151350415625 0.5665291859375 0.1790164265625 0.5717573296875 0.2589744796875 0.6624001093749999 0.23613200937499998 0.6587421453125 0.151350415625
1 0.6622064437499999 0.23679465781250003 0.7643460765625 0.2087863515625 0.7600505921875 0.117790625 0.65873685 0.1511897671875 0.6622064437499999 0.23679465781250003
1 0.66238951875 0.23581071874999998 0.666000740625 0.31914831875 0.7671133859375 0.299289775 0.763920915625 0.208989740625 0.66238951875 0.23581071874999998
1 0.665565015625 0.31903105 0.6682721859375 0.40117095156250004 0.770462503125 0.3878039078125 0.76624635625 0.29921533437500003 0.665565015625 0.31903105
1 0.6678408828125 0.401213778125 0.6722654265625 0.4830219765625 0.771658521875 0.47653247500000007 0.7698216921875 0.3880287109375 0.6678408828125 0.401213778125
1 0.6762172203125 0.56358965 0.7743245140624999 0.5639875078125 0.7720783875 0.47616843906249995 0.6722548578125 0.4827013171875 0.6762172203125 0.56358965
1 0.6784410546874999 0.6441677375 0.7791339046875 0.6509079953125 0.7754063671875 0.5640412515625 0.6760129859374999 0.5639316375 0.6784410546874999 0.6441677375
1 0.6815152296875 0.724339678125 0.7841166515625 0.7365238015625 0.7793389875 0.6505659234375 0.679318675 0.6445634703125 0.6815152296875 0.724339678125
1 0.6679860015625 0.8055162734374999 0.7753245390625 0.8237815609375 0.7845101062500001 0.7353584343749999 0.6819518265625 0.7244574953125 0.6679860015625 0.8055162734374999
1 0.7746958796875 0.8243750890625 0.8994291000000001 0.8459506546875 0.9002019890625 0.7513931921875 0.7845365375 0.7361603984375 0.7746958796875 0.8243750890625
1 0.7858287500000001 0.7360320828125 0.8991457374999999 0.7521421265625 0.8938994640625 0.65850470625 0.7799903859375 0.6506624109375 0.7858287500000001 0.7360320828125
1 0.7791286296875 0.6507479828125 0.893048275 0.6589109359374999 0.8886576359375 0.5650280140625 0.7749759140625 0.5640839953125 0.7791286296875 0.6507479828125
1 0.7747602625 0.564105409375 0.889293175 0.5646431953125 0.886561728125 0.4686633640625 0.7720889765625001 0.4764897296875 0.7747602625 0.564105409375
1 0.77206781875 0.47584777968749997 0.886131275 0.4687061078125 0.883362828125 0.371603653125 0.7704677984375 0.387964553125 0.77206781875 0.47584777968749997
1 0.7645723156249999 0.2090862296875 0.8816928515625 0.176693053125 0.8673726640625 0.07655229531249999 0.7607072859375 0.118047759375 0.7645723156249999 0.2090862296875
1 0.7668818734375 0.298829884375 0.883195515625 0.27472578593749997 0.8810255874999999 0.17611526093750002 0.7645670203125 0.20892558437500003 0.7668818734375 0.298829884375
1 0.7700267765625 0.3876866375 0.8838099937499999 0.3720421296875 0.8827483515625 0.274287309375 0.766687378125 0.29949325 0.7700267765625 0.3876866375
0 0.9306605812500001 0.88012440625 0.8848911062499999 0.0398620078125 0.20905975312499997 0.2698511484375 0.21916502968749998 0.760477634375 0.9306605812500001 0.88012440625