1 0.24717030312500002 0.797601125 0.25007279375 0.7348045484375 0.18367535468750001 0.7161673765625001 0.184473090625 0.776040371875 0.24717030312500002 0.797601125
1 0.24884686718750001 0.734184996875 0.239195159375 0.6725979734374999 0.1709389046875 0.6556994078125 0.18369523593749998 0.716464290625 0.24884686718750001 0.734184996875
1 0.23794935156250002 0.6716815031250001 0.23003540625 0.6065743359375 0.1611878296875 0.5926284609375 0.1716389765625 0.6556960968750001 0.23794935156250002 0.6716815031250001
1 0.229681884375 0.6069635250000001 0.22287741875 0.5369841140625 0.1515849625 0.5257348140625 0.161357953125 0.592597153125 0.229681884375 0.6069635250000001
1 0.29835921718749997 0.5487957234375 0.22237908437499998 0.537126503125 0.2295785609375 0.6066146156250001 0.30489958281249996 0.6211558171875 0.29835921718749997 0.5487957234375
1 0.3117661375 0.68921503125 0.2392200671875 0.671893946875 0.249773840625 0.734302825 0.32121950625 0.7544797203125 0.3117661375 0.68921503125
1 0.304856278125 0.62082405625 0.22954307968749998 0.606465271875 0.237886559375 0.6715573218750001 0.312020890625 0.6898571078125 0.304856278125 0.62082405625
1 0.32015716875 0.7531670734375 0.2500074109375 0.733670678125 0.249101715625 0.79730095625 0.3206286265625 0.8203051390624999 0.32015716875 0.7531670734375
1 0.22276079375000002 0.5374207 0.21345201875000003 0.464841440625 0.139658740625 0.45735590625 0.1508222359375 0.526140884375 0.22276079375000002 0.5374207
1 0.29157370781249997 0.4736932734375 0.2136534140625 0.4646866703125 0.222081909375 0.5367694265625 0.2978819453125 0.5489114953125 0.29157370781249997 0.4736932734375
1 0.21346269062499998 0.4650008109375 0.20437625 0.3894040703125 0.1283773828125 0.3837797078125 0.1392354453125 0.45745106093750004 0.21346269062499998 0.4650008109375
1 0.285031703125 0.39497092500000003 0.205033790625 0.38973660312499997 0.21358693125 0.46518971562500006 0.29094818125 0.473838846875 0.285031703125 0.39497092500000003
1 0.192720440625 0.310209640625 0.1157042859375 0.308380553125 0.1275766515625 0.38420872500000003 0.204184409375 0.389675265625 0.192720440625 0.310209640625
1 0.2044071484375 0.3898392328125 0.2846597671875 0.39571496875 0.27401076406249997 0.3126081625 0.192760778125 0.3107070796875 0.2044071484375 0.3898392328125
1 0.192048415625 0.3104743859375 0.1695406609375 0.22742872187500002 0.088156896875 0.22995947343749998 0.11601018437499999 0.3088679015625 0.192048415625 0.3104743859375
1 0.258943809375 0.22443596562499998 0.1708032640625 0.22729696093750001 0.1924832203125 0.310642953125 0.2739643109375 0.31272799375 0.258943809375 0.22443596562499998
1 0.3510229484375 0.222316071875 0.2590740828125 0.22525296875 0.27384075625 0.312903603125 0.361038671875 0.3149528046875 0.3510229484375 0.222316071875
1 0.362136915625 0.3144397734375 0.2732735625 0.3128312140625 0.2846039828125 0.3953149234375 0.3681839765625 0.4015824015625 0.362136915625 0.3144397734375
1 0.4601132953125 0.31705152812500004 0.361438071875 0.3144351875 0.367759525 0.4023688890625 0.46478389375000007 0.4089371296875 0.4601132953125 0.31705152812500004
1 0.44532240468750006 0.2195390953125 0.35017036875 0.222088921875 0.3618554109375 0.3141985953125 0.4597105078125 0.3173610703125 0.44532240468750006 0.2195390953125
1 0.4632083890625 0.40908059531249996 0.3680418390625 0.40192665156249996 0.3748742828125 0.48426462656249997 0.4666884765625 0.4958499484375 0.4632083890625 0.40908059531249996
1 0.3682539046875 0.4019312484375 0.28494615 0.39471682656249996 0.29195585468749996 0.4740858671875 0.375466328125 0.4843276484375 0.3682539046875 0.4019312484375
1 0.374577484375 0.48498916718749996 0.2918735125 0.4741289828125 0.2981808703125 0.5493471890625 0.3812258046875 0.5621237625 0.374577484375 0.48498916718749996
1 0.3816499375 0.562132959375 0.298138184375 0.5487097109375 0.304141984375 0.621008646875 0.385455146875 0.6379328015625 0.3816499375 0.562132959375
1 0.469522075 0.5773999515625 0.381013740625 0.5621191640625 0.3851214203125 0.6372923140625 0.4718957 0.6571458812500001 0.469522075 0.5773999515625
1 0.4676770921875 0.4960747625 0.3749491375 0.4842015375 0.3817768921875 0.5630053578124999 0.46933135156250005 0.5777140921874999 0.4676770921875 0.4960747625
1 0.39218285625 0.7102038515625 0.31240127812499996 0.6892261640624999 0.320752553125 0.7538310625 0.39855035625 0.7768332109375 0.39218285625 0.7102038515625
1 0.38563181874999997 0.6376843875 0.3054923 0.62083520625 0.3121785390625 0.6890621953125 0.3913550125 0.7105035171875 0.38563181874999997 0.6376843875
1 0.3982140046875 0.7759173125000001 0.320914990625 0.7540392859375 0.3212197625 0.8203938953125001 0.39604507187500004 0.8447479828125 0.3982140046875 0.7759173125000001
1 0.4833148109375 0.800946528125 0.398185896875 0.7760355609375 0.39639443750000003 0.84390308125 0.48147440937499997 0.87153418125 0.4833148109375 0.800946528125
1 0.4765530328125 0.7316045953125 0.39288939843750004 0.7095885625 0.3984063265625 0.7765586953125 0.4824763390625 0.8010874859375001 0.4765530328125 0.7316045953125
1 0.4715679203125 0.6566204203125 0.38621971093749996 0.637908440625 0.3920696390625 0.709457871875 0.47593471093749995 0.7313197953125 0.4715679203125 0.6566204203125
1 0.5758553046875 0.8278657859375 0.483152959375 0.8005633328125 0.4813671015625 0.8711257546875 0.575490853125 0.9015077437500001 0.5758553046875 0.8278657859375
1 0.4827053859375 0.80088643125 0.57629951875 0.8288441140625 0.5728770359375 0.7555974562500001 0.4765486265625 0.7310795421875 0.4827053859375 0.80088643125
1 0.5728443125 0.755725509375 0.57142474375 0.6775909875 0.4721778671875 0.6573837734375 0.4759215125 0.731831259375 0.5728443125 0.755725509375
1 0.5695182921875 0.594311228125 0.4698722875 0.5771975625 0.4722681390625 0.6572622499999999 0.5715339359375 0.6781850031250001 0.5695182921875 0.594311228125
1 0.4701344484375 0.57767471875 0.569377665625 0.5950979265624999 0.5684637140625 0.508702490625 0.4671869328125 0.49589311093750005 0.4701344484375 0.57767471875
1 0.466713428125 0.495658334375 0.5686703703125 0.5093217343750001 0.5706925671875 0.41615033125 0.4639074015625 0.40865465468749995 0.466713428125 0.495658334375
1 0.46395078593749994 0.408869540625 0.5701589625000001 0.4164220390625 0.5691994031250001 0.3198454046875 0.46031094687499996 0.316683390625 0.46395078593749994 0.408869540625
1 0.569248771875 0.3202677625 0.5565759328125 0.2164377171875 0.4457906453125 0.21960339375000001 0.46054413125 0.31668844687500003 0.569248771875 0.3202677625
1 0.68565685 0.2118429515625 0.556575646875 0.21699766562499997 0.5697170671875 0.31923064375 0.690514259375 0.322343165625 0.68565685 0.2118429515625
1 0.6908216203124999 0.32193382656249997 0.5688645296875 0.3196076921875 0.5701905093749999 0.4167357171875 0.6878060875 0.42558283750000003 0.6908216203124999 0.32193382656249997
1 0.6876087078124999 0.42545639687500003 0.569478671875 0.4170095046875 0.5684454265625 0.5089411328125 0.6852063453125 0.5224375484375 0.6876087078124999 0.42545639687500003
1 0.6852276890625 0.5227562875 0.5686221984375 0.5086154640625 0.5688084734375 0.5943658328125 0.6822603453125 0.6144756140625 0.6852276890625 0.5227562875
1 0.680084871875 0.70092291875 0.571304196875 0.677089828125 0.5728431984375 0.7554857890625 0.6784624953125 0.784240396875 0.680084871875 0.70092291875
1 0.6831068124999999 0.6131812453125 0.5698095234375 0.594658271875 0.5722618484375 0.677232753125 0.6796287234375 0.7004356140625 0.6831068124999999 0.6131812453125
1 0.6781932890625 0.8602100796875 0.575614640625 0.8277621796875 0.574667315625 0.90097945625 0.674616234375 0.9364864031250001 0.6781932890625 0.8602100796875
1 0.678312375 0.7829039484375 0.5735400921875 0.7556580578125 0.576293525 0.8284134515625 0.678225259375 0.8606875265625 0.678312375 0.7829039484375
1 0.7941497765625 0.895284940625 0.6786925265625 0.8603305203125 0.6753382109375 0.9367708109375 0.7855043609375 0.9781318609375 0.7941497765625 0.895284940625
1 0.798053634375 0.8144020203125001 0.6781968046875 0.78332999375 0.678398578125 0.8605202609375 0.7939483375 0.8954390484375001 0.798053634375 0.8144020203125001
1 0.9150503203125 1 0.9249145203125 0.9355316265625 0.7943621171874999 0.895109934375 0.7848977781250001 0.977313771875 0.8464406296875 1 0.9150503203125 1
1 0.93400653125 0.85081180625 0.7987133531249999 0.8148851546874999 0.7948550484375 0.8953986203125 0.9249326296874999 0.935802090625 0.93400653125 0.85081180625
1 0.7987677296875 0.8156972124999999 0.804415075 0.727928603125 0.6804857015625 0.700361090625 0.678124121875 0.7842522093750001 0.7987677296875 0.8156972124999999
1 0.94338235 0.7587962828125 0.8037281640625 0.7276429765625 0.7985477328125 0.8145375359375 0.9343854640625 0.85109075625 0.94338235 0.7587962828125
1 0.6799301609375 0.7008825859375001 0.8031561343750001 0.728705578125 0.8099554843749999 0.6366341890625 0.6825514609375001 0.6138367921875 0.6799301609375 0.7008825859375001
1 0.8034624906250001 0.727900684375 0.9435871765625 0.7606872671875 0.9557573296875 0.6627828171875 0.80961281875 0.63689683125 0.8034624906250001 0.727900684375
1 0.8084769921875001 0.636061325 0.8156524609375 0.5388601125 0.6849111109375 0.5225031234374999 0.6827456703125 0.613863453125 0.8084769921875001 0.636061325
1 0.952800346875 0.6616370890625001 0.9646259031250001 0.558586528125 0.8160132390625 0.538867934375 0.808364734375 0.6359070171875 0.952800346875 0.6616370890625001
1 0.81646990625 0.5393367625 0.8225438374999999 0.43643221875 0.6870798671875 0.4248413953125 0.68471296875 0.52193226875 0.81646990625 0.5393367625
1 0.964721840625 0.55904819375 0.9778253484375 0.44818267812499996 0.8235527515625 0.4353724859375 0.8165313859375001 0.539073965625 0.964721840625 0.55904819375
1 0.8228502343749999 0.43562798437500005 0.83059828125 0.325457884375 0.6899076921875 0.321866465625 0.687724040625 0.42498742656250005 0.8228502343749999 0.43562798437500005
1 0.9903799046874999 0.32892245 0.8309722562499999 0.32546599375 0.8235346421875 0.43510202031249995 0.977117875 0.4481673375 0.9903799046874999 0.32892245
1 0.8310791421875001 0.3245821578125 0.832836996875 0.205628628125 0.685929028125 0.21136747812499998 0.6907493265625 0.3209985625 0.8310791421875001 0.3245821578125
1 0.8307149062500001 0.325126290625 0.9900799296875 0.3283005234375 0.9902151124999999 0.30713323125 0.9830175609375 0.1996471546875 0.8324301406249999 0.20589053906250002 0.8307149062500001 0.325126290625
0 0.9393002031250001 1 0.985713334375 0.2399050265625 0.9815993421875 0.17846788593750001 0.06419801562500001 0.2170820125 0.159482025 0.78437125625 0.76868111875 1 0.9393002031250001 1