1 0.7585194796875 0.3134711421875 0.7418368390625 0.2617845734375 0.682212965625 0.2658966625 0.695758759375 0.32161591875 0.7585194796875 0.3134711421875
1 0.6328282828125 0.32408794375 0.6961515234375 0.321618615625 0.68216338125 0.26595820468750003 0.6215081921875 0.268035253125 0.6328282828125 0.32408794375
1 0.5720343859375 0.3286904109375 0.6330597671875 0.32488482812499997 0.621746796875 0.268445828125 0.564106828125 0.27318955 0.5720343859375 0.3286904109375
1 0.51104024375 0.330911478125 0.572061784375 0.3289540265625 0.5632092109375 0.2723989625 0.5053006890625 0.2756899109375 0.51104024375 0.330911478125
1 0.4499732265625 0.3322338890625 0.51088044375 0.3310676 0.505289946875 0.276065321875 0.4474619984375 0.2759782921875 0.4499732265625 0.3322338890625
1 0.388153253125 0.2752647578125 0.3879294296875 0.331471459375 0.4495435859375 0.33133780156250003 0.44662017968749995 0.2760118125 0.388153253125 0.2752647578125
1 0.330579103125 0.27517194375 0.327871003125 0.3313607421875 0.3888179875 0.3301102609375 0.3882587984375 0.27499954843749996 0.330579103125 0.27517194375
1 0.2721051421875 0.27235841562499996 0.26653506875 0.330197584375 0.3280695953125 0.3306203359375 0.3306114890625 0.2750107671875 0.2721051421875 0.27235841562499996
1 0.2664964484375 0.3298260140625 0.2594866234375 0.38839706406249996 0.32399588125 0.3895828609375 0.3278341546875 0.33149094687499997 0.2664964484375 0.3298260140625
1 0.3275759484375 0.3311730640625 0.323148715625 0.3893913875 0.38787826875000003 0.38872301249999996 0.388129734375 0.3306817234375 0.3275759484375 0.3311730640625
1 0.3888670796875 0.330720240625 0.387179846875 0.3887717359375 0.45188760937500005 0.3892162890625 0.4496581578125 0.33151253281250004 0.3888670796875 0.330720240625
1 0.44957375 0.3311373046875 0.4514929921875 0.389399228125 0.5163389375 0.3898447296875 0.5110586171875 0.33111816250000004 0.44957375 0.3311373046875
1 0.5108488640625 0.3311886421875 0.5163938015625 0.38984594375000003 0.5803758375 0.38861631406249997 0.5719334078125 0.3299391046875 0.5108488640625 0.3311886421875
1 0.572684021875 0.329201653125 0.5802768109375 0.3889861015625 0.6453879578125 0.385352425 0.6332867624999999 0.3248186484375 0.572684021875 0.329201653125
1 0.63345850625 0.32514848281250003 0.645071071875 0.38514619843750003 0.7113412718750001 0.38337616875 0.695749403125 0.322238040625 0.63345850625 0.32514848281250003
1 0.6958491578125 0.322742996875 0.7110881296875 0.3831369296875 0.7760150359375 0.3737509578125 0.75776031875 0.3135219546875 0.6958491578125 0.322742996875
1 0.7115877578124999 0.3832641296875 0.7277584890625 0.449971615625 0.7969018203125 0.44135638125 0.7759694640625 0.373731409375 0.7115877578124999 0.3832641296875
1 0.6454461484375 0.385337771875 0.6582033296875001 0.4536910015625 0.7272962609375 0.4498990296875 0.711359640625 0.3841214125 0.6454461484375 0.385337771875
1 0.5807296171874999 0.3887885078125 0.589880325 0.456931309375 0.6585401046875 0.4529515453125 0.6450745421875 0.3856822734375 0.5807296171874999 0.3887885078125
1 0.6589123109374999 0.453881525 0.6728800953125 0.5272514953125 0.7461670421875 0.5253431843749999 0.7275913140625 0.450086709375 0.6589123109374999 0.453881525
1 0.5899021125 0.45581838281250003 0.60118845 0.5299125390625 0.6727811531250001 0.52762211875 0.6589705312499999 0.45369961875 0.5899021125 0.45581838281250003
1 0.746573175 0.5252949625000001 0.8197121062500001 0.51930546875 0.796370853125 0.44197492031249996 0.7271471796875 0.451145721875 0.746573175 0.5252949625000001
1 0.5803650140625 0.3884523296875 0.5164820046874999 0.3893121734375 0.5232262999999999 0.45818021406250004 0.5901244046875 0.4568978625 0.5803650140625 0.3884523296875
1 0.6008231375 0.5295755203125 0.5897143125000001 0.4558547234375 0.5226267250000001 0.45847380624999995 0.5299015046875 0.5316857328125 0.6008231375 0.5295755203125
1 0.523376778125 0.4585926921875 0.51633680625 0.3895369671875 0.45149885312500004 0.388635753125 0.4551011609375 0.45830928125000003 0.523376778125 0.4585926921875
1 0.529852465625 0.5308608359375 0.522997978125 0.45828150624999997 0.45529378125 0.45818767187500004 0.45891400156250006 0.5314865531249999 0.529852465625 0.5308608359375
1 0.45576773125000003 0.45842090312500006 0.4515866328125 0.389013515625 0.3868184609375 0.3893103203125 0.387963884375 0.4586968515625 0.45576773125000003 0.45842090312500006
1 0.45974084687500005 0.5324639796875 0.45567126875 0.45749281562500005 0.38822374375 0.4585698515625 0.3884687953125 0.532531284375 0.45974084687500005 0.5324639796875
1 0.3172715421875 0.5325163140625 0.38795294999999996 0.5320744828125 0.38805064218749996 0.45836461093749997 0.3212009578125 0.4588979984375 0.3172715421875 0.5325163140625
1 0.32354558125 0.388853046875 0.32153451093749996 0.4597014375 0.388077265625 0.45923117187500007 0.38758131093750003 0.3896241453125 0.32354558125 0.388853046875
1 0.2601791640625 0.38804640468749996 0.252875521875 0.45440696875000003 0.3215152015625 0.459515653125 0.3236207859375 0.3902049765625 0.2601791640625 0.38804640468749996
1 0.2526587546875 0.4548946984375 0.2448825515625 0.52997013125 0.317387703125 0.5338074796875001 0.32098675 0.4597394859375 0.2526587546875 0.4548946984375
1 0.7469108140625 0.525946228125 0.767571753125 0.60657919375 0.8470300578125001 0.604765128125 0.81954808125 0.519097784375 0.7469108140625 0.525946228125
1 0.76744536875 0.6070508171875 0.7919883249999999 0.7014010359375 0.8770187265624999 0.6975002890625001 0.8468350375 0.6051927953125 0.76744536875 0.6070508171875
1 0.76877228125 0.6080040828125 0.7468126125000001 0.525001403125 0.672670603125 0.5273244828125 0.6900413359375 0.610059809375 0.76877228125 0.6080040828125
1 0.6903316828125 0.6094780875 0.7089826109375 0.702842840625 0.79160108125 0.7010504890625 0.7675966843750001 0.6080219312499999 0.6903316828125 0.6094780875
1 0.6907890453125 0.6095397671875 0.6730630625 0.528455309375 0.600706971875 0.5290144203125 0.6133886703125 0.6108963140625 0.6907890453125 0.6095397671875
1 0.6126123406249999 0.6101834984375001 0.6263969453125 0.7039873125 0.709313675 0.703376984375 0.69095554375 0.609831096875 0.6126123406249999 0.6101834984375001
1 0.6137689484375 0.6126400421875 0.6011872953124999 0.5304101109375 0.530080740625 0.53112415625 0.5373480796875 0.613294996875 0.6137689484375 0.6126400421875
1 0.537090003125 0.6124996031250001 0.5453871484375 0.704141590625 0.627348278125 0.7044688484375 0.6135455734375 0.6116818140625 0.537090003125 0.6124996031250001
1 0.4656306703125 0.7047744671875 0.5460892671875001 0.7041464140625 0.53671250625 0.6135055515625 0.462269865625 0.615054690625 0.4656306703125 0.7047744671875
1 0.458859915625 0.5323007093750001 0.46251219062500004 0.6147051203125 0.5369567390625 0.6119116250000001 0.5299142109375 0.5313830921875 0.458859915625 0.5323007093750001
1 0.38765904687499997 0.53288531875 0.387225071875 0.614790003125 0.4625393375 0.6153074234375 0.458960025 0.53219268125 0.38765904687499997 0.53288531875
1 0.3170106953125 0.5333758828125 0.3121385125 0.6130941671875 0.387428784375 0.613374759375 0.38761938749999997 0.5330004515625 0.3170106953125 0.5333758828125
1 0.24568406406249998 0.528872596875 0.236366115625 0.6130762 0.312738875 0.6154891921875 0.316659634375 0.5333734703124999 0.24568406406249998 0.528872596875
1 0.38799673281249997 0.614141340625 0.3853881796875 0.7038192703124999 0.4654676203125 0.70460609375 0.4625075578125 0.6153607265625001 0.38799673281249997 0.614141340625
1 0.311952075 0.6150347078125 0.30470490625 0.7039732843750001 0.3855355265625 0.705236925 0.388063190625 0.615277453125 0.311952075 0.6150347078125
1 0.2372265359375 0.6133413546875001 0.2235166765625 0.69916725625 0.3045293765625 0.703972078125 0.3121714921875 0.6150153078125 0.2372265359375 0.6133413546875001
1 0.22338390000000002 0.6994038437500001 0.20785373906250001 0.8082966296875 0.29676755312499997 0.8079650031250001 0.3049150171875 0.7042473515625 0.22338390000000002 0.6994038437500001
1 0.304344640625 0.7034155281250001 0.29633807968750003 0.8060771000000001 0.38235045 0.8047839 0.38515764375 0.7051440109375 0.304344640625 0.7034155281250001
1 0.20773900156249997 0.8098797375 0.191101171875 0.9215923421875001 0.283692740625 0.918458553125 0.2965221703125 0.8082911359375 0.20773900156249997 0.8098797375
1 0.2964846046875 0.8068524937499999 0.282982259375 0.9195282796875001 0.376802203125 0.9192303609374999 0.3822079 0.8052855203125 0.2964846046875 0.8068524937499999
1 0.384293596875 0.703796696875 0.382398946875 0.8046161421875 0.46897671875 0.8042684671875 0.46592725156250003 0.7053000078125 0.384293596875 0.703796696875
1 0.3824315640625 0.8049299703124999 0.3765034625 0.9186002671875 0.47075288437499996 0.9201902546875 0.4682919296875 0.8055315500000001 0.3824315640625 0.8049299703124999
1 0.465065203125 0.704318996875 0.4691469875 0.8042370234374999 0.5545237203125 0.8035666609375 0.5461632671875 0.7045232453125 0.465065203125 0.704318996875
1 0.46888024218749996 0.803920753125 0.47092315312500005 0.9201588078125 0.565574709375 0.921123515625 0.5548878703125 0.8048260765625 0.46888024218749996 0.803920753125
1 0.545937315625 0.7029896453125 0.554121671875 0.8041927734375 0.643133515625 0.8048042984375 0.6263379359375 0.7038564468749999 0.545937315625 0.7029896453125
1 0.5550885828125 0.8045130171875 0.5653412906249999 0.9211219125 0.66102508125 0.923035353125 0.64273138125 0.8054295734375 0.5550885828125 0.8045130171875
1 0.7089560453125 0.703101903125 0.7312552343750001 0.8053436421875 0.8218982140625 0.8081657640625 0.7914231093749999 0.7013729015625 0.7089560453125 0.703101903125
1 0.7925289765625 0.703048021875 0.820066365625 0.806268225 0.9140223234375 0.8050287640624999 0.8766696875 0.6985047609375 0.7925289765625 0.703048021875
1 0.8208932796875 0.807216384375 0.8544654890625001 0.9280681578125 0.9527901406250001 0.9284300609375 0.9137415703125 0.808796740625 0.8208932796875 0.807216384375
1 0.7578147015625001 0.9258336375 0.8546669124999999 0.9277559406250001 0.8209764015625 0.8076091640625 0.7311478546875 0.80628538125 0.7578147015625001 0.9258336375
1 0.6427026671875 0.8046207046875 0.7316498109375 0.8046037453125001 0.708418321875 0.703565684375 0.626510025 0.7027353546875 0.6427026671875 0.8046207046875
1 0.642735371875 0.804935365625 0.6608936812499999 0.923482690625 0.7575777109375 0.926031040625 0.7313558078125 0.8056111046875 0.642735371875 0.804935365625
0 0.150660546875 0.9586732140625 0.9921799078125 0.9606520578125 0.7560132421875 0.239920671875 0.2481512890625 0.24694350156249997 0.150660546875 0.9586732140625