1 0.29348958333333336 0.740943287037037 0.10680555555555556 0.1007407407407408
1 0.28803819444444445 0.8116724537037037 0.10187500000000008 0.08956018518518505
1 0.2855034722222222 0.8731886574074075 0.09548611111111108 0.08298611111111107
1 0.3584722222222222 0.8910185185185184 0.09239583333333332 0.0843865740740739
1 0.4330034722222223 0.9089293981481482 0.08767361111111108 0.08258101851851833
1 0.6525694444444444 0.9569907407407406 0.09864583333333332 0.08471064814814824
1 0.5796180555555556 0.9399421296296296 0.09395833333333332 0.08446759259259266
1 0.5225520833333333 0.8651909722222222 0.09722222222222214 0.09087962962962948
1 0.36569444444444443 0.8297453703703704 0.09559027777777782 0.08767361111111108
1 0.4574305555555555 0.7790972222222223 0.1004513888888889 0.09572916666666664
1 0.13175347222222222 0.6966608796296295 0.11621527777777776 0.10278935185185176
1 0.2126736111111111 0.7913773148148149 0.10503472222222224 0.09128472222222221
1 0.21253472222222225 0.8553587962962963 0.09864583333333332 0.08471064814814824
1 0.14109375000000002 0.8360474537037037 0.10020833333333332 0.08479166666666664
1 0.1365104166666667 0.7702604166666667 0.10815972222222223 0.0914467592592592
1 0.5075347222222222 0.9268402777777778 0.08930555555555557 0.08578703703703709
1 0.44336805555555553 0.8485995370370372 0.09246527777777783 0.08751157407407391
1 0.6785590277777778 0.8974710648148149 0.10361111111111114 0.0974537037037038
1 0.5978645833333334 0.8831423611111111 0.09881944444444439 0.09252314814814824
1 0.37282986111111105 0.7645659722222222 0.10361111111111114 0.0974537037037038
1 0.47062499999999996 0.7056481481481482 0.11166666666666672 0.1087962962962962
1 0.2948090277777778 0.6598553240740741 0.11798611111111112 0.11224537037037034
1 0.3932638888888889 0.5955092592592592 0.12131944444444445 0.12178240740740734
1 0.5390104166666667 0.7981539351851852 0.10371527777777771 0.10214120370370364
1 0.21109375000000002 0.7202835648148149 0.11156249999999997 0.10410879629629619
1 0.5077083333333333 0.513263888888889 0.12628472222222217 0.13452546296296292
1 0.7380729166666666 0.7663368055555556 0.12118055555555554 0.11553240740740751
1 0.5814930555555555 0.6380439814814814 0.12447916666666678 0.1235069444444445
1 0.7060416666666667 0.8349074074074074 0.11156249999999997 0.10410879629629619
1 0.6221354166666666 0.8165104166666666 0.11156250000000015 0.10410879629629619
1 0.12369791666666666 0.6150868055555556 0.12267361111111112 0.11248842592592592
1 0.6485590277777777 0.74140625 0.11965277777777779 0.11701388888888893
1 0.3037326388888889 0.4644502314814815 0.1404861111111111 0.14150462962962962
1 0.20869791666666665 0.5422395833333333 0.1339930555555556 0.13024305555555565
1 0.11854166666666668 0.5235185185185185 0.13232638888888887 0.12547453703703706
1 0.21152777777777781 0.6344675925925927 0.12114583333333329 0.11396990740740734
1 0.7117708333333332 0.5659837962962964 0.14364583333333342 0.1432291666666666
1 0.8144791666666666 0.5876967592592592 0.14201388888888894 0.14002314814814804
1 0.5608333333333333 0.726712962962963 0.11486111111111104 0.11208333333333335
1 0.6811111111111111 0.6611574074074074 0.1292361111111111 0.12687500000000007
1 0.7736805555555556 0.683125 0.13559027777777785 0.13188657407407406
1 0.4179513888888889 0.3720486111111111 0.1486458333333333 0.15753472222222226
1 0.10906249999999999 0.4129976851851852 0.1482638888888889 0.14034722222222218
1 0.6415451388888889 0.42578125 0.148576388888889 0.15440972222222218
1 0.3825868055555556 0.6768923611111111 0.11163194444444446 0.10723379629629637
1 0.20875 0.43923611111111105 0.1451736111111111 0.14174768518518518
1 0.20369791666666667 0.31723958333333335 0.16586805555555556 0.15998842592592588
1 0.10637152777777778 0.2919039351851852 0.15482638888888892 0.15473379629629633
1 0.7544791666666667 0.45114583333333336 0.15496527777777763 0.16098379629629633
1 0.2998263888888889 0.5695949074074074 0.1307986111111111 0.12695601851851848
1 0.8612673611111111 0.4808738425925926 0.16274305555555557 0.1598263888888889
1 0.4896527777777777 0.6137731481481481 0.11819444444444435 0.12162037037037052
1 0.6073611111111111 0.5379398148148148 0.13576388888888893 0.13969907407407406
1 0.3135416666666667 0.34400462962962963 0.15180555555555558 0.15925925925925927
1 0.4064583333333333 0.4869444444444445 0.13420138888888894 0.13961805555555565
1 0.5302083333333334 0.4020601851851852 0.13916666666666658 0.15236111111111122
1 0.5575347222222222 0.2622337962962963 0.1586111111111112 0.18458333333333332
1 0.3197743055555556 0.2030844907407407 0.16631944444444446 0.1803009259259259
1 0.43671875 0.23333912037037038 0.15690972222222221 0.17825231481481482
1 0.6783506944444444 0.2911284722222222 0.1664583333333333 0.18655092592592598
1 0.20671875 0.17225115740740743 0.17725694444444445 0.18086805555555557
1 0.7992708333333333 0.32471064814814815 0.17274305555555572 0.18843749999999995
1 0.11499999999999999 0.15344907407407407 0.1271875 0.175150462962963
1 0.9148784722222223 0.3488773148148149 0.1702430555555555 0.1840740740740741