1 0.202199359375 0.6692834796875 0.2011719734375 0.732401696875 0.25496667031250003 0.7490925359375 0.25117486875 0.6819921671875 0.202199359375 0.6692834796875
1 0.255917421875 0.7496441625 0.30317833437499997 0.768230240625 0.30559579062500003 0.6957763921875 0.2517441796875 0.6819627109375 0.255917421875 0.7496441625
1 0.20149364374999998 0.6029805984375 0.2028700265625 0.6694447203125 0.251178315625 0.681687415625 0.24822285625 0.6135565546875 0.20149364374999998 0.6029805984375
1 0.20086489843750002 0.6031286828125 0.24800806406250003 0.6138652953125 0.24479154687500002 0.5455063578125 0.1957503125 0.5404173812499999 0.20086489843750002 0.6031286828125
1 0.24799000312500002 0.613566271875 0.3028508171875 0.6244008359375 0.2984801984375 0.5511918812500001 0.24473905937499998 0.545501025 0.24799000312500002 0.613566271875
1 0.2488250421875 0.61357686875 0.2507988390625 0.6814525031249999 0.30641547343750003 0.6961963 0.30278750625 0.6248455515625 0.2488250421875 0.61357686875
1 0.19538507968750002 0.54027201875 0.2445675734375 0.545739615625 0.24539166875 0.47667831562499996 0.19496043125 0.47510918281250003 0.19538507968750002 0.54027201875
1 0.24457180625000002 0.5455289140625 0.29880977343750004 0.551692275 0.3005548390625 0.4788523984375 0.2457252171875 0.47644845 0.24457180625000002 0.5455289140625
1 0.2448199734375 0.47709256875 0.29942838125 0.47883810000000004 0.300332825 0.40577746875000004 0.24647880781249998 0.40810122031249996 0.2448199734375 0.47709256875
1 0.195019278125 0.47435427968750005 0.24621959062499998 0.4775311765625 0.2462157484375 0.4076176796875 0.19627754687500001 0.40954961093750003 0.195019278125 0.47435427968750005
1 0.24637780937499998 0.4072715890625 0.300592440625 0.4058554609375 0.302769728125 0.3324888453125 0.24842327812499998 0.3394456359375 0.24637780937499998 0.4072715890625
1 0.1980144671875 0.34510183437499997 0.19601419375 0.40965765000000004 0.24636196093749999 0.40806038593749994 0.248229890625 0.33944318125 0.1980144671875 0.34510183437499997
1 0.19795781875000001 0.345170478125 0.24909589687499997 0.33924341875 0.25014668906250004 0.2694140015625 0.19856591875000001 0.27918439687499996 0.19795781875000001 0.345170478125
1 0.24807446249999998 0.338793603125 0.303082059375 0.3329156546875 0.30492406562499996 0.2587557859375 0.2498244234375 0.26970337031249997 0.24807446249999998 0.338793603125
1 0.24902725625 0.1981911328125 0.2498768765625 0.269754721875 0.304446725 0.25939866718750004 0.30296095156249997 0.186000234375 0.24902725625 0.1981911328125
1 0.24864262343750002 0.2698704453125 0.248841125 0.1987149921875 0.19581439218750002 0.2110634625 0.1983754390625 0.27903725156250003 0.24864262343750002 0.2698704453125
1 0.3047991796875 0.2586715 0.3655067875 0.2474082640625 0.3602614609375 0.168575846875 0.3026878328125 0.186594353125 0.3047991796875 0.2586715
1 0.30482443593749997 0.25812425625 0.3028281625 0.33321856250000004 0.36297782500000003 0.3254123703125 0.3652944125 0.24697538593749999 0.30482443593749997 0.25812425625
1 0.363222840625 0.32479721875 0.3016061984375 0.33276686875 0.300873015625 0.40568894999999994 0.3621319578125 0.403366475 0.363222840625 0.32479721875
1 0.30014868125 0.4053149359375 0.30038312500000003 0.47861411875000004 0.360575553125 0.48083669531249995 0.3621513015625 0.40342407812500003 0.30014868125 0.4053149359375
1 0.36107854375000004 0.4801594578125 0.30039042031249996 0.4782954109375 0.2991075484375 0.5516900515625001 0.3587721640625 0.5585318765625 0.36107854375000004 0.4801594578125
1 0.2984381 0.5512020203125 0.302581471875 0.6241859953125 0.3635511046875 0.6362639140625 0.35823165 0.5584589875 0.2984381 0.5512020203125
1 0.36338444999999997 0.6359956859375 0.30314193125 0.624109071875 0.3063884125 0.69643405625 0.36771252187500003 0.7118992343749999 0.36338444999999997 0.6359956859375
1 0.30318195000000003 0.7677841 0.36249504374999997 0.7895050640625 0.3669772046875 0.712071978125 0.3061089609375 0.6970327640625 0.30318195000000003 0.7677841
1 0.3624877171875 0.7898697921875 0.43027531406249997 0.814614878125 0.43536945156250006 0.73099095 0.36775344374999996 0.7118590703125001 0.3624877171875 0.7898697921875
1 0.3674683390625 0.7118961359375 0.435609978125 0.7311760781250001 0.4319012265625 0.64871629375 0.3641115640625 0.6361869921875 0.3674683390625 0.7118961359375
1 0.3629225046875 0.6352955312499999 0.43044599687499996 0.6489159140625 0.42722839218750003 0.56627961875 0.35929657187499997 0.5588740078125001 0.3629225046875 0.6352955312499999
1 0.3586127421875 0.5584804984375 0.42796005312499996 0.5662889046874999 0.42914249687500006 0.48316222499999995 0.3611354953125 0.48065238906249996 0.3586127421875 0.5584804984375
1 0.3613288109375 0.4808802703125 0.42810075156250005 0.4833684296875 0.4290463390625 0.399873921875 0.3624316328125 0.40282605 0.3613288109375 0.4808802703125
1 0.362318909375 0.40306805468749995 0.4301683515625 0.40046440624999996 0.431860240625 0.316250396875 0.36265076406249996 0.3251861265625 0.362318909375 0.40306805468749995
1 0.36234520468750003 0.32539833906250004 0.4315382859375 0.31661313125 0.4320000640625 0.232929740625 0.3658219640625 0.2473829171875 0.36234520468750003 0.32539833906250004
1 0.3658056515625 0.24695253125 0.43339831875 0.23285945 0.42752476718750004 0.148913575 0.3612605578125 0.16747538906249998 0.3658056515625 0.24695253125
1 0.4330663203125 0.23256844999999998 0.510943528125 0.21641764531250002 0.504004634375 0.12480102343749999 0.4275909453125 0.14925789375 0.4330663203125 0.23256844999999998
1 0.511800675 0.21603769375 0.4339161390625 0.23255322500000003 0.4322682390625 0.3168404890625 0.5112217078125 0.3055540546875 0.511800675 0.21603769375
1 0.43085185781249996 0.31710329531250003 0.42966941406250003 0.40022997812499994 0.5085048421875 0.3970374546875 0.5105175156249999 0.305996640625 0.43085185781249996 0.31710329531250003
1 0.507868759375 0.3970627296875 0.4287928015625 0.4000701203125 0.4281157484375 0.4835093453125 0.5070611546875 0.48584654687500006 0.507868759375 0.3970627296875
1 0.507689109375 0.485649096875 0.4282355328125 0.483182059375 0.4277918484375 0.5663641375 0.5085689171875 0.5753660515625 0.507689109375 0.485649096875
1 0.5078296812499999 0.5757781796875 0.42778359843749997 0.5663753703125 0.43149299843750005 0.6490692625000001 0.509713740625 0.6640492640625 0.5078296812499999 0.5757781796875
1 0.510176709375 0.6642992421875 0.43195166562500004 0.649267165625 0.43548254374999995 0.7307749593749999 0.5127933359375 0.7525789578125 0.510176709375 0.6642992421875
1 0.4303440796875 0.8142535984375 0.5127201578125 0.8411900203125 0.5123095140625 0.7523907390625 0.43573869218750005 0.7313804640625 0.4303440796875 0.8142535984375
1 0.513401459375 0.84139875 0.6088659437499999 0.87371281875 0.6047768421875 0.77735101875 0.5125956046875 0.7530146328125 0.513401459375 0.84139875
1 0.513005971875 0.7525549781249999 0.6046003765625 0.7775268546875 0.6016246671875 0.6828945765625 0.5102056015625 0.66512395625 0.513005971875 0.7525549781249999
1 0.5103284859375 0.6645092546875 0.60120506875 0.6823937078125 0.5976847109375 0.5862525484375001 0.5082222 0.5754083375 0.5103284859375 0.6645092546875
1 0.50692555625 0.57539054375 0.59794430625 0.5861984859375 0.5987403875 0.489469175 0.5081221890625 0.4861888203125 0.50692555625 0.57539054375
1 0.5080307171875 0.48608294687500003 0.598322153125 0.490231525 0.6008563375 0.392666578125 0.5080977796874999 0.397066303125 0.5080307171875 0.48608294687500003
1 0.5086056390625 0.39685665625 0.6002258578124999 0.39201363749999996 0.6010176390625 0.29549836093750004 0.51016280625 0.30612619531249996 0.5086056390625 0.39685665625
1 0.5108415125 0.30681909687500003 0.6023255671875 0.29446651875 0.6019833078125 0.1972939125 0.5116392828125 0.2169273546875 0.5108415125 0.30681909687500003
1 0.512950890625 0.21611165 0.6037042109375 0.19731442187499998 0.5953857234375 0.097252071875 0.5058948875 0.1246449390625 0.512950890625 0.21611165
1 0.710302065625 0.17298520625 0.7087748890625 0.0633563203125 0.595741121875 0.09762073593750001 0.60365759375 0.19737185468750001 0.710302065625 0.17298520625
1 0.8361926859375 0.0233126234375 0.710592678125 0.0629025234375 0.710627746875 0.173191425 0.832925915625 0.14305495 0.8361926859375 0.0233126234375
1 0.8305512015625001 0.2612566125 0.83319910625 0.1437440390625 0.7109432250000001 0.173195428125 0.7093727390625 0.280739471875 0.8305512015625001 0.2612566125
1 0.7106749015625 0.1727078203125 0.602312975 0.1968579109375 0.6012292515625 0.2954810375 0.7087991078125 0.280362703125 0.7106749015625 0.1727078203125
1 0.7102553875 0.27997768125 0.6017917500000001 0.2949032640625 0.5999165453125 0.39223513906249996 0.7086794703125 0.386993434375 0.7102553875 0.27997768125
1 0.8291088828125 0.2619672796875 0.7093815765625 0.280610196875 0.707895884375 0.387705125 0.8281569046874999 0.38078791875 0.8291088828125 0.2619672796875
1 0.7082737609375 0.3871323453125 0.6008691984375 0.392203878125 0.5988908656249999 0.49040947968750004 0.7058283609375 0.49456524062499996 0.7082737609375 0.3871323453125
1 0.827451321875 0.38156596249999997 0.7074042640625 0.38755015625 0.7064077734375 0.49319001250000005 0.8265458328124999 0.4980281984375 0.827451321875 0.38156596249999997
1 0.707690465625 0.4937691953125 0.5975946984375 0.49001286874999994 0.5979069734375 0.58645945625 0.703575871875 0.5986078234375001 0.707690465625 0.4937691953125
1 0.8249026328125 0.49746778125 0.706210225 0.49317283281249996 0.70460329375 0.5986708843749999 0.8239248 0.617575303125 0.8249026328125 0.49746778125
1 0.7048405109375 0.5981776859375 0.5977797046875 0.586094353125 0.601654359375 0.6825701484375 0.707857609375 0.7050369734374999 0.7048405109375 0.5981776859375
1 0.8226746437499999 0.6166190390625 0.705100728125 0.599468196875 0.707201290625 0.7049159296874999 0.82635445 0.7333535609374999 0.8226746437499999 0.6166190390625
1 0.7062794359375 0.704789515625 0.6022864328125 0.6828776296875 0.605831753125 0.777731896875 0.7119395078124999 0.8086790828125 0.7062794359375 0.704789515625
1 0.8276579203125 0.732499071875 0.70742728125 0.7048040828125 0.7117339359375 0.8090613015624999 0.8302166296875001 0.84793215625 0.8276579203125 0.732499071875
1 0.6051061890625 0.7763541109375 0.6084128484375 0.8688450218750001 0.712223209375 0.9141351015625 0.7107969703125 0.8085778781249999 0.6051061890625 0.7763541109375
1 0.7119707156249999 0.912415840625 0.8328365171875 0.9656443093749999 0.8303208921874999 0.8480668687499999 0.71141845625 0.8090572968749999 0.7119707156249999 0.912415840625
0 0.75018575 0 0.154225603125 0.19540191093749998 0.1759320859375 0.7539452296875 0.8072491203125001 0.9823903484375001 0.8589439656250001 0.981241575 0.869737021875 0 0.75018575 0