1 0.8976736111111112 0.4601273148148148 0.07378472222222214 0.08859953703703702
1 0.8587152777777778 0.29033564814814816 0.09451388888888879 0.10810185185185181
1 0.9201041666666667 0.3083912037037037 0.08652777777777772 0.1
1 0.7794965277777777 0.8421585648148149 0.08503472222222222 0.10306712962962976
1 0.8296527777777778 0.5306712962962964 0.07708333333333321 0.09652777777777785
1 0.6924652777777778 0.5146412037037037 0.09774305555555571 0.11290509259259256
1 0.5896527777777778 0.6028935185185185 0.11520833333333336 0.1260416666666666
1 0.6156076388888889 0.3986400462962963 0.12156249999999993 0.1309606481481481
1 0.6369618055555556 0.8669849537037037 0.10413194444444436 0.11938657407407405
1 0.6605381944444444 0.6964409722222222 0.10406249999999986 0.11626157407407404
1 0.7516840277777778 0.6109664351851851 0.08815972222222221 0.10318287037037024
1 0.47463541666666664 0.7048900462962963 0.12972222222222224 0.146875
1 0.7232638888888889 0.7746527777777779 0.09138888888888878 0.10798611111111107
1 0.5602951388888889 0.7947627314814815 0.12013888888888893 0.13715277777777785
1 0.7955034722222223 0.260619212962963 0.10256944444444435 0.11932870370370363
1 0.7228819444444444 0.2296875 0.1168055555555556 0.12766203703703702
1 0.7728819444444445 0.43894675925925924 0.09451388888888897 0.10810185185185191
1 0.5073958333333334 0.49021990740740745 0.12947916666666667 0.1359375
1 0.71171875 0.32549189814814816 0.10409722222222229 0.11782407407407405
1 0.7005729166666667 0.4220775462962963 0.10409722222222229 0.11782407407407405
1 0.5466319444444444 0.8836226851851852 0.11531249999999993 0.13072916666666642
1 0.5453645833333333 0.15807291666666667 0.13447916666666657 0.1501736111111111
1 0.6764930555555556 0.6051504629629629 0.09930555555555554 0.11296296296296297
1 0.625173611111111 0.3013310185185185 0.12006944444444442 0.13402777777777777
1 0.44307291666666665 0.9030960648148149 0.1313194444444445 0.14849537037037025
1 0.5297222222222222 0.26342592592592595 0.13767361111111107 0.1534143518518519
1 0.6439756944444445 0.1974247685185185 0.1264930555555555 0.14207175925925924
1 0.4573611111111111 0.8071759259259259 0.1297569444444445 0.1484375
1 0.3674305555555556 0.595486111111111 0.15177083333333333 0.1554976851851851
1 0.40107638888888886 0.35028935185185184 0.15652777777777782 0.15879629629629627
1 0.33805555555555555 0.8217592592592592 0.15048611111111115 0.16793981481481488
1 0.5182291666666666 0.37957175925925923 0.134236111111111 0.13923611111111106
1 0.6037847222222222 0.4999421296296296 0.11670138888888885 0.12297453703703702
1 0.3228298611111111 0.9106770833333332 0.1433680555555555 0.12864583333333357
1 0.48635416666666664 0.598900462962963 0.129548611111111 0.1390625
1 0.4116666666666666 0.22870370370370371 0.15829861111111115 0.1682291666666666
1 0.43170138888888887 0.10989583333333333 0.15687499999999996 0.17442129629629632
1 0.3520486111111111 0.7125578703703704 0.1503125 0.16012731481481488
1 0.3834722222222222 0.4729166666666667 0.1469444444444445 0.14907407407407405
1 0.20913194444444444 0.7201967592592592 0.18520833333333328 0.18483796296296298
1 0.24229166666666666 0.453125 0.1880208333333333 0.17089120370370364
1 0.2557638888888889 0.32048611111111114 0.1897222222222222 0.17719907407407404
1 0.22498263888888886 0.5890335648148148 0.18486111111111114 0.16921296296296298
1 0.19151041666666666 0.842042824074074 0.18368055555555554 0.18634259259259273
1 0.2714930555555556 0.18385416666666668 0.18993055555555555 0.1865740740740741
1 0.18284722222222222 0.9096064814814815 0.16777777777777775 0.10300925925925916
1 0.2853472222222222 0.07540509259259259 0.1925694444444444 0.15081018518518519
1 0.7536814859375001 0.8058385421875001 0.679913803125 0.8164671796875 0.6666395859375001 0.8992663859375 0.7427360671875001 0.88364304375 0.7536814859375001 0.8058385421875001
1 0.69506305625 0.732033915625 0.6140652140625 0.73806494375 0.5986197359375 0.8277386953124999 0.6828017749999999 0.8165068453125001 0.69506305625 0.732033915625
1 0.6302977984375 0.6460832140625 0.535554559375 0.6463399015625 0.521474815625 0.7442462921875 0.61650544375 0.7383600218749999 0.6302977984375 0.6460832140625
1 0.767274146875 0.726979921875 0.7792372796875 0.6466128062500001 0.7104384421875001 0.6462302234374999 0.6955549796875 0.732146590625 0.767274146875 0.726979921875
1 0.8409280406249999 0.6472659453125 0.7813035078125 0.6469786296875 0.768006640625 0.7271844671875 0.8304411921874999 0.722523059375 0.8409280406249999 0.6472659453125
1 0.8310214890625 0.7226516515625 0.76723323125 0.726887775 0.7537776328125 0.8062599953125 0.8176903093749999 0.7966893640625 0.8310214890625 0.7226516515625
1 0.851715109375 0.5719858375 0.7907849671875 0.5669226796875 0.78012850625 0.6476509687500001 0.8418300265625 0.6483960953125 0.851715109375 0.5719858375
1 0.931019340625 0.3591029296875 0.8792800218749999 0.34172712031249997 0.8730315796875001 0.41881081406250004 0.9288998234375001 0.43185168125000006 0.931019340625 0.3591029296875
1 0.877948178125 0.34204914375 0.821022559375 0.32017812968750003 0.8114985109375 0.4024263 0.872714134375 0.41877242812500004 0.8786141000000001 0.341888134375 0.877948178125 0.34204914375
1 0.8202921828124999 0.320815290625 0.7537327515625 0.2987454828125 0.7441019703125 0.3865404484375 0.8109557593750001 0.40405229687500005 0.8202921828124999 0.320815290625
1 0.8721125515624999 0.4184581484375 0.8115307968750001 0.402187796875 0.8031132859375001 0.4857783265625 0.8626643250000001 0.49539645156249995 0.8721125515624999 0.4184581484375
1 0.791574021875 0.566709415625 0.8023060265625 0.48560310624999997 0.7355312390625001 0.4741950265625 0.725028796875 0.560884434375 0.791574021875 0.566709415625
1 0.9073882921875001 0.5767795453125 0.9171716140624999 0.504507575 0.8629803453125 0.494999553125 0.8517882078125 0.5707599640625001 0.9073882921875001 0.5767795453125
1 0.9071091890625 0.5765007703125 0.8519795718750001 0.57145539375 0.842317959375 0.6473808265625001 0.896609375 0.647232521875 0.9071091890625 0.5765007703125
1 0.8962446749999999 0.6479461671875 0.8420461328125001 0.6471168828125 0.8305643390625 0.7228222125 0.8850145843749999 0.7192200484375 0.8962446749999999 0.6479461671875
1 0.8853788546875 0.7188010796875 0.8312631296875 0.722212621875 0.8176277796875 0.7978886125 0.8718451437500001 0.7891650953125 0.8853788546875 0.7188010796875
1 0.8721056953125 0.7886978328125 0.8162026453125 0.7970221921875 0.803816503125 0.8703030796875 0.8596543421874999 0.856450375 0.8721056953125 0.7886978328125