1 0.234375 0.09609375 0.084375 0.0921875
1 0.309375 0.0953125 0.078125 0.0875
1 0.3828125 0.09140625 0.07578125 0.08515625
1 0.4578125 0.09296875 0.07421875 0.08671875
1 0.53203125 0.0921875 0.0765625 0.08515625
1 0.60546875 0.0921875 0.078125 0.08359375
1 0.67734375 0.09375 0.078125 0.0828125
1 0.74921875 0.0953125 0.0796875 0.08125
1 0.5375 0.26484375 0.08046875 0.08671875
1 0.45859375 0.175 0.078125 0.08515625
1 0.61015625 0.17421875 0.078125 0.0875
1 0.38125 0.17734375 0.0796875 0.0859375
1 0.225 0.1796875 0.0828125 0.09609375
1 0.534375 0.1765625 0.078125 0.08515625
1 0.76015625 0.17578125 0.08125 0.0875
1 0.45859375 0.36171875 0.08515625 0.1
1 0.54375 0.4640625 0.08984375 0.10625
1 0.30546875 0.1796875 0.078125 0.09140625
1 0.68671875 0.1765625 0.08125 0.08828125
1 0.6234375 0.3578125 0.0875 0.09609375
1 0.38046875 0.2671875 0.08359375 0.096875
1 0.7734375 0.26640625 0.08125 0.09375
1 0.69453125 0.26796875 0.08359375 0.09140625
1 0.2921875 0.365625 0.0859375 0.1015625
1 0.29921875 0.26875 0.08359375 0.09375
1 0.459375 0.5734375 0.090625 0.11328125
1 0.21640625 0.26875 0.08671875 0.09921875
1 0.78125 0.36171875 0.08828125 0.1
1 0.709375 0.4625 0.090625 0.1078125
1 0.459375 0.26640625 0.08125 0.0921875
1 0.375 0.46484375 0.08828125 0.1078125
1 0.6328125 0.5703125 0.09453125 0.1125
1 0.2078125 0.365625 0.090625 0.1046875
1 0.615625 0.26875 0.08515625 0.09453125
1 0.2796875 0.57421875 0.09296875 0.11484375
1 0.80078125 0.5671875 0.09609375 0.11015625
1 0.19765625 0.46640625 0.09375 0.1125
1 0.3765625 0.36171875 0.0875 0.10078125
1 0.78984375 0.46171875 0.09140625 0.1046875
1 0.55 0.69296875 0.0953125 0.1171875
1 0.7 0.36328125 0.084375 0.09765625
1 0.7296875 0.68828125 0.1 0.11796875
1 0.19140625 0.57578125 0.09921875 0.1125
1 0.28828125 0.4671875 0.090625 0.109375
1 0.540625 0.3609375 0.084375 0.096875
1 0.4578125 0.4671875 0.0875 0.10859375
1 0.815625 0.6890625 0.0984375 0.1140625
1 0.36640625 0.6953125 0.09765625 0.1234375
1 0.7171875 0.571875 0.09296875 0.11171875
1 0.6265625 0.4625 0.09140625 0.10546875
1 0.36953125 0.57421875 0.09296875 0.11484375
1 0.1796875 0.69765625 0.10625 0.125
1 0.6390625 0.6921875 0.096875 0.11875
1 0.271875 0.6984375 0.1 0.12265625
1 0.459375 0.69453125 0.09453125 0.11796875
1 0.54609375 0.57421875 0.09296875 0.11328125
1 0.45390625 0.821875 0.09453125 0.14296875
1 0.64765625 0.81796875 0.10390625 0.13359375
1 0.83203125 0.81171875 0.11015625 0.1375
1 0.553125 0.821875 0.09609375 0.1390625
1 0.2640625 0.8265625 0.103125 0.13515625
1 0.740625 0.8140625 0.11015625 0.1375
1 0.359375 0.825 0.10390625 0.140625
1 0.16953125 0.8296875 0.109375 0.134375