1 0.78203125 0.14674189814814814 0.09375 0.08888888888888888
1 0.4953125 0.07999421296296297 0.090625 0.0810300925925926
1 0.5484375 0.16124999999999998 0.090625 0.08728009259259259
1 0.4515625 0.21606481481481482 0.1 0.09679398148148151
1 0.40078125 0.13015625 0.096875 0.08893518518518517
1 0.29765625 0.18409722222222222 0.10625 0.09844907407407408
1 0.3546875 0.05447337962962963 0.096875 0.0826851851851852
1 0.71171875 0.12616898148148148 0.090625 0.0888425925925926
1 0.56875 0.09280092592592593 0.084375 0.08562500000000002
1 0.859375 0.1596064814814815 0.096875 0.09674768518518517
1 0.64140625 0.10872106481481483 0.084375 0.08562500000000002
1 0.425 0.06410879629629629 0.090625 0.08728009259259259
1 0.62578125 0.17567708333333334 0.0921875 0.08886574074074076
1 0.77578125 0.21539930555555556 0.09375 0.09513888888888893
1 0.47421875 0.14140046296296296 0.09375 0.08888888888888888
1 0.8546875 0.23297453703703702 0.103125 0.09996527777777775
1 0.421875 0.29453125 0.1140625 0.11418981481481483
1 0.7 0.19474537037037037 0.0953125 0.09203703703703706
1 0.32734375 0.11266203703703703 0.0984375 0.09208333333333334
1 0.59140625 0.3298553240740741 0.1046875 0.10780092592592591
1 0.52734375 0.22890625 0.1 0.0952314814814815
1 0.55 0.527679398148148 0.128125 0.13627314814814823
1 0.65859375 0.4433506944444444 0.121875 0.12055555555555557
1 0.68515625 0.26796296296296296 0.10625 0.10313657407407409
1 0.8515625 0.30792824074074077 0.1109375 0.1094560185185185
1 0.7703125 0.29031828703703705 0.1046875 0.09998842592592591
1 0.76328125 0.37458912037037034 0.109375 0.11255787037037032
1 0.26015625 0.25854166666666667 0.115625 0.11421296296296299
1 0.37109375 0.19690393518518517 0.103125 0.09996527777777779
1 0.36171875 0.4803587962962963 0.1375 0.13797453703703705
1 0.61015625 0.24966435185185185 0.0984375 0.09833333333333334
1 0.30625 0.364693287037037 0.125 0.12528935185185192
1 0.42265625 0.6195428240740741 0.1359375 0.1488888888888889
1 0.85078125 0.3985416666666667 0.11875 0.12050925925925923
1 0.48125 0.40400462962962963 0.115625 0.1189004629629629
1 0.3421875 0.27850694444444446 0.1109375 0.1094560185185185
1 0.22265625 0.34626736111111106 0.121875 0.11899305555555557
1 0.18125 0.43940393518518517 0.1328125 0.13478009259259255
1 0.84375 0.6 0.1359375 0.1363888888888889
1 0.675 0.350625 0.1109375 0.1094560185185185
1 0.74765625 0.5751388888888889 0.134375 0.13949074074074072
1 0.22265625 0.5712673611111111 0.1453125 0.1474652777777777
1 0.84921875 0.4899247685185185 0.1328125 0.13321759259259255
1 0.50703125 0.3129803240740741 0.1078125 0.10940972222222226
1 0.75390625 0.4689814814814815 0.1234375 0.12370370370370373
1 0.57265625 0.4295775462962963 0.115625 0.12046296296296291
1 0.6296875 0.6741724537037037 0.14375 0.15837962962962954
1 0.2703125 0.46259837962962963 0.13125 0.1316319444444444
1 0.13125 0.5496006944444444 0.140625 0.14114583333333322
1 0.39765625 0.3824537037037037 0.121875 0.12211805555555558
1 0.64609375 0.5509780092592592 0.128125 0.13783564814814825
1 0.32265625 0.5930613425925926 0.1390625 0.15206018518518521
1 0.73515625 0.7022974537037037 0.15 0.15690972222222221
1 0.84296875 0.7249884259259259 0.153125 0.15695601851851854
1 0.45390625 0.504380787037037 0.1265625 0.13312500000000008
1 0.52265625 0.6475868055555555 0.1296875 0.1487962962962964
1 0.27578125 0.7243981481481482 0.15625 0.1726273148148149
1 0.49921875 0.7808333333333334 0.1484375 0.18032407407407405
1 0.3890625 0.7542013888888889 0.1453125 0.1724652777777777
1 0.17265625 0.6978703703703704 0.1625 0.17740740740740737
1 0.61171875 0.8121875 0.1546875 0.18354166666666671
1 0.07734375 0.6753645833333334 0.1546875 0.17572916666666671
1 0.7234375 0.8411863425925926 0.1609375 0.18050925925925937
1 0.8390625 0.8718055555555555 0.16875 0.18218749999999986