1 0.1793464953125 0.677145465625 0.226164334375 0.6989371625 0.24694487812500002 0.6360495515625 0.1931531125 0.6168750328125 0.1793464953125 0.677145465625
1 0.247716275 0.6361988515625 0.26025697187499996 0.572604509375 0.2071971046875 0.557006159375 0.19361889999999998 0.61601731875 0.247716275 0.6361988515625
1 0.260565653125 0.5724050187499999 0.274125134375 0.5101079375 0.21915127499999998 0.496797953125 0.2065338921875 0.5567475156249999 0.260565653125 0.5724050187499999
1 0.27486804062500003 0.5099140531249999 0.28630288125000003 0.44678433906250004 0.231292884375 0.4369803109375 0.21884926093749998 0.4966265015625 0.27486804062500003 0.5099140531249999
1 0.29686982500000003 0.3840762390625 0.24031656875000001 0.37664429374999997 0.2311796609375 0.4372954015625 0.2866017578125 0.44701035468750006 0.29686982500000003 0.3840762390625
1 0.34488627968749996 0.45761698125 0.2864006671875 0.44714026875 0.275012671875 0.50999788125 0.3331423203125 0.5236374796875001 0.34488627968749996 0.45761698125
1 0.2747306734375 0.5101254296875 0.2604890390625 0.572491890625 0.319395975 0.5899371265625 0.33340117812500003 0.523779309375 0.2747306734375 0.5101254296875
1 0.286424675 0.447333025 0.3448339484375 0.4577185234375 0.35422476718749996 0.391196059375 0.29702801874999996 0.38412280781249997 0.286424675 0.447333025
1 0.248697959375 0.31587620781250003 0.24045143906250002 0.3769509015625 0.29705614687500004 0.3839594171875 0.30595382187500003 0.32098141562500004 0.248697959375 0.31587620781250003
1 0.296951153125 0.3840554203125 0.354447971875 0.3913529234375 0.364938984375 0.324429875 0.305429503125 0.32083473749999997 0.296951153125 0.3840554203125
1 0.24890494843750002 0.315758734375 0.3056855046875 0.32123192500000003 0.31688822499999997 0.25735868125 0.2585992921875 0.2557938078125 0.24890494843750002 0.315758734375
1 0.30536346875 0.32070962187499996 0.3642967125 0.3244544609375 0.3755594828125 0.2578343265625 0.316576584375 0.2574040546875 0.30536346875 0.32070962187499996
1 0.32529776250000003 0.192944171875 0.26611955468750004 0.194208975 0.258571275 0.255956553125 0.3172358421875 0.25773239062500003 0.32529776250000003 0.192944171875
1 0.3863003390625 0.190653871875 0.32497030625 0.19364719531250002 0.3167962421875 0.25744656875 0.37623444687499996 0.257505653125 0.3863003390625 0.190653871875
1 0.4357542125 0.3308240359375 0.364179834375 0.3238668421875 0.35426905 0.391322946875 0.4234791609375 0.40092604375 0.4357542125 0.3308240359375
1 0.44800357343749997 0.26087126718750003 0.3754178875 0.257395471875 0.364661715625 0.32437421718750004 0.4362302734375 0.330456865625 0.44800357343749997 0.26087126718750003
1 0.45640839062499994 0.189300325 0.3857727046875 0.1912583296875 0.3758247859375 0.2569005875 0.44782938593750005 0.2606840078125 0.45640839062499994 0.189300325
1 0.4233318578125 0.4008888921875 0.3540889046875 0.3911651109375 0.3448664453125 0.45778929062499996 0.41365477031250003 0.4702680109375 0.4233318578125 0.4008888921875
1 0.4141635671875 0.4704010515625 0.34510921875 0.45718885781249996 0.3326407390625 0.5235404015625 0.4007428015625 0.5399742187500001 0.4141635671875 0.4704010515625
1 0.40056020156249994 0.539970784375 0.333361975 0.524359984375 0.31980727343750004 0.5901849 0.385344121875 0.6091964796875 0.40056020156249994 0.539970784375
1 0.319768575 0.590612125 0.2606151796875 0.5725741328125 0.2473443390625 0.6358470265625 0.3066841515625 0.6570325687499999 0.319768575 0.590612125
1 0.385555959375 0.6096269953125 0.319496725 0.5897931078124999 0.30568704062499996 0.656839584375 0.3705458078125 0.6799248296875 0.385555959375 0.6096269953125
1 0.3060754125 0.65697656875 0.24711603124999998 0.6359118500000001 0.22870094375 0.698082753125 0.288771028125 0.7239595203125 0.3060754125 0.65697656875
1 0.3711303828125 0.68058834375 0.30633338593750004 0.6570145328125 0.2863781859375 0.722478740625 0.3500002625 0.7494358125 0.3711303828125 0.68058834375
1 0.3505918 0.7495190593750001 0.42441881718749996 0.780509825 0.4431729578125 0.70629965625 0.3709561296875 0.6801730796875 0.3505918 0.7495190593750001
1 0.370849625 0.679914503125 0.4430232125 0.706141721875 0.45813491093750003 0.63153234375 0.38539782968749997 0.6094554734375001 0.370849625 0.679914503125
1 0.5234347859375 0.7353911359375 0.44296327187499995 0.705872215625 0.42436823749999997 0.780715396875 0.5058789375 0.8158095624999999 0.5234347859375 0.7353911359375
1 0.538790475 0.6557725921875 0.45824915624999996 0.6314500953125 0.44266732812500004 0.7060236546875001 0.5236082171875001 0.7355775828125 0.538790475 0.6557725921875
1 0.4729696203125 0.5571511874999999 0.40048668593750003 0.5399047078125 0.3851939671875 0.6095755453125 0.457563578125 0.6313473171874999 0.4729696203125 0.5571511874999999
1 0.5542512609375 0.5771734359375 0.4725198953125 0.557370575 0.4581935578125 0.63163808125 0.5386237234375 0.655972965625 0.5542512609375 0.5771734359375
1 0.40002008437500003 0.539879540625 0.473024934375 0.55768634375 0.4871349703125 0.4841094734375 0.4138149140625 0.47053165156250004 0.40002008437500003 0.539879540625
1 0.47269720625 0.5573164875 0.55377908125 0.5773000703125 0.5680622718749999 0.4990060890625 0.4870188625 0.48395339687499994 0.47269720625 0.5573164875
1 0.4995889203125 0.410674046875 0.42344873906249997 0.4006875109375 0.413639325 0.470425215625 0.48757607500000005 0.4840439609375 0.4995889203125 0.410674046875
1 0.5116191515625 0.336388215625 0.4359225828125 0.3306246421875 0.42336152499999996 0.400311690625 0.49933076875 0.41016477343749996 0.5116191515625 0.336388215625
1 0.487652146875 0.4843651109375 0.5682053859375 0.4990364484375 0.5825684718749999 0.4212179015625 0.49979992187500005 0.41055402656249995 0.487652146875 0.4843651109375
1 0.5961619484375 0.34263754999999996 0.5116822812499999 0.3364004328125 0.500416590625 0.4102213828125 0.5821810125 0.4214493390625 0.5961619484375 0.34263754999999996
1 0.4361934578125 0.33076414375 0.5116980421874999 0.336490559375 0.524262828125 0.262307521875 0.447430853125 0.260979771875 0.4361934578125 0.33076414375
1 0.534227059375 0.187621828125 0.45643027031249994 0.189266671875 0.4474472203125 0.2606459359375 0.524255909375 0.2623061828125 0.534227059375 0.187621828125
1 0.5118174640625 0.33671042500000004 0.595995259375 0.3435019703125 0.6090036890625 0.264349075 0.524232646875 0.26252435625000003 0.5118174640625 0.33671042500000004
1 0.620319021875 0.184254971875 0.5331821062500001 0.187462790625 0.5238503421875 0.26211336093750004 0.6086306015625 0.2641233203125 0.620319021875 0.184254971875
1 0.7028131156249999 0.2627145171875 0.6090467640624999 0.2637199640625 0.59652236875 0.3429472640625 0.6891311328125 0.34817269375 0.7028131156249999 0.2627145171875
1 0.7109003203125 0.176222690625 0.6216985187499999 0.184240796875 0.6085834859375 0.2636754984375 0.7021381515625 0.26304319062500003 0.7109003203125 0.176222690625
1 0.68772249375 0.34814334062499996 0.595703325 0.342591990625 0.5822240328125 0.420888015625 0.674096871875 0.4320802875 0.68772249375 0.34814334062499996
1 0.674771834375 0.4317516140625 0.582172978125 0.42118456249999997 0.56826683125 0.4991726390625 0.6602458999999999 0.516127165625 0.674771834375 0.4317516140625
1 0.660009565625 0.5160621484375 0.568058678125 0.49933840937499996 0.5536866578125 0.57728151875 0.6445630453125 0.5998002171875 0.660009565625 0.5160621484375
1 0.645279053125 0.59994943125 0.553750896875 0.5771782937500001 0.5382797125 0.6562427203125 0.6294029734375 0.6849836203125 0.645279053125 0.59994943125
1 0.6301416484375 0.6844665359375 0.5381605140625 0.65593848125 0.5237764640625 0.7358979625 0.6143878359375 0.7699843609375 0.6301416484375 0.6844665359375
1 0.614282403125 0.769755903125 0.5234720171875 0.7356316515625 0.506059415625 0.8157474453125 0.59289181875 0.854489190625 0.614282403125 0.769755903125
1 0.593930240625 0.855039140625 0.701083496875 0.9032063015625 0.7162207625 0.8092949390624999 0.6141698671875 0.7697347875 0.593930240625 0.855039140625
1 0.6299277234375 0.68426095 0.6141238343750001 0.7700748468749999 0.7166157609375 0.8092896296875001 0.7306520671875 0.7170861687500001 0.6299277234375 0.68426095
1 0.6448455703125 0.6002198203125 0.6300185171875 0.6851506125 0.7299620453125 0.7172843078125 0.745822790625 0.6255861734375 0.6448455703125 0.6002198203125
1 0.660100315625 0.5160385015625 0.645099078125 0.6007820359375 0.745656596875 0.6249943296875 0.761305915625 0.5340934640625 0.660100315625 0.5160385015625
1 0.6746690234375 0.43225018437499996 0.659795471875 0.516252028125 0.76027045625 0.53464749375 0.7759232890625001 0.44403246718749995 0.6746690234375 0.43225018437499996
1 0.6883075328125 0.348227990625 0.67388370625 0.4320104484375 0.77676686875 0.4440947015625 0.792955584375 0.3534657390625 0.6883075328125 0.348227990625
1 0.8092275671875001 0.26146034375 0.703128784375 0.2634502859375 0.6880043 0.3477106578125 0.7924416578125 0.35304588593749997 0.8092275671875001 0.26146034375
1 0.8093745796875 0.26216878593750004 0.8212176671875 0.168233371875 0.7105273578125 0.176536034375 0.703451184375 0.262984246875 0.8093745796875 0.26216878593750004
1 0.94846196875 0.15735705312499998 0.821464778125 0.16817351875 0.8090503625000001 0.26184081875 0.9297822015625 0.257477740625 0.94846196875 0.15735705312499998
1 0.9294492 0.25794305781250004 0.8098924375 0.261465390625 0.792661315625 0.3530883984375 0.9127179078125 0.3575215765625 0.9294492 0.25794305781250004
1 0.9109332406249999 0.35743406875 0.79213110625 0.35298112656249997 0.7767071375000001 0.44377205937499997 0.8936801437499999 0.45645162343749995 0.9109332406249999 0.35743406875
1 0.8940875578125 0.455637115625 0.7761631859375 0.4436927046875 0.7608870671875 0.53481868125 0.8774749546875 0.5569242921875001 0.8940875578125 0.455637115625
1 0.878254753125 0.557055940625 0.7603687453125 0.5353119421875 0.7450349828125 0.6257813375 0.86212731875 0.655524959375 0.878254753125 0.557055940625
1 0.8622628062500001 0.6559214203125 0.745529125 0.626279784375 0.7307290656250001 0.717038590625 0.8486724234375 0.7564142734375 0.8622628062500001 0.6559214203125
1 0.8492248796874999 0.755743496875 0.7305300328125 0.7171409859375 0.7168960734375001 0.8095040765625001 0.833864759375 0.8557402812499999 0.8492248796874999 0.755743496875
1 0.833822409375 0.8551557875 0.71645505 0.8088424203125 0.7024645828125 0.9032815046874999 0.8156398390625 0.9559855578124999 0.833822409375 0.8551557875
0 0.8426228140625 1 0.9979991703125 0.113071265625 0.2333002578125 0.172468471875 0.1431286296875 0.688449571875 0.8238045156249999 1 0.8426228140625 1