1 0.7430147625 0.6811526015625 0.755937425 0.5679205406250001 0.648601365625 0.5532849375 0.636071728125 0.6550742421875 0.7430147625 0.6811526015625
1 0.648371140625 0.5535982109375001 0.7571062125 0.5683979421875 0.7737024875 0.4537698984375 0.661496465625 0.4531873125 0.648371140625 0.5535982109375001
1 0.774474840625 0.4548748546875 0.7883344328125 0.340013178125 0.675631540625 0.35085499531250003 0.66136435625 0.45182618281250003 0.774474840625 0.4548748546875
1 0.6745241125 0.350817775 0.7879508125 0.3414236046875 0.8056354734375001 0.22896598906249999 0.690031734375 0.24752824375000002 0.6745241125 0.350817775
1 0.7030408734375 0.140917271875 0.6893453578125001 0.24782550468750003 0.8058150296875001 0.22968379843750003 0.8239242703125 0.11139868281250001 0.7030408734375 0.140917271875
1 0.6878749296875 0.248214525 0.7034420296875 0.141119446875 0.59051684375 0.1669952015625 0.588074275 0.2625794078125 0.6878749296875 0.248214525
1 0.6766604640625 0.350484815625 0.6902965875 0.247381503125 0.5875146265625 0.263172146875 0.5747894765625 0.35635983437499996 0.6766604640625 0.350484815625
1 0.5742725359375 0.35681925468750003 0.56228196875 0.4492522 0.6617220796875001 0.4523645078125 0.674952078125 0.351015259375 0.5742725359375 0.35681925468750003
1 0.648139609375 0.5538099234375 0.6617334859375 0.452021828125 0.5616189874999999 0.44982282656250006 0.5487007109375 0.5412066984374999 0.648139609375 0.5538099234375
1 0.636304340625 0.654348409375 0.648229640625 0.5529045625 0.5480743421875001 0.5410588984375 0.5375968390625 0.6340194796875 0.636304340625 0.654348409375
1 0.5293814140624999 0.7265918625000001 0.6258525578125 0.75378795 0.6361014359375 0.6551224234374999 0.5379085453125 0.6336535421875 0.5293814140624999 0.7265918625000001
1 0.532786990625 0.7270079828125 0.5221945265625 0.8139632453125 0.616633890625 0.8536418890625 0.625402421875 0.752505628125 0.532786990625 0.7270079828125
1 0.5147566671875 0.904633121875 0.60583485 0.9522998875 0.6157962312499999 0.853366409375 0.5228831828125 0.8139394515625 0.5147566671875 0.904633121875
1 0.7429939234375 0.681261784375 0.635925903125 0.655171515625 0.625628203125 0.7535088875 0.7340836187499999 0.792429246875 0.7429939234375 0.681261784375
1 0.6172727234375001 0.853828159375 0.7226178890625 0.9033461765625 0.732953328125 0.7925777578125001 0.62482634375 0.75342223125 0.6172727234375001 0.853828159375
1 0.710872509375 1 0.7231728921875 0.903003490625 0.61678688125 0.8527514015625 0.6057210953125 0.9526256125 0.688824984375 1 0.710872509375 1
1 0.441320284375 0.7836763984374999 0.5238581171875001 0.8159765812499999 0.5315558796875 0.7272024390625 0.44944044375000003 0.699937025 0.441320284375 0.7836763984374999
1 0.4500962890625 0.7005482875 0.5307589562499999 0.72491289375 0.5387203890625 0.6342165828125 0.45719544375 0.6166211765625 0.4500962890625 0.7005482875
1 0.4572318484375 0.615891953125 0.5379511015625 0.6344287984375 0.54925160625 0.5409619421875 0.4663894296875 0.5315288734375 0.4572318484375 0.615891953125
1 0.4666917234375 0.5320466296874999 0.5486505859374999 0.541523890625 0.5605694 0.4489428109375 0.47807588437500004 0.44608574531249995 0.4666917234375 0.5320466296874999
1 0.4776507328125 0.44650352499999996 0.5613165343750001 0.4489049734375 0.5745870578125001 0.3561549234375 0.4904225765625 0.361215575 0.4776507328125 0.44650352499999996
1 0.4904434203125 0.361291534375 0.5743918609375 0.3562181953125 0.5871550359375 0.2628758671875 0.501293175 0.2762634828125 0.4904434203125 0.361291534375
1 0.5005863578125 0.276043525 0.5877802265625001 0.26347056874999997 0.5899458140625 0.1664488609375 0.5024141484375 0.1877333671875 0.5005863578125 0.276043525
1 0.42741411874999996 0.286200009375 0.500698965625 0.27521997656249997 0.502029609375 0.1870145921875 0.429925628125 0.20559401249999998 0.42741411874999996 0.286200009375
1 0.4899902140625 0.3616428859375 0.500755228125 0.274796153125 0.42627119843749994 0.286379146875 0.4158524234375 0.365329159375 0.4899902140625 0.3616428859375
1 0.4772559921875 0.4466556921875 0.49006528437499997 0.361093853125 0.4161294328125 0.366501 0.40690779062500004 0.44427660468749997 0.4772559921875 0.4466556921875
1 0.478457715625 0.4465341875 0.405108265625 0.44445499999999993 0.39505236875 0.523621684375 0.46678316875 0.5319149249999999 0.478457715625 0.4465341875
1 0.45741045312499995 0.616431515625 0.46677713593750003 0.5316874234375 0.394330640625 0.52294901875 0.3843993140625 0.6010503328125 0.45741045312499995 0.616431515625
1 0.449326171875 0.7001739406249999 0.45719348125000003 0.6155799078124999 0.3840345453125 0.6012240734375001 0.37882056249999996 0.6800066296875 0.449326171875 0.7001739406249999
1 0.44097834531249996 0.7831584359375 0.44935135624999994 0.700273728125 0.378439753125 0.6808162203125 0.373126740625 0.7571067921875 0.44097834531249996 0.7831584359375
1 0.3008751265625 0.8062244703125 0.3613267375 0.8349786328125001 0.373488015625 0.7568598390625 0.3148861640625 0.7349986234375 0.3008751265625 0.8062244703125
1 0.3216051109375 0.662735371875 0.3136364984375 0.734544771875 0.37370416562500003 0.7579890875 0.3795349453125 0.6801650953125 0.3216051109375 0.662735371875
1 0.3204703640625 0.662916471875 0.37957248125 0.679890578125 0.3840156625 0.6013930234375 0.3235357703125 0.5884330531249999 0.3204703640625 0.662916471875
1 0.323425659375 0.5888370765625 0.38491894531250004 0.6018490875 0.3949616265625 0.5229951296875 0.3342948609375 0.5156983921875 0.323425659375 0.5888370765625
1 0.33361453124999996 0.51567978125 0.39651530625000003 0.523812175 0.4058637671875 0.44462140312500004 0.34424969375000003 0.442894621875 0.33361453124999996 0.51567978125
1 0.3440779421875 0.44186045468749996 0.4065955203125 0.44468370312500005 0.41557777500000004 0.36546111875 0.35199794375 0.36837557187500003 0.3440779421875 0.44186045468749996
1 0.4274585609375 0.28616511718750004 0.4304856734375 0.2044921703125 0.3678140890625 0.2199752734375 0.3644615109375 0.29496620625 0.4274585609375 0.28616511718750004
1 0.4166473421875 0.3652319859375 0.4276087046875 0.2850670515625 0.363643990625 0.2951052046875 0.3525345984375 0.36866093125 0.4166473421875 0.3652319859375
1 0.30864015624999996 0.302711321875 0.3651932640625 0.2950285078125 0.366737903125 0.21878358125 0.31482810781250004 0.23257827031249997 0.30864015624999996 0.302711321875
1 0.3521007765625 0.368209965625 0.3635067984375 0.294935646875 0.3078083 0.30275145625 0.2984544578125 0.3717957828125 0.3521007765625 0.368209965625
1 0.3441808984375 0.44205816562500005 0.35327898750000003 0.3687604484375 0.2983913984375 0.3716211234375 0.287858065625 0.4398650453125 0.3441808984375 0.44205816562500005
1 0.334361659375 0.5152222046875 0.343893509375 0.44213514531250003 0.2875238 0.4402848546875 0.2795160921875 0.5089910796875 0.334361659375 0.5152222046875
1 0.26920843125 0.5778007609375 0.323468740625 0.588318290625 0.3343002859375 0.5158624374999999 0.2792494921875 0.5094407484375 0.26920843125 0.5778007609375
1 0.32074869375000004 0.66266499375 0.3232686734375 0.588460403125 0.2689882109375 0.57736798125 0.2654758890625 0.6477243921875 0.32074869375000004 0.66266499375
1 0.32079556875000004 0.6623221609375001 0.26630163125 0.64675359375 0.26126510000000003 0.7137624578125 0.313689809375 0.734574671875 0.32079556875000004 0.6623221609375001
1 0.2494948171875 0.781521275 0.3016441359375 0.8074711671875001 0.3144210453125 0.734313565625 0.260970440625 0.714497590625 0.2494948171875 0.781521275
1 0.208503709375 0.760163328125 0.25015644843749996 0.7817506984375 0.26213619062500004 0.7144231109375 0.213386909375 0.69594261875 0.208503709375 0.760163328125
1 0.2126566984375 0.6959863359375 0.26160859062499997 0.7148987453125 0.26689215312500003 0.6475216078125 0.21768203125 0.6329361296875 0.2126566984375 0.6959863359375
1 0.2176175140625 0.6331240203124999 0.2658080921875 0.64746165 0.2691127796875 0.5776607375 0.2211531296875 0.56852355 0.2176175140625 0.6331240203124999
1 0.221417565625 0.567978590625 0.2694389359375 0.5784855 0.2800770359375 0.509135846875 0.229777096875 0.50359480625 0.221417565625 0.567978590625
1 0.2300116140625 0.5034353375 0.2796273984375 0.5090474781250001 0.28763510625 0.4403412515625 0.23892907187499998 0.438520803125 0.2300116140625 0.5034353375
1 0.2382133828125 0.4379336109375 0.28736014375 0.44021005312500006 0.2979514515625 0.37120260781250003 0.2485584296875 0.37411007500000004 0.2382133828125 0.4379336109375
1 0.24858191093749998 0.373938346875 0.2979279703125 0.3713743359375 0.30806278593749997 0.3023286578125 0.25665350937500003 0.30889473125 0.24858191093749998 0.373938346875
1 0.26432310000000003 0.24173532031249997 0.2569836234375 0.30893742031250004 0.3072792625 0.302811665625 0.314140003125 0.2322831875 0.26432310000000003 0.24173532031249997
1 0.217442475 0.251621953125 0.2105066 0.314174721875 0.256825359375 0.3084033953125 0.2643304421875 0.24159518906250002 0.217442475 0.251621953125
1 0.24816772343750002 0.373411696875 0.2574869046875 0.308633446875 0.210702259375 0.3141450953125 0.20275175 0.3759634875 0.24816772343750002 0.373411696875
1 0.23853028906249998 0.43901120625 0.249063015625 0.37381508750000003 0.202691496875 0.3764535453125 0.19420461093750002 0.43697213125 0.23853028906249998 0.43901120625
1 0.23067756875 0.503201009375 0.23933604218750001 0.438192778125 0.19415869218749998 0.4369992890625 0.1853327125 0.498473040625 0.23067756875 0.503201009375
1 0.2305843546875 0.5031975125 0.185057753125 0.4981072484375 0.1779428265625 0.559308840625 0.22199698906249998 0.5676918796875 0.2305843546875 0.5031975125
1 0.1739402296875 0.6199784171875 0.218482065625 0.632270653125 0.2226586203125 0.5679213046875 0.17821976875 0.5591415703125 0.1739402296875 0.6199784171875
1 0.2142071703125 0.6963453281249999 0.21828988593749998 0.6326822703125 0.17445954218749998 0.6200942781250001 0.1684476109375 0.67943945625 0.2142071703125 0.6963453281249999
1 0.1661225890625 0.7370074515625 0.20914044999999998 0.760445159375 0.21354553906249998 0.6961159046875001 0.17004829999999999 0.6802275343749999 0.1661225890625 0.7370074515625
1 0.36052208281250003 0.8347395656250001 0.43131440625 0.8678911687499999 0.44232510312500006 0.7839331375 0.3741745875 0.756906878125 0.36052208281250003 0.8347395656250001
1 0.43075318593749995 0.8671928546875 0.5145920890625 0.9049107703124999 0.5242160109375 0.8155074265625 0.44258141718750005 0.7842377453125 0.43075318593749995 0.8671928546875
0 0.7304322421875 1 0.8573112984375 0.06305221093749999 0.1820328234375 0.23611400312500003 0.131633371875 0.757072978125 0.6525353390624999 1 0.7304322421875 1