1 0.752327496875 0.6734006031249999 0.7430353078125 0.755628715625 0.8287599531250001 0.7634382343749999 0.8364248484375001 0.6845362703125 0.752327496875 0.6734006031249999
1 0.7645450609375 0.593950971875 0.753164928125 0.6731958140625001 0.8363047828125 0.68467635625 0.8459884578124999 0.6069020640625 0.7645450609375 0.593950971875
1 0.856555825 0.534555978125 0.772657890625 0.5182741078124999 0.7649461203125 0.5939982765625 0.845932484375 0.606841934375 0.856555825 0.534555978125
1 0.75254555 0.6726452296875001 0.6667360062500001 0.6622197062499999 0.6557807421875 0.7482050203124999 0.74256211875 0.7552672281249999 0.75254555 0.6726452296875001
1 0.6667360062500001 0.6622197062499999 0.578780515625 0.6527581359375 0.5663028328124999 0.7413001703125001 0.6553796828125 0.7481577140625 0.6667360062500001 0.6622197062499999
1 0.5940775515625 0.5678934703125 0.5782733515625 0.6536104125 0.668457109375 0.6631657703125 0.6811376140625 0.58150705 0.5940775515625 0.5678934703125
1 0.6811730109374999 0.581206959375 0.667869315625 0.6629619156250001 0.752622765625 0.6737622359375 0.762946671875 0.5948055421875 0.6811730109374999 0.581206959375
1 0.68023481875 0.5815717171875 0.7640854906250001 0.5948067484374999 0.7727564625000001 0.5182364328125 0.6921230453125 0.501474703125 0.68023481875 0.5815717171875
1 0.691179428125 0.50257976875 0.6047208515625 0.4838667046875 0.5912402609375 0.5671214265625 0.6813108875 0.580732309375 0.691179428125 0.50257976875
1 0.5793177140625 0.652872209375 0.478701559375 0.64039668125 0.46551729531249997 0.734937196875 0.567082115625 0.741596340625 0.5793177140625 0.652872209375
1 0.59231358125 0.5668240234375 0.4953314046875 0.5511273250000001 0.48019968593750006 0.6414854828125 0.5792784906249999 0.6533563828125 0.59231358125 0.5668240234375
1 0.6033161078125 0.483885546875 0.5116083828125 0.4648576125 0.49449389374999997 0.5513328078125 0.5930450296875 0.5669750953125 0.6033161078125 0.483885546875
1 0.4953314046875 0.5511273250000001 0.3890177828125 0.53524278125 0.368754121875 0.6277319171875 0.4788318578125 0.6405050203125 0.4953314046875 0.5511273250000001
1 0.47913139843749997 0.6404473796875 0.36918303125 0.62778250625 0.3547711359375 0.7258280203125 0.46509181718750003 0.734251009375 0.47913139843749997 0.6404473796875
1 0.510476825 0.4649065640625 0.40771359374999994 0.44305399687499997 0.389160271875 0.5348327687500001 0.4947525921875 0.55103088125 0.510476825 0.4649065640625
1 0.3705513125 0.6271311093749999 0.2492798046875 0.6132482890625 0.22696112968749999 0.71642470625 0.35498723593750003 0.7256239 0.3705513125 0.6271311093749999
1 0.38992577968750003 0.5345673765625001 0.2710580921875 0.5146453890625 0.24973782500000002 0.6141453859375 0.3702171484375 0.6282404421875001 0.38992577968750003 0.5345673765625001
1 0.40859792500000003 0.4431857703125 0.2922979296875 0.42061553281249997 0.2716141890625 0.51471098125 0.389946725 0.5345494234375 0.40859792500000003 0.4431857703125
1 0.2492798046875 0.6132482890625 0.11238852031249999 0.597945003125 0.08549148281249999 0.706483621875 0.2271256109375 0.7166582203125 0.2492798046875 0.6132482890625
1 0.272219365625 0.5143604734375 0.1404643109375 0.49376149218750004 0.1146129046875 0.59820736875 0.2492110171875 0.613504296875 0.272219365625 0.5143604734375
1 0.2930991765625 0.418602709375 0.1652683140625 0.393407440625 0.14218066875 0.49354275156250005 0.272034475 0.5146112375 0.2930991765625 0.418602709375
1 0.11345163437500001 0.5984922874999999 0.013024103125 0.5860846171875 0.015602518749999999 0.7021133109375 0.0864643359375 0.7056334484375 0.11345163437500001 0.5984922874999999
1 0.1405623875 0.4929299875 0.0104972265625 0.4723752015625 0.013026765625 0.586204446875 0.1139270609375 0.5989385578124999 0.1405623875 0.4929299875
1 0.01050694375 0.4728124703125 0.1424505484375 0.493760525 0.165824409375 0.3934730328125 0.022262910937499998 0.3639027140625 0.010334146875 0.4650365953125 0.01050694375 0.4728124703125
1 0.42223369218749995 0.356053746875 0.312639215625 0.329215984375 0.2945231671875 0.42066318281250004 0.40799452968749994 0.44332167343749995 0.42223369218749995 0.356053746875
1 0.31142894375 0.3299163078125 0.18605098281250002 0.2982657703125 0.1657771109375 0.393674525 0.29381433437500004 0.41930686718750004 0.31142894375 0.3299163078125
1 0.18726125 0.2975654453125 0.0487830515625 0.2622624015625 0.0238318953125 0.363864059375 0.1661546078125 0.39265270625 0.18726125 0.2975654453125
1 0.0748139578125 0.16584724687500002 0.0487339734375 0.2626785015625 0.18837344375 0.2976966296875 0.2086638671875 0.2069277890625 0.0748139578125 0.16584724687500002
1 0.20881102187499997 0.20568018437500002 0.1879154234375 0.29679953281250004 0.31116981718750003 0.3299744890625 0.32818756875 0.24041703593750002 0.20881102187499997 0.20568018437500002
1 0.328831290625 0.2403542109375 0.3117550390625 0.329394128125 0.4219483265625 0.3559672640625 0.437217934375 0.27163042187499997 0.328831290625 0.2403542109375
1 0.42237155625 0.35601014062499997 0.40769659375 0.44362108281249996 0.5114507125000001 0.46517286249999995 0.524600571875 0.3814023046875 0.42237155625 0.35601014062499997
1 0.53614399375 0.3011561578125 0.437774859375 0.2732850609375 0.422384559375 0.3557722046875 0.5242184984375 0.3810903015625 0.53614399375 0.3011561578125
1 0.3436943859375 0.15764430000000001 0.3288413703125 0.24123439531250002 0.4374161984375 0.271561540625 0.4508792 0.1924222125 0.3436943859375 0.15764430000000001
1 0.452348640625 0.192062359375 0.436398496875 0.27285578125 0.5363590125 0.3005462203125 0.5474385625 0.22354651718750002 0.452348640625 0.192062359375
1 0.32832797812500003 0.241173840625 0.3445564296875 0.1580129171875 0.22789387187500001 0.1189166609375 0.20826021875 0.2067428359375 0.32832797812500003 0.241173840625
1 0.074558721875 0.1663193234375 0.20858347031250002 0.20639640468749998 0.22714209843750002 0.11910549374999999 0.100285571875 0.07521129374999999 0.074558721875 0.1663193234375
1 0.1208163484375 0 0.09993371875 0.07516979375 0.228155096875 0.1190960875 0.2470016296875 0.034910682812499996 0.15526125468750002 0 0.1208163484375 0
1 0.2481703390625 0.0351851703125 0.22800946875 0.11841543750000001 0.34411785 0.158140084375 0.359887409375 0.0768985421875 0.2481703390625 0.0351851703125
1 0.36104084062499997 0.077701584375 0.3448017953125 0.15792775625 0.45089999531249997 0.192844440625 0.4636010546875 0.1154006953125 0.36104084062499997 0.077701584375
1 0.1548818015625 0 0.2483622828125 0.0356247703125 0.2577694875 0 0.1548818015625 0
1 0.256754021875 0 0.2484139859375 0.034148971875 0.3603547359375 0.0770064875 0.3782784765625 0 0.256754021875 0
1 0.3783968390625 0 0.361495190625 0.07708959062500001 0.46252911093750004 0.115175653125 0.47839244374999995 0.0386056734375 0.3794575953125 0 0.3783968390625 0
1 0.46232635 0.114851696875 0.451094815625 0.19193489531250002 0.546532090625 0.22427281250000003 0.5569818515625 0.15001893125000001 0.46232635 0.114851696875
1 0.47871156406250004 0.039443425 0.46261609843749996 0.1154197484375 0.557239503125 0.1501169375 0.572539225 0.0755800625 0.47871156406250004 0.039443425
1 0.723718865625 0.209443884375 0.6450081937500001 0.1812249453125 0.636965503125 0.25225310312500004 0.715404178125 0.2799370734375 0.723718865625 0.209443884375
1 0.6441372000000001 0.1805890375 0.556787221875 0.150017103125 0.546920525 0.22459472187500001 0.6357717984375 0.25240600625 0.6441372000000001 0.1805890375
1 0.5730173296875 0.07592381875000001 0.5575219 0.149837525 0.64373359375 0.17998079218750002 0.658235728125 0.1094447734375 0.5730173296875 0.07592381875000001
1 0.7387153359374999 0.1408058609375 0.6585255578125 0.1100121296875 0.6441062296875 0.18085161875 0.72425805 0.2088468265625 0.7387153359374999 0.1408058609375
1 0.7089580609375 0.3507246140625 0.6264921875 0.32712964375000003 0.6180745562500001 0.404544740625 0.70168348125 0.42510438281249996 0.7089580609375 0.3507246140625
1 0.6159324609375 0.404558315625 0.6048346421875 0.4835244421875 0.692525234375 0.502134903125 0.7015844671875 0.4253293578125 0.6159324609375 0.404558315625
1 0.6156426328125 0.4039909578125 0.5244548890625 0.3817675671875 0.511774090625 0.46508070625000003 0.6040999640625 0.48370402187500006 0.6156426328125 0.4039909578125
1 0.6271648421875 0.3274759203125 0.5354790765625 0.3003931296875 0.5244859421875 0.38150429375 0.6166202734375 0.40480002812500004 0.6271648421875 0.3274759203125
1 0.547705078125 0.2239604 0.5372383484375 0.3006006359375 0.6273161421875 0.327414178125 0.635686146875 0.2522064421875 0.547705078125 0.2239604
1 0.716755196875 0.27857015937499996 0.6364518796875 0.25176358906249996 0.6261556749999999 0.3272773015625 0.709340965625 0.35050284062500003 0.716755196875 0.27857015937499996
1 0.6999487375 0.4247208734375 0.6926486921875 0.5017346203125 0.773048353125 0.5183314328125 0.77904150625 0.44365120312500006 0.6999487375 0.4247208734375
1 0.78076879375 0.444121875 0.7733962109375 0.51872603125 0.855529384375 0.5339292062500001 0.8611653875 0.46107189687499994 0.78076879375 0.444121875
1 0.864782771875 0.39109170625 0.7863937109375 0.3722443796875 0.780861871875 0.44333274375 0.861811384375 0.46071845624999996 0.864782771875 0.39109170625
1 0.7030743015625001 0.4251078453125 0.7807286812500001 0.4441347515625 0.7872272765624999 0.3715137109375 0.7101260828125 0.35019891406250003 0.7030743015625001 0.4251078453125
1 0.7168375328125001 0.27818333906250003 0.708750646875 0.3497697421875 0.7868410734375 0.37146815625 0.7921432015625001 0.3020001078125 0.7168375328125001 0.27818333906250003
1 0.79255708125 0.301515753125 0.7860636859375 0.3716905921875 0.8652603531249999 0.3915755609375 0.8706359359375 0.32299305624999997 0.79255708125 0.301515753125
1 0.7236994609375 0.20816395468749999 0.7157056546875 0.278961225 0.7927817328125 0.30115135312499997 0.7984680484375 0.2335175953125 0.7236994609375 0.20816395468749999
1 0.8728837734375 0.25883031875 0.7983128625 0.2348332765625 0.7923149859375 0.30079907499999997 0.8706782203125 0.322371196875 0.8728837734375 0.25883031875
1 0.739153971875 0.1406463015625 0.7242790375 0.2092993625 0.7988021828125 0.2334858703125 0.8101868124999999 0.16742646562500002 0.739153971875 0.1406463015625
1 0.87699833125 0.193708728125 0.8084381359374999 0.1701537125 0.8003488546874999 0.2336683 0.8722731421875001 0.257958184375 0.87699833125 0.193708728125
0 0.0823912796875 0 0.0516050765625 0.11513539843750001 0.010334146875 0.4650365953125 0.0165880890625 0.7464640250000001 0.8606829703125 0.7961490906249999 0.9057489359374999 0.1787867859375 0.4828173109375 0 0.0823912796875 0