1 0.33449375 0.3971203 0.329671875 0.4451929828125 0.37619125000000003 0.4451929828125 0.3787975 0.3992105265625 0.33449375 0.3971203
1 0.379188125 0.3997335 0.37619125000000003 0.44623809531249997 0.423361875 0.44467084375 0.424664375 0.39764327499999996 0.379188125 0.3997335
1 0.468838125 0.396249790625 0.42479500000000003 0.397468671875 0.42284062499999997 0.4441478703125 0.469229375 0.44118713437499996 0.468838125 0.396249790625
1 0.514575 0.394159565625 0.468838125 0.3946825390625 0.46909875 0.44083876406250005 0.51600875 0.4394452796875 0.514575 0.394159565625
1 0.515878125 0.43927151249999996 0.562136875 0.4382264 0.559009375 0.39224394375 0.514314375 0.39328905625 0.515878125 0.43927151249999996
1 0.5622668749999999 0.43770342500000003 0.60904625 0.4382264 0.6044856249999999 0.3924177109375 0.559009375 0.39224394375 0.5622668749999999 0.43770342500000003
1 0.60904625 0.4382264 0.655305 0.43892314062500004 0.648268125 0.3925923140625 0.6044856249999999 0.39224394375 0.60904625 0.4382264
1 0.655174375 0.4387485375 0.70078125 0.4396198828125 0.6930931250000001 0.39294068437499996 0.64852875 0.39311445312500004 0.655174375 0.4387485375
1 0.655174375 0.4387485375 0.66129875 0.48769172968749996 0.710554375 0.485601503125 0.7006512500000001 0.439096909375 0.655174375 0.4387485375
1 0.6089162499999999 0.43857477031250003 0.613998125 0.48769172968749996 0.66169 0.48751796093750005 0.655435 0.43927151249999996 0.6089162499999999 0.43857477031250003
1 0.5623975 0.43805179687500007 0.5659156249999999 0.48629824531250004 0.6142587500000001 0.48716959062500004 0.609176875 0.43857477031250003 0.5623975 0.43805179687500007
1 0.515748125 0.4396198828125 0.5175725 0.48856307499999996 0.56630625 0.4866466171875 0.562788125 0.43840016718749997 0.515748125 0.4396198828125
1 0.46948937500000004 0.44153550468749997 0.469229375 0.4901303265625 0.517833125 0.48856307499999996 0.5154875 0.440316625 0.46948937500000004 0.44153550468749997
1 0.42297062499999993 0.4443224734375 0.420364375 0.4932656640625 0.46935937499999997 0.490478696875 0.469229375 0.44118713437499996 0.42297062499999993 0.4443224734375
1 0.3767125 0.44588972499999996 0.37293375 0.4951812859375 0.42088562500000004 0.493614034375 0.42244937499999996 0.4450192140625 0.3767125 0.44588972499999996
1 0.3298025 0.44536758593750003 0.32406875 0.496401003125 0.372803125 0.4951812859375 0.37619125000000003 0.44588972499999996 0.3298025 0.44536758593750003
1 0.324329375 0.4965747703125 0.318205625 0.54638930625 0.36876375 0.5470860484375 0.372151875 0.49535588906249994 0.324329375 0.4965747703125
1 0.37202125 0.4951812859375 0.36863375 0.547782790625 0.41906125000000005 0.5458663328125 0.42101625 0.49256892187499995 0.37202125 0.4951812859375
1 0.42088562500000004 0.49291729375 0.41945249999999995 0.545169590625 0.46935937499999997 0.5437769421875001 0.46935937499999997 0.490478696875 0.42088562500000004 0.49291729375
1 0.46988062499999994 0.5436023390625 0.519526875 0.541860484375 0.517441875 0.488388471875 0.46935937499999997 0.4901303265625 0.46988062499999994 0.5436023390625
1 0.517963125 0.48908521250000003 0.5199175 0.5413383453125 0.569564375 0.5395964906249999 0.565655 0.486124478125 0.517963125 0.48908521250000003
1 0.56617625 0.48594987500000003 0.569564375 0.5394218875 0.6199925000000001 0.5399448625 0.61412875 0.4868212203125 0.56617625 0.48594987500000003
1 0.614519375 0.48716959062500004 0.620383125 0.5390735171875 0.6696387500000001 0.539770259375 0.66182 0.488214703125 0.614519375 0.48716959062500004
1 0.6702899999999999 0.540989975 0.720588125 0.5383767749999999 0.710033125 0.48473099375000006 0.661429375 0.48769172968749996 0.6702899999999999 0.540989975
1 0.6702899999999999 0.540989975 0.679150625 0.59724895625 0.7311425 0.5939390140625 0.7208481250000001 0.538725146875 0.6702899999999999 0.540989975
1 0.6202525 0.539770259375 0.6265075 0.5974227234375 0.67889 0.597074353125 0.670029375 0.5406416046875 0.6202525 0.539770259375
1 0.570085 0.5395964906249999 0.574255 0.59672598125 0.6268981250000001 0.5974227234375 0.619861875 0.5394218875 0.570085 0.5395964906249999
1 0.519396875 0.5411637421875 0.521220625 0.5982932328125 0.574255 0.5969005843749999 0.569694375 0.5395964906249999 0.519396875 0.5411637421875
1 0.46962000000000004 0.543428571875 0.46896875 0.599164578125 0.521220625 0.5974227234375 0.51926625 0.5413383453125 0.46962000000000004 0.543428571875
1 0.41880125 0.5455179609374999 0.41671625 0.6026482875 0.46909875 0.601254803125 0.46948937500000004 0.5441253140625 0.41880125 0.5455179609374999
1 0.368373125 0.5481311609375 0.36433312500000004 0.6052606515625001 0.416976875 0.6028220546874999 0.41880125 0.5456925640625 0.368373125 0.5481311609375
1 0.318335625 0.54743441875 0.311299375 0.603518796875 0.36433312500000004 0.6050860484375 0.3682425 0.5479565578125001 0.318335625 0.54743441875
1 0.311299375 0.6036933999999999 0.303871875 0.664131996875 0.358469375 0.667441103125 0.363160625 0.605782790625 0.311299375 0.6036933999999999
1 0.35886062500000004 0.6677894734375001 0.414370625 0.66500250625 0.41671625 0.602473684375 0.36368187500000004 0.6050860484375 0.35886062500000004 0.6677894734375001
1 0.30400187500000003 0.6648287390625 0.29527187499999996 0.7329314953125 0.353648125 0.7357184625000001 0.35886062500000004 0.66761570625 0.30400187500000003 0.6648287390625
1 0.41411 0.6655254796875 0.35886062500000004 0.667267334375 0.3532575 0.7353700921875 0.4108525 0.7336282375 0.41411 0.6655254796875
1 0.41450062499999996 0.6648287390625 0.46909875 0.6627385125 0.468838125 0.60093734375 0.41632499999999995 0.6026791984375001 0.41450062499999996 0.6648287390625
1 0.46870812500000003 0.731189640625 0.46870812500000003 0.6625647453125 0.413458125 0.6643066 0.4108525 0.7329314953125 0.46870812500000003 0.731189640625
1 0.523696875 0.660822890625 0.5220024999999999 0.5982932328125 0.46870812500000003 0.5998613203125001 0.4685775 0.6613450296875001 0.523696875 0.660822890625
1 0.523696875 0.6606482875 0.578685625 0.659254803125 0.5739943750000001 0.595855471875 0.5218725 0.597596490625 0.523696875 0.6606482875
1 0.57894625 0.65942940625 0.634065 0.659254803125 0.6268981250000001 0.59672598125 0.574125 0.5960292390624999 0.57894625 0.65942940625
1 0.633674375 0.659254803125 0.687750625 0.6585580625 0.678499375 0.5974227234375 0.6265075 0.59724895625 0.633674375 0.659254803125
1 0.6882718750000001 0.659254803125 0.74339125 0.6589064328124999 0.7311425 0.593242271875 0.67823875 0.5969005843749999 0.6882718750000001 0.659254803125
1 0.633674375 0.659254803125 0.6414925 0.7277059312499999 0.698826875 0.7277059312499999 0.6885325 0.6597777781249999 0.633674375 0.659254803125
1 0.6884025 0.65942940625 0.698956875 0.7277059312499999 0.7557699999999999 0.7271837921875 0.74339125 0.6580359234375 0.6884025 0.65942940625
1 0.579206875 0.6604745203125 0.584158125 0.7268354218749999 0.6413625 0.7259640765625 0.633283125 0.659254803125 0.579206875 0.6604745203125
1 0.5240875 0.660822890625 0.5263025 0.72875104375 0.584549375 0.7273575609375 0.57907625 0.659254803125 0.5240875 0.660822890625
1 0.468838125 0.6627385125 0.46870812500000003 0.7308412703125 0.526041875 0.7285772765625 0.5238268749999999 0.6606482875 0.468838125 0.6627385125
1 0.29527187499999996 0.7339766078125 0.285238125 0.8086975765625001 0.34635125 0.8102656640625 0.35273625000000003 0.736066834375 0.29527187499999996 0.7339766078125
1 0.353126875 0.73589223125 0.34622125000000004 0.8111361734375 0.407464375 0.8090459484375 0.4108525 0.733453634375 0.353126875 0.73589223125
1 0.407334375 0.80834920625 0.46805624999999995 0.806259815625 0.4685775 0.7306675015625 0.4108525 0.7329314953125 0.407334375 0.80834920625
1 0.46792625 0.8059114453125 0.52890875 0.8043433578125001 0.5261725 0.728054303125 0.4685775 0.7313642437500001 0.46792625 0.8059114453125
1 0.5286481249999999 0.8039949875 0.5896312499999999 0.802949875 0.584158125 0.728054303125 0.526563125 0.729099415625 0.5286481249999999 0.8039949875
1 0.589500625 0.802949875 0.649701875 0.8012080203125 0.6414925 0.72666081875 0.583506875 0.7273575609375 0.589500625 0.802949875
1 0.6417531249999999 0.7273575609375 0.649701875 0.8013826234374999 0.7097724999999999 0.8006858812500001 0.698175625 0.7275321640625 0.6417531249999999 0.7273575609375
1 0.71042375 0.80173099375 0.770625 0.8010342515625 0.7551187500000001 0.7268354218749999 0.698826875 0.7277059312499999 0.71042375 0.80173099375
1 0.710815 0.8020793656249999 0.724496875 0.8806324140624999 0.7886068749999999 0.879413534375 0.770625 0.801556390625 0.710815 0.8020793656249999
1 0.6498318750000001 0.8022531328125 0.660386875 0.8811553890624999 0.724888125 0.8809807859375001 0.71042375 0.8008596484374999 0.6498318750000001 0.8022531328125
1 0.589891875 0.80277610625 0.5967981250000001 0.8816775265624999 0.6607775 0.8809807859375001 0.64944125 0.8013826234374999 0.589891875 0.80277610625
1 0.5317756250000001 0.8835931499999999 0.59718875 0.8811553890624999 0.589370625 0.8019047625000001 0.52890875 0.8039949875 0.5317756250000001 0.8835931499999999
1 0.4685775 0.8060852125 0.46805624999999995 0.8860317453125001 0.5325575 0.8834193812500001 0.5287787500000001 0.8039949875 0.4685775 0.8060852125
1 0.407334375 0.80834920625 0.40303374999999997 0.8891670843749999 0.4685775 0.8863801171875 0.4684475 0.8059114453125 0.407334375 0.80834920625
1 0.346611875 0.8104394312500001 0.339315 0.8909089390625 0.403555 0.8888187140625 0.40707375 0.808523809375 0.346611875 0.8104394312500001
1 0.285759375 0.8104394312500001 0.274553125 0.89369590625 0.33892375 0.891431078125 0.34622125000000004 0.810787803125 0.285759375 0.8104394312500001
0 0.70699 0.3739991640625 0.32396437499999997 0.3788746859375 0.25070000000000003 0.9172548031250001 0.8168025 0.904591478125 0.70699 0.3739991640625