1 0.7035769562499999 0.4833626921875 0.6717756796875001 0.5303181640625 0.6927809359375 0.5795769703125 0.72580008125 0.5305933734375 0.7035769562499999 0.4833626921875
1 0.7033893046874999 0.48298079375 0.6975255875 0.4274785234375 0.6636828703125001 0.47528810625 0.6712127234375 0.5291724671875 0.7033893046874999 0.48298079375
1 0.69790089375 0.4282423203125 0.6894212359375 0.36992180625 0.65255798125 0.41558875625 0.6640160984375 0.47496452343750006 0.69790089375 0.4282423203125
1 0.6900569812499999 0.3707147625 0.6808772140625 0.305459815625 0.6424628593749999 0.3534784765625 0.6518915265625 0.4162359203125 0.6900569812499999 0.3707147625
1 0.6807316390625 0.3061652984375 0.6711658171875 0.23761912187499998 0.631177284375 0.28293616875 0.6429837390625 0.35353679374999997 0.6807316390625 0.3061652984375
1 0.6713534703125 0.238001021875 0.65952410625 0.1623462375 0.6160055203125 0.2079898375 0.63106241875 0.2822015296875 0.6713534703125 0.238001021875
1 0.6590032265625 0.16228791874999998 0.64592260625 0.08108141875 0.601361815625 0.126607475 0.61707736875 0.206666284375 0.6590032265625 0.16228791874999998
1 0.6321329828125 0 0.5934014734375 0.03478838125 0.601434603125 0.126254734375 0.6451835375 0.08208048125 0.6402535609375 0 0.6321329828125 0
1 0.600986509375 0.125843675 0.5920687375 0.03608186875 0.5421125640625 0.080643825 0.5527192078125001 0.173842725 0.600986509375 0.125843675
1 0.6012469484375 0.1258728328125 0.5525738062500001 0.1745473671875 0.5722487828125 0.25865836875000003 0.61671343125 0.20842998437500002 0.6012469484375 0.1258728328125
1 0.61671343125 0.20842998437500002 0.5730608125 0.2573057265625 0.590503128125 0.3328671578125 0.6312921499999999 0.2836708078125 0.61671343125 0.20842998437500002
1 0.64227520625 0.3530965765625 0.631177284375 0.28293616875 0.5899828687500001 0.332808909375 0.603569703125 0.4025261984375 0.64227520625 0.3530965765625
1 0.6425356468750001 0.3531257375 0.6030488234375 0.40246787968750003 0.6145719296875 0.46798518749999996 0.6521098890625 0.4151777 0.6425356468750001 0.3531257375
1 0.6524431140625 0.41485411718750004 0.61497794375 0.467308865625 0.6275925140624999 0.5275367453124999 0.6641309640624999 0.47569916250000005 0.6524431140625 0.41485411718750004
1 0.6638705234375 0.47567000468750004 0.62795645 0.52577304375 0.6395071453125001 0.5808293578125 0.6711399359375 0.5295252078125 0.6638705234375 0.47567000468750004
1 0.671806390625 0.5288780453124999 0.638913478125 0.58112378125 0.6575139734375 0.6330004671875 0.692562571875 0.5806351921874999 0.671806390625 0.5288780453124999
1 0.65829529375 0.63308794375 0.6386223281250001 0.5825347421875 0.602719796875 0.6351644421875 0.622622490625 0.687186921875 0.65829529375 0.63308794375
1 0.6217683859375 0.6874521875 0.602647009375 0.6355171828125 0.5618617296874999 0.6937344734375 0.58109796875 0.7464041156250001 0.6217683859375 0.6874521875
1 0.4983353984375 0.878942690625 0.47530804687500006 0.826570375 0.42705073125000004 0.9016321062499999 0.4577330921875 0.9530570328125 0.4983353984375 0.878942690625
1 0.539802559375 0.8070905187499999 0.5202757890624999 0.7558319078125 0.47571388593749997 0.8258948921875 0.49848097343750003 0.8782372109375001 0.539802559375 0.8070905187499999
1 0.56212216875 0.69376363125 0.520099678125 0.7579766671875 0.540135784375 0.8067669375 0.58091031875 0.746022215625 0.56212216875 0.69376363125
1 0.377187978125 0.9838496031249999 0.398369925 0.9862211375 0.4412036890625 0.9849519890625 0.45758751875000003 0.9537625125 0.428352928125 0.9017779000000001 0.37603581406250003 0.9836011687499999 0.377187978125 0.9838496031249999
1 0.40540973124999996 0.8515803421875001 0.3508336078125 0.9353151687500001 0.3755634609375 0.983667721875 0.3762424859375 0.9837437453125 0.42716559531250003 0.9023667453125 0.40540973124999996 0.8515803421875001
1 0.427644396875 0.9013376828125 0.47519300624999994 0.825836575 0.4571441 0.7725780859375 0.40588853281250004 0.8505512796874999 0.427644396875 0.9013376828125
1 0.47519300624999994 0.825836575 0.5196821218750001 0.7561263296875 0.5053936171875 0.704010634375 0.457289675 0.77187260625 0.47519300624999994 0.825836575
1 0.5196093359375 0.7564790703125001 0.5616318265625 0.6922660328125 0.5491964890625 0.6389142624999999 0.50479995 0.7043050562500001 0.5196093359375 0.7564790703125001
1 0.5619345171875 0.6933817328125 0.6021682078125 0.63654624375 0.5895035875 0.5817261046875 0.5491237015625 0.639267003125 0.5619345171875 0.6933817328125
1 0.60183498125 0.6368698265625 0.6386223281250001 0.5825347421875 0.6288105578125001 0.52550778125 0.589576375 0.5813733640625001 0.60183498125 0.6368698265625
1 0.5896491625 0.5810206234375 0.6278529546875 0.5275659046875 0.6146752531249999 0.466193165625 0.576337428125 0.5228800265625 0.5896491625 0.5810206234375
1 0.6154260375 0.4677199234375 0.6032364765625 0.4028497796875 0.559357075 0.45927795156249995 0.576367965625 0.5214407453125001 0.6154260375 0.4677199234375
1 0.6034241296875 0.40323167968750007 0.58976450625 0.3338671296875 0.544456671875 0.38688736874999996 0.5608355578124999 0.4572781453125 0.6034241296875 0.40323167968750007
1 0.5900977328125 0.33354355 0.5731336 0.2569529859375 0.524888759375 0.3100052859375 0.5440085796874999 0.3864763109375 0.5900977328125 0.33354355
1 0.5715402515625 0.25821815312499996 0.5523859796874999 0.1741663078125 0.5033177453125 0.22604375000000002 0.5254096406250001 0.31006360312500003 0.5715402515625 0.25821815312499996
1 0.5530946859375 0.174605684375 0.5416337625 0.0816728859375 0.4819320546875 0.1334424734375 0.5024642578125 0.22630908437500002 0.5530946859375 0.174605684375
1 0.50220381875 0.226279925 0.4817749375 0.13162129375 0.42078195156250003 0.185771678125 0.4457946328125 0.2827479609375 0.50220381875 0.226279925
1 0.5023493953125 0.2255744453125 0.444940525 0.2830132234375 0.47273014687500003 0.369114553125 0.525034334375 0.30929980625 0.5023493953125 0.2255744453125
1 0.524555534375 0.3103288671875 0.4742193765625 0.369642178125 0.495610365625 0.44672837187500003 0.5438630046874999 0.3871817921875 0.524555534375 0.3103288671875
1 0.5609083453125 0.45692540625 0.5443418078125 0.3861527296875 0.4967977 0.4461395265625 0.5154471375 0.5171454046874999 0.5609083453125 0.45692540625
1 0.5324266984375 0.5807482484375 0.5761075250000001 0.5214115859375 0.560169103125 0.4579253078125 0.5165189875 0.51582185 0.5324266984375 0.5807482484375
1 0.5898368140625 0.5814025218750001 0.5761075250000001 0.5214115859375 0.5324994859375 0.5803955078125 0.54815535 0.638797696875 0.5898368140625 0.5814025218750001
1 0.5487910953124999 0.639590653125 0.5323118328125 0.580013609375 0.4862072546875 0.645934090625 0.5054243281249999 0.7025705140625 0.5487910953124999 0.639590653125
1 0.505914496875 0.7040689515625 0.48519665156249997 0.6443782437500001 0.4352504625 0.7160028828125 0.4571441 0.7725780859375 0.505914496875 0.7040689515625
1 0.45733175312499996 0.772959984375 0.43565647656250006 0.7153265609374999 0.381609478125 0.7926263375 0.40636733437499994 0.84952221875 0.45733175312499996 0.772959984375
1 0.4060033984375 0.85128591875 0.3818278421875 0.791568115625 0.3209523515625 0.880011009375 0.350312728125 0.9352568515625 0.4060033984375 0.85128591875
1 0.38165155781250004 0.7937137171875001 0.35348569375 0.7313846796875 0.288662153125 0.8183028796875 0.32109792656249997 0.879305528125 0.38165155781250004 0.7937137171875001
1 0.38096868437500003 0.7929154828125 0.4354643953125 0.7160268359375 0.412875075 0.65143503125 0.3541942265625 0.731824896875 0.38096868437500003 0.7929154828125
1 0.4355836875 0.715679303125 0.4850933265625 0.6461702640625 0.4662898953125 0.5823640796875 0.4131048046875 0.6529043125 0.4355836875 0.715679303125
1 0.48568699375 0.6458758421875 0.532717846875 0.5793372875 0.5168522140625 0.5154982703125001 0.4672167890625 0.5817460750000001 0.48568699375 0.6458758421875
1 0.5157490359375 0.5182618734375 0.49623474375 0.44499382968749995 0.44407925 0.5131239671875 0.466841484375 0.5809822765625 0.5157490359375 0.5182618734375
1 0.41271206562499996 0.6518867968750001 0.4670459765625 0.5814270703125 0.4426506328125 0.511663096875 0.3840676609375 0.5816479593749999 0.41271206562499996 0.6518867968750001
1 0.41229394687500004 0.652292815625 0.38486536875 0.5826429328125 0.321932446875 0.6607462703125 0.353374453125 0.7303926671875 0.41229394687500004 0.652292815625
1 0.353936703125 0.730908446875 0.322023778125 0.6603036640625 0.25163015624999996 0.750252675 0.28884940625 0.817828909375 0.353936703125 0.730908446875
1 0.32198524375000004 0.6621106734375 0.28755844062499997 0.5826189375 0.2094641296875 0.6726114390625 0.2513940765625 0.7497734125 0.32198524375000004 0.6621106734375
1 0.3215322453125 0.6611207828125 0.385428203125 0.5820090859375 0.35486704687500004 0.5034175890625 0.2874681234375 0.582853715625 0.3215322453125 0.6611207828125
1 0.384611753125 0.5808436015625 0.44228110468750004 0.5114155015625 0.41769121875000004 0.43206102187499995 0.35512500625 0.5034464703125 0.384611753125 0.5808436015625
1 0.4422503390625 0.5128435875 0.49612817031249995 0.4451382828125 0.47387482812500004 0.36855100625000004 0.41703031875 0.43270279218749996 0.4422503390625 0.5128435875
1 0.473286021875 0.368843396875 0.44538821874999995 0.28374903749999997 0.3860206796875 0.3447552859375 0.4179078484375 0.4310111984375 0.473286021875 0.368843396875
1 0.445718271875 0.2834285359375 0.4207607390625 0.1879251875 0.3592555703125 0.249049559375 0.3860206796875 0.3447552859375 0.445718271875 0.2834285359375
1 0.41820775781249997 0.432118853125 0.38613489843750004 0.3454838375 0.3192079390625 0.4149495265625 0.354278240625 0.5037099781250001 0.41820775781249997 0.432118853125
1 0.35423628906250004 0.5026312046875 0.3194357546875 0.4164065640625 0.24575384374999998 0.49299109375 0.2871682125 0.5817460609375 0.35423628906250004 0.5026312046875
1 0.2878303796875 0.5836100375 0.24467990624999997 0.49430324218750005 0.1617969375 0.583459721875 0.21008201093749998 0.6722673125 0.2878303796875 0.5836100375
1 0.2452373046875 0.4929332609375 0.20463658593749998 0.3963951203125 0.11027368281250001 0.4835505390625 0.161290321875 0.5834030015625 0.2452373046875 0.4929332609375
1 0.3847711484375 0.345688603125 0.3593691671875 0.2497780421875 0.2892589015625 0.316740034375 0.3198688390625 0.4143077578125 0.3847711484375 0.345688603125
1 0.32008546875 0.41325793437499997 0.2887115984375 0.3181102890625 0.20548397187499998 0.3961316828125 0.24467864218750002 0.491797496875 0.32008546875 0.41325793437499997
0 0.6266123015625 0 0.0614514046875 0.48648881875 0.41340299687500004 0.9857757140625001 0.4259719921875 0.9854032984375 0.739274271875 0.5298721625 0.6384399859375 0 0.6266123015625 0