1 0.19203805000000002 0.663110528125 0.1848154140625 0.7208015578125 0.2433887609375 0.7481540359375 0.2546292234375 0.6880400453125 0.19203805000000002 0.663110528125
1 0.1876378921875 0.603588803125 0.19201784375 0.6633983015625 0.2535103984375 0.6873147390625001 0.25228351718750003 0.62704141875 0.1876378921875 0.603588803125
1 0.18651199999999998 0.5418772515625 0.188324546875 0.6036594015625 0.25118490000000004 0.6260283390625 0.252131990625 0.5625512484375 0.18651199999999998 0.5418772515625
1 0.186042446875 0.47650329999999996 0.1866829390625 0.5418650578124999 0.25173343593749997 0.56288845 0.254419421875 0.49484044687499995 0.186042446875 0.47650329999999996
1 0.25167880625 0.56254185625 0.32356448125 0.58447089375 0.32682761875 0.5141601437500001 0.2539119203125 0.4949249296875 0.25167880625 0.56254185625
1 0.25440326562500004 0.6875258015625 0.3217368640625 0.7144688078125 0.32119607031249997 0.6506779171875 0.252402053125 0.626366665625 0.25440326562500004 0.6875258015625
1 0.2511399515625 0.6259022390625 0.321359940625 0.6513225406250001 0.32356639062500003 0.584147125 0.2516639921875 0.5623944265625 0.2511399515625 0.6259022390625
1 0.245322065625 0.74806878125 0.312357315625 0.77774063125 0.32087105312499997 0.7130938812500001 0.25471672343749996 0.6869421953125 0.245322065625 0.74806878125
1 0.18349410625 0.4094554375 0.18524053125 0.47681361562499996 0.254246740625 0.49524821875 0.25482557968749997 0.42443483281249994 0.18349410625 0.4094554375
1 0.253668365625 0.494550046875 0.3263443203125 0.5142212359375 0.3302171 0.44118499375000003 0.255043678125 0.42430714687500004 0.253668365625 0.494550046875
1 0.1822727046875 0.33747495 0.183066471875 0.4095023765625 0.254814734375 0.42458929687499997 0.25601492187499997 0.35089606562500003 0.1822727046875 0.33747495
1 0.254911259375 0.424784146875 0.3295844953125 0.4412591328125 0.33432921718749997 0.36475261406250004 0.2566149890625 0.35128531406249996 0.254911259375 0.424784146875
1 0.18143047031249998 0.337803340625 0.2557906234375 0.351136778125 0.2551775953125 0.2734705234375 0.179930834375 0.26359382343750004 0.18143047031249998 0.337803340625
1 0.334537775 0.2843455578125 0.2551506328125 0.273953384375 0.2559870296875 0.351318015625 0.333865171875 0.3654293 0.334537775 0.2843455578125
1 0.163413178125 0.1852375265625 0.18016552187499998 0.26409496718750003 0.2544834828125 0.273654421875 0.24352395468750002 0.1913796984375 0.163413178125 0.1852375265625
1 0.25488714218749997 0.27386243125 0.3344762203125 0.284455959375 0.3315571046875 0.1979225265625 0.2447791734375 0.19138599218750002 0.25488714218749997 0.27386243125
1 0.33433163593750004 0.2846119015625 0.41952914375 0.295773446875 0.42209656874999996 0.2055872078125 0.33157557031249996 0.1987223390625 0.33433163593750004 0.2846119015625
1 0.333863975 0.3650385140625 0.41495123906250003 0.3798773921875 0.42067423125000003 0.29539558125 0.33378535 0.2844824734375 0.333863975 0.3650385140625
1 0.4144300453125 0.380589378125 0.5086552859375 0.3971345546875 0.5163615890625 0.308234346875 0.4199898359375 0.2953175140625 0.4144300453125 0.380589378125
1 0.4204305421875 0.2951338625 0.5159253921875 0.308489721875 0.514900234375 0.21285367656249998 0.4212912390625 0.2052788015625 0.4204305421875 0.2951338625
1 0.41045508125 0.46013540624999993 0.498902559375 0.480958675 0.507091796875 0.3971065453125 0.41476589218750004 0.3801936328125 0.41045508125 0.46013540624999993
1 0.3305391953125 0.4416030046875 0.41102698125000003 0.4602584390625 0.41497314531249996 0.38022040625 0.3342793296875 0.36449911562500004 0.3305391953125 0.4416030046875
1 0.32657907812500003 0.5146719421875 0.40627165937500004 0.5357171703125 0.41006729374999995 0.46080124843750003 0.33045271718749997 0.44163581093750004 0.32657907812500003 0.5146719421875
1 0.322841559375 0.584249446875 0.40028215625 0.6091027671875 0.4066861640625 0.53577071875 0.3266224625 0.5140540921875 0.322841559375 0.584249446875
1 0.4000406640625 0.6084513515625 0.4824426125 0.6366987671875 0.490777421875 0.5597208546875 0.4060644078125 0.535690396875 0.4000406640625 0.6084513515625
1 0.40669397187499995 0.5366234796875 0.490548478125 0.5600030046875 0.4998415453125 0.48127917187499997 0.41053688906249997 0.46008259531249995 0.40669397187499995 0.5366234796875
1 0.321365878125 0.7137954859375 0.3945481359375 0.744126275 0.39721455781250004 0.6793475875 0.3218171484375 0.6507555640625 0.321365878125 0.7137954859375
1 0.32162074375 0.650574328125 0.396363040625 0.6795486640624999 0.4004885390625 0.6088823765625 0.32418832656249996 0.58422488125 0.32162074375 0.650574328125
1 0.3129248796875 0.777888328125 0.3830127484375 0.8092066140625 0.394340890625 0.74320959375 0.3214972625 0.7140129468749999 0.3129248796875 0.777888328125
1 0.3834681546875 0.808430509375 0.46316954062500004 0.843982534375 0.4744105515625 0.776260403125 0.39429753125 0.7433204046874999 0.3834681546875 0.808430509375
1 0.39444365625 0.7438469703125 0.4735698359375 0.7763076609375 0.4770531546875 0.708830253125 0.39798937031250003 0.67883005 0.39444365625 0.7438469703125
1 0.3972033140625 0.678617909375 0.4764851515625 0.7084910671875 0.4821915703125 0.6361586484374999 0.40103483906250004 0.60915990625 0.3972033140625 0.678617909375
1 0.46311896093750005 0.8435782546875 0.55131729375 0.8827301921874999 0.5615199140625 0.8119138046875 0.47430313281250003 0.7758746515625 0.46311896093750005 0.8435782546875
1 0.5682623546875 0.7420667609375 0.47711903125 0.7083246062499999 0.473821228125 0.7761383546875 0.5618245390625 0.8129019203125001 0.5682623546875 0.7420667609375
1 0.48268738750000006 0.6369573921875 0.4764038359375 0.7089817828125 0.568213159375 0.74218651875 0.5772677046875 0.6668595749999999 0.48268738750000006 0.6369573921875
1 0.48279211875000005 0.6368499828124999 0.57729531875 0.66744261875 0.5865328859375001 0.58653081875 0.4911477609375 0.5595630375 0.48279211875000005 0.6368499828124999
1 0.59694444375 0.5040510078125 0.49938537812500006 0.48105273750000005 0.4913409390625 0.5600497625 0.58628986875 0.587272921875 0.59694444375 0.5040510078125
1 0.61150270625 0.41523661093750003 0.5078339125 0.396770396875 0.498952634375 0.4807769421875 0.59706421875 0.5046685921875 0.61150270625 0.41523661093750003
1 0.6229143609375 0.3224192125 0.51660454375 0.3079009734375 0.5078477109375 0.39698172187499997 0.6109433390625 0.41544179843749995 0.6229143609375 0.3224192125
1 0.515350609375 0.21296489218749998 0.5168324359375001 0.3079304140625 0.6229062875 0.3228307875 0.62436566875 0.221594834375 0.515350609375 0.21296489218749998
1 0.623503965625 0.321882275 0.741493353125 0.33760797187499997 0.7515051765625 0.23077797812499998 0.6242905265625 0.2221335609375 0.623503965625 0.321882275
1 0.6109323265625 0.415746928125 0.7250364203124999 0.4366548703125 0.7418493546875 0.33724651875 0.6226178984375 0.322155203125 0.6109323265625 0.415746928125
1 0.5968946125000001 0.5042786890625 0.7095393921875 0.5295698875 0.7248598515625 0.43651241250000006 0.6101979796875 0.41593533125000004 0.5968946125000001 0.5042786890625
1 0.5858298203125 0.5865085453125001 0.6943469109375 0.61781406875 0.7095176999999999 0.5298788140624999 0.5971114234375 0.5039839781250001 0.5858298203125 0.5865085453125001
1 0.568244115625 0.7419557515624999 0.6679279609375001 0.7807534296875 0.6806571453125 0.7007602875 0.577216546875 0.6663646796875 0.568244115625 0.7419557515624999
1 0.5781361265625 0.6666031234375 0.6802751765624999 0.7002433531250001 0.695349665625 0.6166578984375 0.5867719546875 0.58689541875 0.5781361265625 0.6666031234375
1 0.550580690625 0.8821351046875 0.6438036890625 0.92683195625 0.6575075 0.853819484375 0.5612978671875 0.811788753125 0.550580690625 0.8821351046875
1 0.561876240625 0.8124869265625 0.65747500625 0.8542822296875 0.6679594875 0.7794517421875 0.56890418125 0.742194946875 0.561876240625 0.8124869265625
1 0.644473346875 0.9271816859375 0.7469286312500001 0.978587884375 0.766478896875 0.8997876578125 0.6579807515625 0.8539879796875001 0.644473346875 0.9271816859375
1 0.65766725625 0.8541395625 0.76626084375 0.89991470625 0.7811189093750001 0.8223773828125 0.6677892453125 0.7798494796875 0.65766725625 0.8541395625
1 0.8749685828124999 1 0.8892739234375 0.9522925796875 0.7667104296875 0.89964165625 0.7464434328125 0.97773683125 0.7914918640625 1 0.8749685828124999 1
1 0.76715500625 0.899971365625 0.8892555156249999 0.9525547171875001 0.909512334375 0.87173740625 0.781700975 0.822911759375 0.76715500625 0.899971365625
1 0.681125153125 0.70026196875 0.6675947078125 0.780729134375 0.781645709375 0.8236988125 0.7989152546875 0.7398472015625 0.681125153125 0.70026196875
1 0.7815851078125 0.8225598421875 0.90984646875 0.8720457343750001 0.9310043140625 0.7841925625 0.7982801296875001 0.7394999906249999 0.7815851078125 0.8225598421875
1 0.81655135625 0.65259195625 0.6947176671874999 0.617230103125 0.6805108890625 0.7007051796875 0.797577365625 0.740462090625 0.81655135625 0.65259195625
1 0.9559705703124999 0.6931171765624999 0.8161803624999999 0.6528085453125 0.7979852640625 0.7397199453125001 0.9309522749999999 0.7860335671875001 0.9559705703124999 0.6931171765624999
1 0.7092412359375 0.5296018671875 0.6949044718749999 0.617276225 0.815178725 0.6518849546875 0.8352072093749999 0.5591187890625 0.7092412359375 0.5296018671875
1 0.8355597953125 0.5591643390625001 0.8150893203124999 0.6517246546875 0.953225309375 0.6917031703125 0.9785938265624999 0.5937991203124999 0.8355597953125 0.5591643390625001
1 0.724423703125 0.435864953125 0.7091233375 0.529031734375 0.83594474375 0.55966355 0.8556559921875 0.46129381875000003 0.724423703125 0.435864953125
1 1 0.487761871875 0.8567866109375 0.46038052656249995 0.8360401421875 0.55941718125 0.9786261406250001 0.5942534234375 1 0.5129108015625 1 0.487761871875
1 0.7409625281250001 0.3370853875 0.7250356 0.4360733453125 0.8560638453125 0.46055231562500004 0.8783874140625001 0.355368446875 0.7409625281250001 0.3370853875
1 1 0.3710790984375 0.8787529015625 0.3554156609375 0.8568050171875001 0.4601183890625 1 0.48779313281250003 1 0.3710790984375
1 0.751835534375 0.230349184375 0.74190353125 0.33633903125 0.87897583125 0.354576540625 0.896602090625 0.240310359375 0.751835534375 0.230349184375
1 1 0.2474188453125 0.896168275 0.2405194796875 0.8785460625000001 0.35506169375 1 0.37053705625 1 0.2474188453125
0 1 0.2268245171875 0.1416502859375 0.1703223859375 0.15920537343750002 0.7261832984375001 0.7320012593749999 1 0.897963071875 1 1 0.4961482484375 1 0.2268245171875