1 0.3298140625 0.1366666671875 0.26516171875 0.1378708328125 0.25644062500000003 0.1980541671875 0.3219953125 0.19885729218749998 0.3298140625 0.1366666671875
1 0.39356484375 0.13425937500000001 0.329878125 0.13592500000000002 0.32229609375 0.1972520828125 0.388753125 0.1960479171875 0.39356484375 0.13425937500000001
1 0.45581171875 0.132253125 0.39340546875000004 0.1350427078125 0.3893546875 0.1964489578125 0.45581171875 0.19444375 0.45581171875 0.132253125
1 0.45660156250000006 0.1319552078125 0.45552265625 0.193525 0.5219796875 0.192721875 0.51897265625 0.131334375 0.45660156250000006 0.1319552078125
1 0.455609375 0.1946 0.4543203125 0.2613322921875 0.52258125 0.2585229171875 0.52107734375 0.193525 0.455609375 0.1946
1 0.5214523437499999 0.1932760421875 0.5231828125 0.25892499999999996 0.592646875 0.25772083281249997 0.5878351562499999 0.19111770781249998 0.5214523437499999 0.1932760421875
1 0.58723359375 0.1923208328125 0.582121875 0.1285260421875 0.5198750000000001 0.1309333328125 0.52167890625 0.193525 0.58723359375 0.1923208328125
1 0.3229296875 0.1981291671875 0.31557890624999996 0.2641333328125 0.38534375 0.2629291671875 0.38895234375 0.1967270828125 0.3229296875 0.1981291671875
1 0.256425 0.197246875 0.24611484374999998 0.2661395828125 0.31648125 0.2649354171875 0.3236984375 0.1975291671875 0.256425 0.197246875
1 0.38893359375 0.1966791671875 0.38562578125 0.2620791671875 0.4541875 0.261678125 0.45629296874999997 0.19467395781250002 0.38893359375 0.1966791671875
1 0.5830828125 0.1298729171875 0.587709375 0.19229270781250002 0.65377109375 0.190578125 0.646059375 0.1291864578125 0.5830828125 0.1298729171875
1 0.588003125 0.1916104171875 0.5931078125 0.2571145828125 0.6614828125 0.256771875 0.654028125 0.1909208328125 0.588003125 0.1916104171875
1 0.72034609375 0.1929791671875 0.65418515625 0.1916104171875 0.6622539062499999 0.25814375 0.730628125 0.259171875 0.72034609375 0.1929791671875
1 0.64631640625 0.1285010421875 0.6545421874999999 0.1898927078125 0.7195750000000001 0.1926364578125 0.7090359375 0.1285010421875 0.64631640625 0.1285010421875
1 0.70933671875 0.12825729218749998 0.71983203125 0.1936645828125 0.78460859375 0.19400833281250002 0.77149921875 0.1315875 0.70933671875 0.12825729218749998
1 0.71951875 0.1916104171875 0.730628125 0.259171875 0.799003125 0.25985833281250004 0.7843515625 0.1943510421875 0.71951875 0.1916104171875
1 0.73054921875 0.25911249999999997 0.7421953125 0.33393958281249997 0.81416875 0.3353114578125 0.7984890625000001 0.2602010421875 0.73054921875 0.25911249999999997
1 0.661571875 0.25763125 0.6703117187500001 0.3330854171875 0.7417703125 0.33445729218750003 0.730203125 0.25900416718749997 0.661571875 0.25763125
1 0.5931968750000001 0.25831770781249996 0.59833828125 0.33205625 0.6700539062499999 0.333428125 0.6626000000000001 0.25763125 0.5931968750000001 0.25831770781249996
1 0.52340703125 0.2586541671875 0.5267484375 0.3317072921875 0.59846484375 0.330678125 0.59281015625 0.257625 0.52340703125 0.2586541671875
1 0.45426093749999996 0.2613979171875 0.4532328125 0.3344510421875 0.5259773437499999 0.3323927078125 0.52340703125 0.258996875 0.45426093749999996 0.2613979171875
1 0.38549687499999996 0.2621291671875 0.3807453125 0.3344510421875 0.45348984375 0.333421875 0.45426093749999996 0.2610552078125 0.38549687499999996 0.2621291671875
1 0.31616093749999996 0.26473854218750004 0.30772656249999997 0.3364708328125 0.3803609375 0.33453229218749997 0.38471875 0.2624291671875 0.31616093749999996 0.26473854218750004
1 0.2461515625 0.265590625 0.23451171875000001 0.3368583328125 0.3083078125 0.3368583328125 0.31528046875000004 0.2647552078125 0.2461515625 0.265590625
1 0.23400390624999998 0.3367729171875 0.22085625000000003 0.4174895828125 0.29930078125000004 0.41787708281249997 0.3085984375 0.3364708328125 0.23400390624999998 0.3367729171875
1 0.30848828125 0.3359197921875 0.29872031250000003 0.4174895828125 0.375421875 0.4155520828125 0.3800703125 0.33569583281250004 0.30848828125 0.3359197921875
1 0.38041562500000003 0.3350677078125 0.37600234375 0.41516354218749996 0.4518328125 0.4143885421875 0.45357578125 0.33220625 0.38041562500000003 0.3350677078125
1 0.45298203125000003 0.3325104171875 0.45241328125 0.4143885421875 0.5291148437500001 0.41322604218750003 0.5265 0.33259375 0.45298203125000003 0.3325104171875
1 0.5265078125 0.3308052078125 0.528209375 0.41317291718750004 0.6052015625 0.41278541718749995 0.59881015625 0.33137812499999997 0.5265078125 0.3308052078125
1 0.59851953125 0.332153125 0.6049109374999999 0.4139479171875 0.68016015625 0.41317291718750004 0.66911953125 0.33370416718749996 0.59851953125 0.332153125
1 0.6699914062500001 0.3344791671875 0.68045078125 0.41356041718750003 0.75569921875 0.4154989578125 0.74262578125 0.3344791671875 0.6699914062500001 0.3344791671875
1 0.74228984375 0.3342145828125 0.75589609375 0.4149635421875 0.83085390625 0.4145760421875 0.814875 0.3358833328125 0.74228984375 0.3342145828125
1 0.75571640625 0.41434791718749997 0.77088515625 0.5039677078125 0.8504921875000001 0.50474375 0.8307359375000001 0.4140333328125 0.75571640625 0.41434791718749997
1 0.6805921875000001 0.41306875 0.69175390625 0.503759375 0.7713609375 0.504534375 0.755671875 0.41459895781249995 0.6805921875000001 0.41306875
1 0.6052421875 0.4123208328125 0.611925 0.5022562500000001 0.69095078125 0.50380625 0.6813625 0.414646875 0.6052421875 0.4123208328125
1 0.5284140625 0.41405000000000003 0.5319 0.502434375 0.61237890625 0.502046875 0.605115625 0.41327499999999995 0.5284140625 0.41405000000000003
1 0.45234296875 0.41392083281250003 0.45134765625 0.5046083328125001 0.5312453125000001 0.5030572921875 0.5286304687500001 0.413896875 0.45234296875 0.41392083281250003
1 0.37532265625 0.41536666718750004 0.37009296875 0.5056895828125 0.45144296875 0.5049145828125 0.45202421875 0.41497916718749994 0.37532265625 0.41536666718750004
1 0.2995375 0.41733125 0.28808984375 0.5061875 0.37060234375 0.5061875 0.37554140625 0.41547708281249995 0.2995375 0.41733125
1 0.22068515625 0.417415625 0.20644921875 0.5065760421875 0.28867109375 0.5065760421875 0.2997109375 0.416640625 0.22068515625 0.417415625
1 0.20615859374999998 0.5058 0.18988828124999999 0.6085281250000001 0.27792109374999996 0.6069770828125 0.2895421875 0.5061875 0.20615859374999998 0.5058
1 0.2892515625 0.5054125 0.27763046875 0.6069770828125 0.36479140625 0.6058145828125 0.36973046875 0.5061875 0.2892515625 0.5054125
1 0.36890703125 0.5051354171875 0.36333828125 0.6062020828125 0.44991796875 0.6058145828125 0.45137109375 0.5042500000000001 0.36890703125 0.5051354171875
1 0.45195234375000004 0.5046375000000001 0.44946562500000004 0.604875 0.5350453125 0.6038760421875 0.531559375 0.5034739578125 0.45195234375000004 0.5046375000000001
1 0.53202890625 0.5039875 0.5351874999999999 0.6043947921874999 0.6199921875000001 0.6039197921875 0.612865625 0.503128125 0.53202890625 0.5039875
1 0.6124015625 0.50241875 0.6199921875000001 0.6039197921875 0.703015625 0.6048708328125 0.69161328125 0.5045552078125 0.6124015625 0.50241875
1 0.6912570312499999 0.5036041671875 0.703728125 0.6058208328125 0.7878203125 0.6058208328125 0.7703609375 0.5036041671875 0.6912570312499999 0.5036041671875
1 0.77040234375 0.5050333328125001 0.7863953125 0.6043947921874999 0.8722695312500001 0.6043947921874999 0.8498210937499999 0.5045552078125 0.77040234375 0.5050333328125001
1 0.78686953125 0.604878125 0.80670546875 0.7161208328125 0.8929359375000001 0.71421875 0.8704875 0.6034437500000001 0.78686953125 0.604878125
1 0.7029859375 0.6059249999999999 0.7171070312500001 0.7179375 0.80625625 0.7156052078124999 0.787028125 0.605403125 0.7029859375 0.6059249999999999
1 0.71666953125 0.7179375 0.7358984375000001 0.83921875 0.82898046875 0.83921875 0.8071304687499999 0.7161885421874999 0.71666953125 0.7179375
1 0.8071304687499999 0.7167708328125 0.83029140625 0.83921875 0.9211890625000001 0.8374697921875001 0.8927835937499999 0.71385625 0.8071304687499999 0.7167708328125
1 0.62028125 0.6046437499999999 0.62839453125 0.7161885421874999 0.7171070312500001 0.7167708328125 0.703559375 0.6048197921875 0.62028125 0.6046437499999999
1 0.6294171875 0.7168385421875 0.63975703125 0.840384375 0.73633515625 0.8409677078125 0.71798046875 0.7173541671875 0.6294171875 0.7168385421875
1 0.5393749999999999 0.71594375 0.5429234375 0.8434104171874999 0.6392757812500001 0.8426822921875001 0.628084375 0.71594375 0.5393749999999999 0.71594375
1 0.534734375 0.6041364578125 0.53969375 0.7160302078125 0.628903125 0.7155791671875 0.62016875 0.604865625 0.534734375 0.6041364578125
1 0.45034453125 0.6042020828125 0.44788750000000005 0.7181947921875 0.53987265625 0.7167375 0.534959375 0.6038385421875 0.45034453125 0.6042020828125
1 0.44788750000000005 0.7185583328125 0.44679609375 0.8449333328125 0.5439671875000001 0.8434760421874999 0.53932734375 0.7171020828125 0.44788750000000005 0.7185583328125
1 0.27840625 0.605509375 0.26385546875 0.719775 0.35638671875 0.71831875 0.36430234375000003 0.6057833328125 0.27840625 0.605509375
1 0.36430078125 0.6051083328125 0.3561140625 0.7186822921875 0.44809921875000003 0.7175895828125001 0.45000937499999993 0.6039625 0.36430078125 0.6051083328125
1 0.356659375 0.71831875 0.347925 0.84615 0.44700703124999996 0.8450572921875 0.44782578125 0.7179541671874999 0.356659375 0.71831875
1 0.26412890624999996 0.7201395828125 0.2485703125 0.8494270828125 0.3481984375 0.8479708328125 0.355840625 0.719046875 0.26412890624999996 0.7201395828125
1 0.26412890624999996 0.7201395828125 0.17077890625 0.7215958328125 0.14948828125 0.8494270828125 0.24829765625000003 0.8486989578124999 0.26412890624999996 0.7201395828125
1 0.19043125 0.6072395828125 0.17118828125000002 0.7216364578125 0.26494765625 0.7212322921875 0.277503125 0.6072395828125 0.19043125 0.6072395828125