1 0.30318125 0.1275583328125 0.23815781249999998 0.1303041671875 0.22457656250000002 0.1852145828125 0.29330390624999997 0.1857635421875 0.30318125 0.1275583328125
1 0.3682046875 0.1226166671875 0.30338906250000003 0.1268541671875 0.29412734375 0.1835677078125 0.36367812499999996 0.180821875 0.3682046875 0.1226166671875
1 0.43415859375 0.11998854218749999 0.3689984375 0.122084375 0.3634875 0.1794875 0.43207265625 0.1756604171875 0.43415859375 0.11998854218749999
1 0.43415859375 0.1182489578125 0.43207265625 0.1770520828125 0.5019609375 0.1749645828125 0.5003968750000001 0.1161604171875 0.43415859375 0.1182489578125
1 0.5002960937500001 0.11657604218749999 0.502121875 0.17503125 0.57018515625 0.1705083328125 0.5654914062499999 0.11309687500000001 0.5002960937500001 0.11657604218749999
1 0.56561796875 0.1130635421875 0.57109375 0.1715197921875 0.640721875 0.1669958328125 0.6326375 0.11097604218749998 0.56561796875 0.1130635421875
1 0.5715749999999999 0.1702895828125 0.57735234375 0.23275833281249997 0.6508921875 0.2313666671875 0.64124375 0.16908333281250001 0.5715749999999999 0.1702895828125
1 0.5019875 0.1746510421875 0.5045953125 0.2358895828125 0.57735234375 0.23275833281249997 0.5708328125000001 0.1711708328125 0.5019875 0.1746510421875
1 0.43241171874999995 0.1771760421875 0.4302734375 0.23948125 0.50355234375 0.23669791718750002 0.5014664062499999 0.17441562500000002 0.43241171874999995 0.1771760421875
1 0.3629734375 0.179471875 0.35735234375 0.24215833281250002 0.43141328124999995 0.2400708328125 0.43271718750000004 0.1763958328125 0.3629734375 0.179471875
1 0.2942765625 0.1831072921875 0.2843671875 0.24643437499999998 0.35764609375 0.24260625 0.3628609375 0.17997604218750002 0.2942765625 0.1831072921875
1 0.22517031250000002 0.1858916671875 0.21108828124999998 0.248521875 0.2838453125 0.2471302078125 0.2942765625 0.1841510421875 0.22517031250000002 0.1858916671875
1 0.2834921875 0.2464229171875 0.273153125 0.3146322921875 0.3506046875 0.31254479218750003 0.35790625 0.2419104171875 0.2834921875 0.2464229171875
1 0.21089765625 0.2475708328125 0.19413750000000002 0.31776354218749997 0.27263203125 0.3149802078125 0.2843671875 0.24573854218750002 0.21089765625 0.2475708328125
1 0.35764687500000003 0.24242499999999997 0.35112734375 0.31305937500000003 0.42857890625 0.3088833328125 0.43014374999999994 0.23894583281249998 0.35764687500000003 0.24242499999999997
1 0.4309765625 0.23953645781250002 0.42831796874999994 0.3088833328125 0.50603046875 0.3057520828125 0.50394375 0.23651041718750002 0.4309765625 0.23953645781250002
1 0.5771109375 0.23223958281249998 0.50299765625 0.23532812500000003 0.5059179687500001 0.3053083328125 0.58363046875 0.3032208328125 0.5771109375 0.23223958281249998
1 0.577371875 0.23189166718749998 0.5841999999999999 0.30342708281249997 0.661603125 0.3039166671875 0.6519546875 0.2304989578125 0.577371875 0.23189166718749998
1 0.7099054687499999 0.1677927078125 0.64079921875 0.1677927078125 0.65070859375 0.2314666671875 0.72503125 0.2314666671875 0.7099054687499999 0.1677927078125
1 0.63115078125 0.1107291671875 0.64106015625 0.168140625 0.7112093749999999 0.1684885421875 0.69764921875 0.11003333281250001 0.63115078125 0.1107291671875
1 0.69753984375 0.109459375 0.7104273437499999 0.168140625 0.78005546875 0.170228125 0.76388671875 0.111425 0.69753984375 0.109459375
1 0.71094921875 0.168140625 0.72503125 0.2307708328125 0.79726640625 0.2304229171875 0.7782296875 0.168140625 0.71094921875 0.168140625
1 0.7247984375 0.23111979218749998 0.73833046875 0.3041885421875 0.8155210937499999 0.30279687499999997 0.796484375 0.23111874999999998 0.7247984375 0.23111979218749998
1 0.6516296875 0.23111979218749998 0.66121640625 0.30256249999999996 0.73814609375 0.3032583328125 0.7240640625 0.22984166718750002 0.6516296875 0.23111979218749998
1 0.66053671875 0.303475 0.6727937500000001 0.3831552078125 0.75624296875 0.3838510421875 0.73798828125 0.30451875 0.66053671875 0.303475
1 0.7387703125 0.3052145828125 0.7549390625 0.38176354218749997 0.8381273437500001 0.381415625 0.8162218749999999 0.30138750000000003 0.7387703125 0.3052145828125
1 0.7567109375000001 0.38386875 0.7754875 0.47363958281249996 0.8633703125000001 0.47085625000000003 0.83859609375 0.3807375 0.7567109375000001 0.38386875
1 0.67307421875 0.3831270828125 0.6871562499999999 0.47533333281249995 0.77660390625 0.4739416671875 0.75548046875 0.383475 0.67307421875 0.3831270828125
1 0.59210859375 0.3828947921875 0.59993203125 0.4740572921875 0.6883359375 0.47649270781249997 0.6737320312499999 0.38324270781249997 0.59210859375 0.3828947921875
1 0.5058671875 0.3057229171875 0.50779765625 0.3853052078125 0.5928117187499999 0.3842614578125 0.583684375 0.30249375 0.5058671875 0.3057229171875
1 0.5841999999999999 0.3022802078125 0.5928117187499999 0.383565625 0.673653125 0.38217395781249996 0.6611359375 0.3042333328125 0.5841999999999999 0.3022802078125
1 0.4278203125 0.3091666671875 0.42475546875000003 0.38716875 0.5074226562499999 0.38508125 0.505596875 0.3054010421875 0.4278203125 0.3091666671875
1 0.350921875 0.3129916671875 0.34287109375 0.390996875 0.4255375 0.38925624999999997 0.427884375 0.3078364578125 0.350921875 0.3129916671875
1 0.27287578125 0.314521875 0.26080390625 0.3945020828125 0.34321015625 0.390675 0.3505125 0.3120385421875 0.27287578125 0.314521875
1 0.19396796875 0.3175833328125 0.17546796874999998 0.3934239578125 0.26048203124999997 0.394815625 0.27326015625 0.3144395828125 0.19396796875 0.3175833328125
1 0.17589140625 0.393334375 0.15538749999999998 0.4852822921875 0.2461390625 0.48493437500000003 0.26022109375 0.394815625 0.17589140625 0.393334375
1 0.26025 0.393334375 0.24666015625 0.4852822921875 0.33428203125 0.4811072921875 0.34393125 0.389596875 0.26025 0.393334375
1 0.3437484375 0.3895083328125 0.3337609375 0.48249895781249996 0.4232078125 0.47901875 0.42503359375 0.3864645828125 0.3437484375 0.3895083328125
1 0.42523828124999996 0.3872125 0.42332578125 0.4789333328125 0.5106867187499999 0.4764979171875 0.5091218750000001 0.38603125 0.42523828124999996 0.3872125
1 0.50844921875 0.38530000000000003 0.5117296875 0.4754541671875 0.59987265625 0.4744104171875 0.5912671875 0.3846395828125 0.50844921875 0.38530000000000003
1 0.6001140625 0.47426562499999997 0.6097625 0.5793458328125001 0.70338203125 0.5800416671875 0.6877359375000001 0.4760052078125 0.6001140625 0.47426562499999997
1 0.68807109375 0.47520625 0.70338203125 0.5793458328125001 0.79908828125 0.5783020828125001 0.77640078125 0.4728739578125 0.68807109375 0.47520625
1 0.77602890625 0.4739104171875 0.797934375 0.5796875 0.89311875 0.5755114578125 0.86495390625 0.4707791671875 0.77602890625 0.4739104171875
1 0.70385234375 0.580415625 0.7233234375 0.7000531249999999 0.82528828125 0.6986614578125 0.797384375 0.578271875 0.70385234375 0.580415625
1 0.79825390625 0.5788854171875 0.82476640625 0.6976177078125 0.9249054687499999 0.6941385421875 0.8920476562499999 0.5747916671875 0.79825390625 0.5788854171875
1 0.6216890625 0.7011645828125 0.63572890625 0.8385447921875 0.74851484375 0.836615625 0.72321015625 0.700115625 0.6216890625 0.7011645828125
1 0.7224875 0.6991510421875 0.7477921875 0.8370979171874999 0.8584093749999999 0.8342041671875 0.82406796875 0.6977041671875 0.7224875 0.6991510421875
1 0.8253390625 0.6979822921875 0.8576867187499999 0.833721875 0.9646890625 0.8327572921874999 0.92564765625 0.69288125 0.8253390625 0.6979822921875
1 0.41871093750000005 0.5813895828125 0.41615156249999996 0.7034854171875 0.517290625 0.7010208328124999 0.51451953125 0.5790145828125 0.41871093750000005 0.5813895828125
1 0.42400234374999995 0.48103958281250003 0.41892265625 0.5808635421874999 0.5140578125 0.580246875 0.51267265625 0.47549374999999994 0.42400234374999995 0.48103958281250003
1 0.51119296875 0.47705104218749994 0.51544375 0.5796302078125 0.60965546875 0.5790145828125 0.60041875 0.4761104171875 0.51119296875 0.47705104218749994
1 0.5152578125 0.5786791671875 0.5186765624999999 0.7016375 0.6225867187499999 0.7004052078125 0.60965546875 0.577165625 0.5152578125 0.5786791671875
1 0.61028046875 0.5793572921875 0.6225867187499999 0.7010208328124999 0.72372578125 0.7016375 0.70294375 0.580246875 0.61028046875 0.5793572921875
1 0.51881484375 0.7019895828125 0.5228328125 0.8402802078124999 0.63736484375 0.8384322921875 0.62212421875 0.699171875 0.51881484375 0.7019895828125
1 0.228934375 0.587696875 0.207228125 0.7103197921875 0.31298593750000003 0.70600625 0.32499296875 0.5833833328125 0.228934375 0.587696875
1 0.24555937499999997 0.4847927078125 0.22801015625 0.5870802078125 0.32453125 0.5852322921875001 0.335153125 0.4817114578125 0.24555937499999997 0.4847927078125
1 0.3348671875 0.481115625 0.32406953125000004 0.5852322921875001 0.41828125 0.5833833328125 0.42243828125 0.4810947921875 0.3348671875 0.481115625
1 0.32453125 0.584615625 0.31252421875 0.7072385421875 0.4155109375 0.7023083328124999 0.41920546875 0.5833833328125 0.32453125 0.584615625
1 0.31250859375 0.7060541671875 0.29728359375 0.8471145828125 0.41135390625 0.8440333328125 0.41689609375 0.7041572921875 0.31250859375 0.7060541671875
1 0.2107953125 0.7085322921875 0.10411484374999999 0.7097645828125 0.06993984375 0.8508729171875 0.18262421874999998 0.8508729171875 0.2107953125 0.7085322921875
1 0.22880703125 0.58960625 0.13367109375 0.58960625 0.1045765625 0.7116135421875 0.20710078125 0.7091479171875 0.22880703125 0.58960625
1 0.1554921875 0.4858583328125 0.13043828125 0.592071875 0.2278828125 0.5902229171875 0.24589453125 0.483621875 0.1554921875 0.4858583328125
1 0.20833906249999998 0.7101197921875 0.182296875 0.8484208328125 0.29867656249999996 0.8465718750000001 0.31253125000000004 0.704846875 0.20833906249999998 0.7101197921875
1 0.41616953125 0.7026666671874999 0.4106109375 0.8431291671875 0.52514296875 0.8400479171875 0.52006328125 0.7007875 0.41616953125 0.7026666671874999