1 0.254935821875 0.9773711578125001 0.3700504140625 0.934615153125 0.35283521093750003 0.793107759375 0.2490757640625 0.8347337093749999 0.254935821875 0.9773711578125001
1 0.205521521875 0.9984227484374999 0.25515061562499997 0.9789828609375 0.2484741859375 0.8336269 0.1448160046875 0.8725996046875 0.1394719 0.9989120046875 0.205521521875 0.9984227484374999
1 0.1481958859375 0.7499570875 0.14536275625 0.8736140734375001 0.24891791093750001 0.8335613203125 0.2444678703125 0.7138199125 0.1481958859375 0.7499570875
1 0.24445665156250002 0.7130735796875001 0.2489221796875 0.8329131390625 0.352635971875 0.794032659375 0.3396565046875 0.6798293078125 0.24445665156250002 0.7130735796875001
1 0.339071725 0.679920009375 0.352635971875 0.794032659375 0.453528496875 0.75556915 0.4307938875 0.646645825 0.339071725 0.679920009375
1 0.45475351875000003 0.756971703125 0.483673915625 0.8907235203124999 0.5912026234375001 0.8496357703124999 0.552132565625 0.7237056281250001 0.45475351875000003 0.756971703125
1 0.3698401953125 0.933838390625 0.48433639375000004 0.8895303328124999 0.452953428125 0.756430984375 0.3524369734375 0.79400223125 0.3698401953125 0.933838390625
1 0.4299632921875 0.6479439984375001 0.45364746875 0.75782225625 0.5522922515625 0.724073121875 0.5204357890625 0.6181809390625 0.4299632921875 0.6479439984375001
1 0.4114627125 0.5553743515625 0.43138731406249997 0.6493769828125 0.5205144171875 0.6187709171875 0.49309172187500006 0.52961749375 0.4114627125 0.5553743515625
1 0.3396003953125 0.6813164890625 0.431401546875 0.646937490625 0.4113974171875 0.554908490625 0.3269746734375 0.5843288078125 0.3396003953125 0.6813164890625
1 0.33885414687500004 0.6802257171874999 0.326752225 0.5841404921875 0.32638540312500003 0.5844159 0.24147503593750003 0.6141743578125001 0.2440886359375 0.7126417734375 0.33885414687500004 0.6802257171874999
1 0.151937884375 0.6430159234375 0.1491530578125 0.748284375 0.2443828796875 0.7125982859375 0.2412503421875 0.6143785359375 0.151937884375 0.6430159234375
1 0.3059753453125 0.42968707031250003 0.31471640624999997 0.5020351062499999 0.39481761875 0.47899059375 0.379034296875 0.4087540625 0.3059753453125 0.42968707031250003
1 0.315201075 0.501163121875 0.32604838125 0.5848065796874999 0.41106335312500003 0.555833015625 0.3941260875 0.47737134374999995 0.315201075 0.501163121875
1 0.394531909375 0.47767147187500003 0.41162835781249996 0.5563885109375 0.49307725468749997 0.5299423390625 0.4703895125 0.45465894999999995 0.394531909375 0.47767147187500003
1 0.378633084375 0.40903027812500004 0.3941768859375 0.477583959375 0.47018308906249995 0.45496407968749997 0.450331771875 0.3882021390625 0.378633084375 0.40903027812500004
1 0.36623315624999997 0.3498181375 0.37922285312500004 0.4098919953125 0.450383134375 0.3883046078125 0.43277014999999996 0.3327095765625 0.36623315624999997 0.3498181375
1 0.241161071875 0.6142143484375 0.32696810625 0.585116240625 0.3143878828125 0.5016166984375 0.23647660625000003 0.526935225 0.241161071875 0.6142143484375
1 0.154365984375 0.5529609453125001 0.1515838640625 0.6434475843749999 0.24012187499999998 0.6135259093750001 0.2359445484375 0.5257059421875 0.154365984375 0.5529609453125001
1 0.154877678125 0.4770591265625 0.15400176875 0.5533161078125 0.23653949375 0.5280030390625 0.23177127031250003 0.45236331406249997 0.154877678125 0.4770591265625
1 0.23653949375 0.5280030390625 0.315504553125 0.50289849375 0.3059310921875 0.43106457656249997 0.23232149375 0.45313897968749994 0.23653949375 0.5280030390625
1 0.29108871718749996 0.31468740781250004 0.29795174062499996 0.36914532499999997 0.3670332890625 0.3502598078125 0.35554332187500004 0.29834502500000004 0.29108871718749996 0.31468740781250004
1 0.297917384375 0.3688875359375 0.3056865375 0.4316253828125 0.37945405 0.4094175796875 0.36578659999999996 0.34915217187500003 0.297917384375 0.3688875359375
1 0.23246515156249997 0.4534885390625 0.3066197390625 0.43122352812500003 0.298054809375 0.36991868906250003 0.2286893875 0.389635825 0.23246515156249997 0.4534885390625
1 0.15573831875 0.47751536562499997 0.23200122343750001 0.453884084375 0.228208915625 0.38988315 0.1570319890625 0.408781290625 0.15573831875 0.47751536562499997
1 0.2286097265625 0.3911329 0.2988539453125 0.370810371875 0.2906960953125 0.3156601234375 0.22515661874999998 0.33481180781250003 0.2286097265625 0.3911329
1 0.22217655 0.2844720671875 0.22525911875000001 0.3343649609375 0.2909495703125 0.31514821875 0.28430546875 0.2677264828125 0.22217655 0.2844720671875
1 0.159365215625 0.3021829734375 0.157126690625 0.3535098421875 0.22597944062500003 0.3349060484375 0.2221727328125 0.2846842046875 0.159365215625 0.3021829734375
1 0.15749126093750002 0.35259149375 0.1555668546875 0.4099232046875 0.22839424218749999 0.39073198124999997 0.22525730624999998 0.3345981734375 0.15749126093750002 0.35259149375
1 0.3454852109375 0.25288217031250004 0.3557794421875 0.2987984609375 0.41890428437500005 0.2831088859375 0.40438841875 0.2383465375 0.3454852109375 0.25288217031250004
1 0.2845616078125 0.267186403125 0.291233809375 0.3157580328125 0.35549312187500004 0.29963578750000003 0.3454852109375 0.25288217031250004 0.2845616078125 0.267186403125
1 0.355036534375 0.298864446875 0.365792265625 0.3501397515625 0.43398175156249996 0.33309043437499997 0.41843180156250004 0.28291050625 0.355036534375 0.298864446875
1 0.6001593875 0.24441982968749998 0.6574407796874999 0.21939446562499998 0.6303436703124999 0.180003915625 0.577052509375 0.204438478125 0.6001593875 0.24441982968749998
1 0.5766932921875 0.20335034375 0.52024844375 0.210550284375 0.541072275 0.25429486562500003 0.600369446875 0.24438878437499997 0.5763104593749999 0.20369223125000002 0.5766932921875 0.20335034375
1 0.4807904953125 0.2680575796875 0.540120025 0.253578615625 0.5202311500000001 0.21093217812499998 0.46409330468750004 0.22313249375000002 0.4807904953125 0.2680575796875
1 0.404599615625 0.2382277015625 0.41870149687499997 0.2829657484375 0.48009434687499997 0.2678965328125 0.463378190625 0.224671121875 0.404599615625 0.2382277015625
1 0.479254103125 0.26802071562499996 0.49888248125 0.3156530921875 0.5642057234375 0.301145278125 0.5407597453124999 0.2537918171875 0.479254103125 0.26802071562499996
1 0.41780011562499997 0.2827335203125 0.43408054218750003 0.33257361093750004 0.4994515265625 0.3152035421875 0.480145215625 0.268380553125 0.41780011562499997 0.2827335203125
1 0.433247146875 0.3328153921875 0.4505008859375 0.3889112453125 0.5210260640625 0.36969162187500004 0.499323096875 0.3150344578125 0.433247146875 0.3328153921875
1 0.4998943484375 0.313843 0.519870446875 0.3701883265625 0.58921210625 0.353098021875 0.5629313 0.299901759375 0.4998943484375 0.313843
1 0.450570596875 0.38759836718749996 0.47031548437500004 0.45505457343750005 0.545549896875 0.4344871296875 0.521068659375 0.3700112390625 0.450570596875 0.38759836718749996
1 0.5998494609375 0.2446526328125 0.625611765625 0.289269109375 0.6879293796875 0.2661921953125 0.6570009578125 0.21863453906250002 0.5998494609375 0.2446526328125
1 0.5410701421875 0.2542909078125 0.56309951875 0.3010736859375 0.6254779171875 0.28819255 0.5993666234374999 0.24393112343749998 0.5410701421875 0.2542909078125
1 0.6260054687500001 0.2890388859375 0.6542506312499999 0.3396442125 0.72074098125 0.3146009984375 0.6879049671875 0.265503375 0.6260054687500001 0.2890388859375
1 0.5619299265625 0.3007913375 0.589012465625 0.3541041921875 0.6563688 0.33983872656249997 0.62546574375 0.28867306406250004 0.5619299265625 0.3007913375
1 0.65420846875 0.3395264921875 0.6889959140624999 0.3972229296875 0.7601834328125 0.37012735625 0.720799628125 0.313825103125 0.65420846875 0.3395264921875
1 0.589378190625 0.35571068281249996 0.619183215625 0.41388490312500004 0.6903344515625001 0.397996425 0.6549834265625 0.3388883625 0.589378190625 0.35571068281249996
1 0.519688728125 0.37011901406250003 0.544997071875 0.43369795624999996 0.6188791859375 0.4148060578125 0.5889304875 0.354211409375 0.519688728125 0.37011901406250003
1 0.47138536093749994 0.45458870625000003 0.49375911875 0.53091119375 0.5735118031249999 0.5055705609375 0.5457354296875 0.43265277187500006 0.47138536093749994 0.45458870625000003
1 0.5453925765625 0.43382436562500004 0.573966325 0.5051646515625 0.6527990796875 0.4843645890625 0.6186804890625 0.41330310781249996 0.5453925765625 0.43382436562500004
1 0.6175090953125 0.41446999375000004 0.65222754375 0.484223590625 0.7286557859375 0.46445744062500005 0.6903748843749999 0.39658422187500003 0.6175090953125 0.41446999375000004
1 0.6892138859375 0.397425796875 0.7274679671875 0.4641286328125 0.804884775 0.43620750781249995 0.7598317171875 0.369221909375 0.6892138859375 0.397425796875
1 0.72791805 0.46318375468750006 0.77444939375 0.54155651875 0.8561628703125 0.51188265625 0.8047590734375 0.43657657343749995 0.72791805 0.46318375468750006
1 0.6524259531250001 0.484508425 0.6923587234374999 0.56620298125 0.774685440625 0.5411305390625001 0.7277834484375 0.464376928125 0.6524259531250001 0.484508425
1 0.5743454640625 0.5062156453125 0.6083892343749999 0.589952775 0.6920204453125 0.5658618828125 0.651830703125 0.48476737031250006 0.5743454640625 0.5062156453125
1 0.5743211984375 0.506743896875 0.4937694125 0.5303924875 0.5198637781250001 0.61832531875 0.607944825 0.5920177343749999 0.5743211984375 0.506743896875
1 0.5198232765624999 0.6180214203125 0.5530763249999999 0.7231301718750001 0.6485506078125 0.6914033046875 0.6083529421875 0.5906676640625 0.5198232765624999 0.6180214203125
1 0.5537171812499999 0.7236167546875001 0.5922071812499999 0.850359246875 0.698542515625 0.8124345015625 0.6481792734375 0.6912295140625 0.5537171812499999 0.7236167546875001
1 0.6480653953125 0.6917475 0.6990837359375 0.8129379453125001 0.8008912546875001 0.77808344375 0.7408452109375 0.6630624796875 0.6480653953125 0.6917475
1 0.8000788 0.7809443796875 0.8970551499999999 0.7436153078125 0.8316352218749999 0.6330633578125 0.7411394265625 0.6626214921875 0.8000788 0.7809443796875
1 0.8972846703125 0.744392425 0.9911483437499999 0.708682778125 0.9176347765624999 0.6020689515625001 0.8322180609375 0.63478201875 0.8972846703125 0.744392425
1 0.774426340625 0.5428763937500001 0.83280385 0.6342594703125 0.9185422046875 0.6014977984375001 0.8565120500000001 0.5122574046875 0.774426340625 0.5428763937500001
1 0.6919315703125 0.565550178125 0.7400684375 0.6636869875 0.830762084375 0.633687146875 0.7740843890625 0.540286515625 0.6919315703125 0.565550178125
1 0.6077574968749999 0.5928393640625 0.648712003125 0.6911636031249999 0.7395191046875 0.6620210765625 0.691405625 0.566431465625 0.6077574968749999 0.5928393640625