1 0.5731209703125 0.525689603125 0.48421288437500004 0.5320861859375 0.4892481125 0.5719311984375001 0.584662740625 0.5656559640625 0.5731209703125 0.525689603125
1 0.249322453125 0.4562444265625 0.18027205625 0.44587729375 0.16236346875000002 0.475429240625 0.23952475781250002 0.485197190625 0.249322453125 0.4562444265625
1 0.324645296875 0.44913313125 0.249829 0.45620700625 0.24053872968749998 0.48512228437499993 0.31941091093749996 0.47774878281250005 0.324645296875 0.44913313125
1 0.397941075 0.44217158124999995 0.32656664375 0.44821774999999997 0.3193576609375 0.47736633125 0.3977478734375 0.473894975 0.397941075 0.44217158124999995
1 0.4730408578125 0.437038159375 0.3977954078125 0.44259685312499997 0.3976190765625 0.47275336718750005 0.47602737656249994 0.46634159531249997 0.4730408578125 0.437038159375
1 0.5541937109374999 0.46015395000000003 0.5472608015625 0.43196839374999996 0.4730408578125 0.437038159375 0.4757285609375 0.4661574203125 0.5541937109374999 0.46015395000000003
1 0.621537596875 0.42730693124999997 0.5478308890625 0.43213253125 0.554734496875 0.460114 0.6337555390625 0.45613465625 0.621537596875 0.42730693124999997
1 0.69508770625 0.42331857656249994 0.622079259375 0.4272669171875 0.6336701703125 0.45552154062500005 0.7118213390625 0.4511932859375 0.69508770625 0.42331857656249994
1 0.77120318125 0.41418599062499994 0.6948457375 0.42354270312500003 0.712932303125 0.45131813593750003 0.79003150625 0.4394282609375 0.77120318125 0.41418599062499994
1 0.16333754843749998 0.47519522812500004 0.1452389140625 0.5101853562499999 0.229386334375 0.5155311593749999 0.240503565625 0.48539206874999996 0.16333754843749998 0.47519522812500004
1 0.24131562031249998 0.4853320796875 0.2284461984375 0.5166332078125 0.312424996875 0.5089835734375 0.3186558546875 0.4771416109375 0.24131562031249998 0.4853320796875
1 0.3993285546875 0.47324650312500005 0.31901161562499997 0.477734753125 0.311341671875 0.509063603125 0.39653103437500004 0.504216078125 0.3993285546875 0.47324650312500005
1 0.396755284375 0.503851965625 0.48057128281250006 0.49735811874999997 0.47501813281249994 0.4660873546875 0.396469540625 0.47309677343749995 0.396755284375 0.503851965625
1 0.48100883593750005 0.49762780624999997 0.5634716109375 0.49002722031249996 0.5544001187500001 0.459317715625 0.475497215625 0.466655315625 0.48100883593750005 0.49762780624999997
1 0.5639922265624999 0.4908934546875 0.6480577765625 0.48619189531250007 0.633843653125 0.45586296875 0.55421299375 0.46084025312500004 0.5639922265624999 0.4908934546875
1 0.6480993984375 0.4864908328125 0.7326431546875 0.48235729843749997 0.711851596875 0.4507035484375 0.6334901296875 0.45619042500000007 0.6480993984375 0.4864908328125
1 0.7326015328125 0.4820583625 0.8144821437499999 0.470276653125 0.7908801671875 0.43852917812500003 0.7127257359375 0.451242321875 0.7326015328125 0.4820583625
1 0.230226959375 0.5161541078125 0.146974984375 0.5123472984374999 0.12506701874999998 0.5501722015625 0.214730909375 0.5541086875000001 0.230226959375 0.5161541078125
1 0.2154387421875 0.5534530453125 0.3043143078125 0.5459820734374999 0.3120234328125 0.509507440625 0.2270205171875 0.5160889703125 0.2154387421875 0.5534530453125
1 0.305275478125 0.5458400859375 0.39449972187500004 0.539045146875 0.3961089828125 0.5040704703125 0.3125674390625 0.5090192578125 0.305275478125 0.5458400859375
1 0.3947384546875 0.5388232687500001 0.4848213 0.532372715625 0.48038276093750004 0.496622040625 0.3966998265625 0.5044346375 0.3947384546875 0.5388232687500001
1 0.4842866609375 0.5324122124999999 0.57410165625 0.5259807750000001 0.5637285109375 0.4902606984375 0.48020014062499994 0.49724691875 0.4842866609375 0.5324122124999999
1 0.5746082390625 0.5257397796875 0.6643240890625 0.5205391125000001 0.6481568046875 0.4858584625 0.5639673375 0.490039484375 0.5746082390625 0.5257397796875
1 0.6476502234375 0.486099459375 0.664029059375 0.5203566671875001 0.7531400578125 0.5166277 0.732190834375 0.48250388437499997 0.6476502234375 0.486099459375
1 0.753702753125 0.5167897046875 0.8449242124999999 0.5088280187499999 0.8143700140625001 0.46970703125 0.7316281375 0.4823418796875 0.753702753125 0.5167897046875
1 0.7800377953125001 0.55663019375 0.8771103828125 0.5480320187500001 0.843363325 0.5073127390625001 0.75391343125 0.516366325 0.7800377953125001 0.55663019375
1 0.5856977140625 0.5646681171875 0.6834023734375 0.558673040625 0.66378945 0.520578609375 0.5740736 0.5257792765625 0.5856977140625 0.5646681171875
1 0.684260096875 0.55901749375 0.780347709375 0.554976709375 0.7539415796875 0.5165684890625 0.664029059375 0.5203566671875001 0.684260096875 0.55901749375
1 0.39242515 0.5803729843750001 0.48875154218750005 0.5722377484375001 0.4834289359375 0.5320677593750001 0.394766603125 0.53902543125 0.39242515 0.5803729843750001
1 0.29622429375000003 0.5874797421875 0.39298696718750004 0.5805350546875 0.3946823421875 0.5384202671875 0.30414999531250003 0.5455154156249999 0.29622429375000003 0.5874797421875
1 0.200361359375 0.5970070859375001 0.2956905328125 0.5875191734375 0.30471278281249997 0.5456780828125 0.21524980781249997 0.5526949 0.200361359375 0.5970070859375001
1 0.1041912921875 0.5965700078125 0.200361359375 0.5970070859375001 0.21557279999999998 0.553078184375 0.12545058125 0.54954453125 0.1041912921875 0.5965700078125
1 0.075489984375 0.650259803125 0.1817884375 0.645872515625 0.2008679421875 0.5967660921875 0.1019684734375 0.5961228296875001 0.075489984375 0.650259803125
1 0.182378403125 0.6462367484375 0.2855839765625 0.6351470984375001 0.29518395000000003 0.5877601703125 0.20006642187499998 0.5968253031249999 0.182378403125 0.6462367484375
1 0.2851055421875 0.6355902578125 0.389828090625 0.627649725 0.39194662187499996 0.5808154812499999 0.29545082968749997 0.5877404546875 0.2851055421875 0.6355902578125
1 0.389828090625 0.627649725 0.494847471875 0.6160189359375 0.4880773171875 0.5712683546874999 0.3921854484375 0.580594265625 0.389828090625 0.627649725
1 0.4953119015625 0.617411646875 0.5992891328125001 0.6099339875 0.585317546875 0.563880571875 0.48863913437499995 0.5714304234375 0.4953119015625 0.617411646875
1 0.599613096875 0.6103178687499999 0.7061643828124999 0.6038734984375 0.6831354921874999 0.5586927562499999 0.5859645953125 0.5646484015625 0.599613096875 0.6103178687499999
1 0.706487375 0.6042567828125 0.8105208546875 0.6010560218750001 0.7788842578125 0.556104021875 0.6834023734375 0.558673040625 0.706487375 0.6042567828125
1 0.810999290625 0.6006128640624999 0.915075809375 0.5880325265625 0.8756899625000001 0.5475255640625 0.779418896875 0.5560645265625 0.810999290625 0.6006128640624999
1 0.8110274390625 0.6008150265625 0.8473880125000001 0.6525524640625 0.961886884375 0.635328946875 0.9162715046875001 0.5869249937500001 0.8110274390625 0.6008150265625
1 0.7053347125 0.6037305484375 0.730401159375 0.6577293484375 0.8478375125 0.6519078703125001 0.8107034750000001 0.6004311437500001 0.7053347125 0.6037305484375
1 0.6004146171875 0.6102586578125 0.6156222421875001 0.6651893421875 0.73173731875 0.657630640625 0.7056297421875 0.6039129953125 0.6004146171875 0.6102586578125
1 0.494031946875 0.617914015625 0.5014052328124999 0.67281206875 0.6166906421875 0.665110415625 0.60003445 0.6094711125 0.494031946875 0.617914015625
1 0.3903066171875 0.627207228125 0.3866964765625 0.6827124312499999 0.5013490296875001 0.67240840625 0.4941583609375 0.6168854734375 0.3903066171875 0.627207228125
1 0.2842197609375 0.6350443078125 0.2729017421875 0.69336156875 0.3862742453125 0.6835592515625 0.38971577343749997 0.6268430609375 0.2842197609375 0.6350443078125
1 0.183152653125 0.6459753078125 0.158993628125 0.703202784375 0.2732950375 0.6923133124999999 0.2846692609375 0.6343997124999999 0.183152653125 0.6459753078125
1 0.07605277187500001 0.6504224703125 0.0431893890625 0.7052353640625 0.15907788750000001 0.703807946875 0.1815768828125 0.646295959375 0.07605277187500001 0.6504224703125
1 0.15859945312499998 0.70425110625 0.0442577921875 0.7051564375 0.027286981249999998 0.7309395015625 0.0323942625 0.7676201828125 0.132639 0.7718036875000001 0.15859945312499998 0.70425110625
1 0.1324001734375 0.7720249031249999 0.2567438140625 0.7595779390625 0.2719307296875 0.6922098578125 0.1583045171875 0.704069321875 0.1324001734375 0.7720249031249999
1 0.2558860875 0.7592334890625 0.3824648390625 0.7492712015625 0.38595116093750004 0.68317530625 0.2703558390625 0.6925304437500001 0.2558860875 0.7592334890625
1 0.38160711406250003 0.7489267500000001 0.5081586875 0.7387628984375 0.5011102046875 0.6726296203125 0.3850934359375 0.682830853125 0.38160711406250003 0.7489267500000001
1 0.50842556875 0.7387431828125 0.634822578125 0.7294057078125 0.6150313984375 0.664825175 0.5009275828125 0.6732544984375 0.50842556875 0.7387431828125
1 0.635680209375 0.729749496875 0.763116684375 0.720131659375 0.73058378125 0.65710446875 0.6160997984375001 0.6647462484375 0.635680209375 0.729749496875
1 0.76377861875 0.7190635578125 0.8911307828125 0.7127131296875 0.846501353125 0.652006578125 0.7324404796875 0.6588014703125 0.76377861875 0.7190635578125
1 1 0.6760653875 0.961409328125 0.635772040625 0.846417 0.6514007515625 0.8919603593750001 0.71285541875 1 0.6999050796875 1 0.6760653875
1 1 0.699623 0.8915381281249999 0.713702240625 0.9463888828125 0.787718296875 1 0.783376171875 1 0.699623
1 0.76252671875 0.719767428125 0.8011749859374999 0.7976302203125 0.946093946875 0.7875365109375 0.890919228125 0.7131365749999999 0.76252671875 0.719767428125
1 0.635624096875 0.7293464968750001 0.659377940625 0.806882584375 0.801034521875 0.796621396875 0.7633844437499999 0.7201118796875 0.635624096875 0.7293464968750001
1 0.5085098296874999 0.7393483453125 0.51751146875 0.8175664250000001 0.6601803375 0.8068233078124999 0.6358628296875 0.7291246171875 0.5085098296874999 0.7393483453125
1 0.3821136984375 0.7486857546875 0.3770646296875 0.8287574484375 0.518397340625 0.8181130390625 0.5078065765625001 0.7381768515625 0.3821136984375 0.7486857546875
1 0.25582988281249996 0.7588298250000001 0.2360690546875 0.841823171875 0.377148890625 0.8293626109375 0.3826483375 0.7486462578124999 0.25582988281249996 0.7588298250000001
1 0.1329628703125 0.77218690625 0.0969434 0.8547507578125 0.236659021875 0.8421874046875001 0.256096765625 0.7588101093749999 0.1329628703125 0.77218690625
1 0.044474320312499996 0.85437959375 0.0953123046875 0.8546676796874999 0.13203405625 0.773274725 0.0325466265625 0.7687144609375001 0.044474320312499996 0.85437959375
0 1 0.705569328125 0.7904869953125 0.39416063281249997 0.161358615625 0.434547196875 0.03708565 0.8013138984375001 0.046558460937500004 0.8693479671875 1 0.79891326875 1 0.705569328125