1 0.8065402031250001 0.190219834375 0.8032286375 0.309968609375 0.9539573140625001 0.28523036562500004 0.95413980625 0.153406128125 0.8065402031250001 0.190219834375
1 0.8051852328125 0.1899307484375 0.9558635921875 0.153143721875 0.9560232281250001 0.14488731875 0.931472278125 0.027972437500000003 0.8058305234375001 0.07108408125 0.8051852328125 0.1899307484375
1 0.6815555890625 0.2217985625 0.8052856734375 0.190409059375 0.8070707015625 0.0713442578125 0.6820952499999999 0.11143793906249999 0.6815555890625 0.2217985625
1 0.68279549375 0.330394359375 0.804096275 0.309484709375 0.8046265937499999 0.190608284375 0.68079061875 0.22201128125 0.68279549375 0.330394359375
1 0.6833307609375 0.4345605015625 0.802927340625 0.42531996406249994 0.804096275 0.309484709375 0.68266748125 0.3297627140625 0.6833307609375 0.4345605015625
1 0.8076230171875001 0.536806390625 0.9507131796875001 0.539337478125 0.9520551296875001 0.41585484062500006 0.8048188046875 0.4261645109375 0.8076230171875001 0.536806390625
1 0.8039902359375001 0.309288184375 0.8035890078125 0.4244665890625 0.9510886718749999 0.41689814375 0.9530863078125 0.285246559375 0.8039902359375001 0.309288184375
1 0.6881118921875 0.5357628375 0.8080578046875001 0.536860978125 0.8052687875 0.4247657421875 0.6843408531249999 0.43331189062500003 0.6881118921875 0.5357628375
1 0.58753035 0.534120146875 0.6887429 0.5356667796875 0.6863383562500001 0.43435296250000005 0.583009821875 0.44201324375000006 0.58753035 0.534120146875
1 0.580670740625 0.34599040937500003 0.5825103546875 0.4420857734375 0.683857146875 0.435100871875 0.684290225 0.329889390625 0.580670740625 0.34599040937500003
1 0.580394928125 0.3458171015625 0.6828970625 0.329445959375 0.6802117375 0.22176070937499998 0.578858571875 0.248654240625 0.58053735625 0.34535520625 0.580394928125 0.3458171015625
1 0.5789819796875 0.24836065000000002 0.6802783406249999 0.22207788750000002 0.6807511125000001 0.11292994062499999 0.5745008828125 0.14744695624999998 0.5789819796875 0.24836065000000002
1 0.421334125 0.4525649578125 0.49887659375000004 0.4477675546875 0.4921673609375 0.35805487187499996 0.415127596875 0.3707652421875 0.421334125 0.4525649578125
1 0.49696538281249997 0.4475395125 0.583326778125 0.441462640625 0.5808085171874999 0.3448894671875 0.49146126875 0.358817865625 0.49696538281249997 0.4475395125
1 0.5025662843750001 0.53318593125 0.5878560109375 0.5340075625 0.5841060031249999 0.44187962968749994 0.49742430000000004 0.44786873437499997 0.5025662843750001 0.53318593125
1 0.42726500781250004 0.5324296078125 0.5027994796875 0.5328808781250001 0.4972012546875 0.44752811093749995 0.42146441250000005 0.452067278125 0.42726500781250004 0.5324296078125
1 0.36408063749999997 0.5309577390625 0.42738881875 0.53245189375 0.42256510625 0.4524178265625 0.35643465625 0.45704807968749994 0.36408063749999997 0.5309577390625
1 0.4880513046875 0.26970829375 0.49161702187499995 0.3578410875 0.5814708937499999 0.3457469546875 0.5787809687500001 0.248317734375 0.4880513046875 0.26970829375
1 0.48659770625 0.2695278640625 0.5776874609375 0.2474506109375 0.5748074078125 0.1469513296875 0.48362325625 0.1770228203125 0.48659770625 0.2695278640625
1 0.41026623124999995 0.287258078125 0.48916343749999996 0.26945235312500004 0.48384796406249997 0.17653964687499998 0.40644945468750004 0.2003642453125 0.41026623124999995 0.287258078125
1 0.411264303125 0.28759361875 0.41651500468749997 0.37030549062499996 0.49334454375 0.3586099453125 0.48916343749999996 0.26945235312500004 0.411264303125 0.28759361875
1 0.29993800625 0.46147030781250004 0.3571865046875 0.457742290625 0.35039246562500004 0.3806687015625 0.292296128125 0.3899431296875 0.29993800625 0.46147030781250004
1 0.35558748281249997 0.4567867125 0.4221686953125 0.45279936093749995 0.4169944359375 0.3698841890625 0.35011675000000003 0.380710671875 0.35558748281249997 0.4567867125
1 0.3451662265625 0.30292586250000003 0.3512196140625 0.3805427859375 0.41693664531249996 0.37096945312499996 0.41167476875000003 0.2876370296875 0.3451662265625 0.30292586250000003
1 0.337666046875 0.223111940625 0.3452371828125 0.3023549484375 0.4119030453125 0.2870386671875 0.40723896093749995 0.20111661249999999 0.337666046875 0.223111940625
1 0.2879522421875 0.315752221875 0.293139596875 0.389244990625 0.352429784375 0.38110071562500003 0.34666216250000004 0.302393578125 0.2879522421875 0.315752221875
1 0.24187154843749997 0.3970467578125 0.292713378125 0.3896608203125 0.2875354125 0.315992459375 0.2355174484375 0.327802046875 0.24187154843749997 0.3970467578125
1 0.2357322453125 0.32773434218749997 0.2883585078125 0.31657430625 0.28136356875 0.23982185781249998 0.2298900296875 0.2575619125 0.2357322453125 0.32773434218749997
1 0.28777244375 0.3159204953125 0.34617226562500003 0.3022913671875 0.3382776375 0.2212544796875 0.2805649421875 0.2404746609375 0.28777244375 0.3159204953125
1 0.2571963671875 0.529985690625 0.3082951671875 0.5315347015625 0.30048921093750003 0.4615780640625 0.24980577343750002 0.46473903906249997 0.2571963671875 0.529985690625
1 0.24980577343750002 0.46473903906249997 0.3012347546875 0.461030484375 0.29344211875 0.38977130625 0.2414176125 0.3974738078125 0.24980577343750002 0.46473903906249997
1 0.3079148328125 0.5311060015625 0.36492562500000003 0.5320954921875 0.3565962625 0.45649574531250003 0.3002763921875 0.4607904203125 0.3079148328125 0.5311060015625
1 0.2877289953125 0.718629459375 0.2829138453125 0.78105108125 0.33328035625 0.7972176328125 0.33719337656250004 0.730494440625 0.2877289953125 0.718629459375
1 0.27254338125 0.6580841375 0.28648443281249997 0.71858524375 0.28668859062499996 0.7180868203124999 0.337240925 0.7307208734375 0.3249829015625 0.6664584796875 0.27254338125 0.6580841375
1 0.2641976921875 0.5962647921875 0.2729261265625 0.65795148125 0.3238938265625 0.6656895781250001 0.3162847421875 0.6000193453125 0.2641976921875 0.5962647921875
1 0.2654964171875 0.5950632640625 0.3158581359375 0.5993482625000001 0.3080728171875 0.5313681328125 0.257154859375 0.5302396828125 0.2654964171875 0.5950632640625
1 0.3243523171875 0.6662866671875001 0.3814589328125 0.6762864000000001 0.3716196015625 0.6044128468750001 0.315667940625 0.5984425234375 0.3243523171875 0.6662866671875001
1 0.316370675 0.5992553609375 0.37137590781249996 0.6051360828125001 0.36443607031249997 0.5323529265625 0.30749628281249997 0.53050633125 0.316370675 0.5992553609375
1 0.371155140625 0.605054165625 0.43504929531250003 0.6110572999999999 0.42805155624999996 0.5323912625 0.364368325 0.5314189234375 0.371155140625 0.605054165625
1 0.37971095 0.6753429953125 0.44384187031250005 0.6865165171875 0.4351199125 0.6097136546875 0.37015605156250003 0.6060026671875 0.37971095 0.6753429953125
1 0.4353911375 0.6110052625 0.510340940625 0.61692875 0.5029416343750001 0.5329905140625 0.42673962187500003 0.5328579046875 0.4353911375 0.6110052625
1 0.33233995 0.7969914640625 0.3924756125 0.814663115625 0.3925039 0.7433204796874999 0.3373138296875 0.730104153125 0.33233995 0.7969914640625
1 0.33639636093749997 0.7298219828125 0.3913560984375 0.743505709375 0.3809689140625 0.6751646265625 0.3249780625 0.666457465625 0.33639636093749997 0.7298219828125
1 0.3917642953125 0.8148449140625 0.45418881562499996 0.8340252640625 0.4546482125 0.757779021875 0.392417659375 0.7437965765625 0.3917642953125 0.8148449140625
1 0.39184129843750004 0.74334870625 0.4556450390625 0.759909740625 0.44479219687500005 0.686007778125 0.3802401765625 0.6740406859375 0.39184129843750004 0.74334870625
1 0.45342005781249994 0.8343190765624999 0.525656803125 0.8581013515624999 0.5264373124999999 0.7763836265624999 0.4545123234375 0.7577708265624999 0.45342005781249994 0.8343190765624999
1 0.45415404062500003 0.7587635578125 0.5277303703125 0.7775345609375 0.5171011734375 0.6992226671874999 0.446567575 0.6859029249999999 0.45415404062500003 0.7587635578125
1 0.4448705765625 0.6858908265625 0.5179254859375 0.698631590625 0.5093281171874999 0.6165945796875001 0.43498075312499995 0.6095466734375 0.4448705765625 0.6858908265625
1 0.508541125 0.6176718265625001 0.59333803125 0.624463671875 0.589100628125 0.5344210953124999 0.5028701234375 0.5342362765625001 0.508541125 0.6176718265625001
1 0.5163186171875 0.69887795 0.6016144328124999 0.7127825546875 0.5930956453125 0.6250554312500001 0.5096060718750001 0.61696535 0.5163186171875 0.69887795
1 0.5263061546875 0.7780007906249999 0.6099213859375 0.7971654906250001 0.6012552453125 0.712234234375 0.5170664046875 0.6973165734375 0.5263061546875 0.7780007906249999
1 0.524601278125 0.858009978125 0.6098648921875001 0.8844406484375 0.6091384203125 0.7960366765625 0.526726275 0.77654793125 0.524601278125 0.858009978125
1 0.6101936921875 0.8841998078125 0.7063326265625001 0.9146933671875 0.7057728578125 0.821321890625 0.608344990625 0.7967858359375 0.6101936921875 0.8841998078125
1 0.609510446875 0.7962881078125 0.705427646875 0.8216938796875001 0.69994645625 0.7290715796875 0.601620375 0.7123536890625 0.609510446875 0.7962881078125
1 0.60165990625 0.7116606578125 0.6994712437499999 0.7288244796875001 0.6924977578125 0.6351489640625 0.5943098609375 0.6251313984375 0.60165990625 0.7116606578125
1 0.6944350265625 0.6340690234374999 0.6880434078125 0.5351282562499999 0.58857579375 0.53458763125 0.594839159375 0.6249475531249999 0.6944350265625 0.6340690234374999
1 0.6932127609375 0.6348965921875 0.8110472828124999 0.6461653890625 0.8073922578125 0.5379547437500001 0.6877183765625 0.535177734375 0.6932127609375 0.6348965921875
1 0.8107301421875001 0.6458338390625 0.9532615328125 0.6614568734375 0.9518293421875 0.5401582656249999 0.8081298359375 0.538470840625 0.8107301421875001 0.6458338390625
1 0.8169549484375 0.75007206875 0.956833421875 0.7775611453125 0.9539787375 0.6618649249999999 0.8112151937500001 0.6455604593750001 0.8169549484375 0.75007206875
1 0.8166163687499999 0.7505086875 0.8206050749999999 0.8529221234375 0.957954259375 0.8873084203125 0.9594432734374999 0.775861590625 0.8166163687499999 0.7505086875
1 0.8225766374999999 0.8530079515625 0.8214346828125001 0.9511202593749999 0.8590164 0.9632266625 0.9582618625 0.948118803125 0.958832903125 0.8873120703125 0.8225766374999999 0.8530079515625
1 0.70684625 0.9149416203125 0.8211946109375001 0.952229771875 0.8222648484375 0.8537704343750001 0.707109515625 0.820901371875 0.70684625 0.9149416203125
1 0.7043407359375 0.8213263546875 0.820911725 0.8518322312500001 0.8172986609375 0.74908155625 0.6991200140625 0.7288263109375 0.7043407359375 0.8213263546875
1 0.699820028125 0.7280178578125 0.8153935000000001 0.7490145015625 0.8108637999999999 0.6464042375 0.6952018875 0.6336284703125 0.699820028125 0.7280178578125