1 0.616662984375 0.5967665015625 0.6306850640625 0.6496349421875001 0.6759733265625 0.6355346171875 0.6644268249999999 0.5854076671875 0.616662984375 0.5967665015625
1 0.6088436374999999 0.544980765625 0.6175201718750001 0.5973534796875 0.6645194609375 0.5856635046875 0.6564952500000001 0.5343901515625 0.6088436374999999 0.544980765625
1 0.617315903125 0.59645795 0.568294825 0.6091726984375 0.5791721734374999 0.665431553125 0.629317915625 0.650013990625 0.617315903125 0.59645795
1 0.6087369078125 0.5446270984375 0.5575656140625 0.555128515625 0.568247659375 0.610302371875 0.6178959374999999 0.597258275 0.6087369078125 0.5446270984375
1 0.5681409281249999 0.6099487078125 0.517168140625 0.62433634375 0.5298240765625 0.6821307703125 0.57874076875 0.665637625 0.5681409281249999 0.6099487078125
1 0.5584916625 0.55495538125 0.5054482984375 0.5661804234375001 0.5165395796875 0.6250146187500001 0.5679636359375 0.6103554734375 0.5584916625 0.55495538125
1 0.5482471578125 0.50082058125 0.5570717109375 0.555407340625 0.608710646875 0.5447009546875 0.5999861203125 0.492081128125 0.5482471578125 0.50082058125
1 0.547972215625 0.500684846875 0.49613560312500005 0.5088817999999999 0.5061419218750001 0.56586360625 0.5576992656249999 0.554855325 0.547972215625 0.500684846875
1 0.4660543296875 0.7019005515625001 0.5285806796875 0.68217675625 0.5176583890625001 0.624427884375 0.45344127968750003 0.6401741203125 0.4660543296875 0.7019005515625001
1 0.505545834375 0.5667222890625 0.444060203125 0.5797121890625 0.455038521875 0.6393153984375 0.5168241078125 0.6243783406250001 0.505545834375 0.5667222890625
1 0.49523210000000006 0.5094243390625001 0.4333235046875 0.5200644609375 0.44275174687499996 0.5793967171875 0.5058379703125 0.5664017390625 0.49523210000000006 0.5094243390625001
1 0.40101789062500004 0.7222998171875 0.46669515468749995 0.7017347796875 0.45504775625000005 0.6399282703125 0.3883639953125 0.6581685828125 0.40101789062500004 0.7222998171875
1 0.376892284375 0.59443749375 0.38732696718750004 0.6585699609375 0.45496828593750005 0.6394867734374999 0.44370408906250003 0.5786323015625 0.376892284375 0.59443749375
1 0.3679817296875 0.531056884375 0.377429715625 0.5943370140625001 0.44269509218750003 0.579780271875 0.43359949999999997 0.5194100796875001 0.3679817296875 0.531056884375
1 0.3290994453125 0.74719401875 0.40117883125000003 0.7227300203125 0.38893123281249997 0.658516915625 0.31636390625 0.678048303125 0.3290994453125 0.74719401875
1 0.38729739687500003 0.6583568343749999 0.3768645984375 0.594698753125 0.30546834375 0.6103446046875 0.3172897421875 0.6780400203125 0.38729739687500003 0.6583568343749999
1 0.29524176875 0.5425388124999999 0.3059964421875 0.6102997140624999 0.3774230765625 0.59383134375 0.36834433906249997 0.53084463125 0.29524176875 0.5425388124999999
1 0.24822094374999998 0.7738527000000001 0.32858401875 0.7461373499999999 0.3169289171875 0.6773050859375 0.23634910625 0.700188146875 0.24822094374999998 0.7738527000000001
1 0.3057726953125 0.609769625 0.22474769375 0.628025953125 0.2357682703125 0.7008141625000001 0.31697854375 0.6775807828125 0.3057726953125 0.609769625
1 0.2951635734375 0.5431201 0.2156312265625 0.5561766140625 0.2265165328125 0.6282133265625001 0.306345590625 0.610032196875 0.2951635734375 0.5431201
1 0.156466265625 0.8018855546875001 0.24640790156249998 0.7734148828125 0.2363848875 0.7003429875 0.147118665625 0.7248993171875 0.156466265625 0.8018855546875001
1 0.2257545265625 0.627837715625 0.13757140625 0.6487278515625 0.14716371718750001 0.7251496046875 0.2363848875 0.7003429875 0.2257545265625 0.627837715625
1 0.1276632734375 0.5705515484375 0.1392942296875 0.6486644609375001 0.225277353125 0.628038553125 0.21419828281250003 0.5559264421875 0.1276632734375 0.5705515484375
1 0.1197657140625 0.4935246859375 0.1281957359375 0.5711998953124999 0.21416993125 0.55573475625 0.20436261875 0.4854775375 0.1197657140625 0.4935246859375
1 0.2048982859375 0.4846006 0.2149765328125 0.5560114140625 0.29492500625 0.542346546875 0.2848163734375 0.47561592499999994 0.2048982859375 0.4846006
1 0.2848163734375 0.47561592499999994 0.29547054687499996 0.5425157390625001 0.3672909890625 0.531096725 0.3588923859375 0.4669467015625 0.2848163734375 0.47561592499999994
1 0.42681168906250005 0.4589203171875 0.43548703906249997 0.5186796250000001 0.49543614218750004 0.509703340625 0.486564740625 0.4516334125 0.42681168906250005 0.4589203171875
1 0.3675929375 0.5308551031250001 0.43394368906249997 0.5197449562500001 0.42674389843749994 0.4587097390625 0.35982952031250004 0.46652263437499997 0.3675929375 0.5308551031250001
1 0.3527378921875 0.4020645671875 0.359964790625 0.46727413125000006 0.4263252140625 0.45850304218750004 0.41934464531250004 0.3981583203125 0.3527378921875 0.4020645671875
1 0.275860490625 0.40866781249999995 0.283830059375 0.47606954375 0.35914857968749997 0.466787834375 0.3521562078125 0.40269074062500004 0.275860490625 0.40866781249999995
1 0.2045403046875 0.4838717015625 0.283541778125 0.475576471875 0.2762209484375 0.40876589062499996 0.194707846875 0.41189751250000006 0.2045403046875 0.4838717015625
1 0.11920710937500001 0.4936100828125 0.20467569062500002 0.4846238328125 0.19520508281249999 0.4122280734375 0.1072394078125 0.415560128125 0.11920710937500001 0.4936100828125
1 0.18478456875 0.3400145046875 0.1947522953125 0.41274018906250004 0.2765403796875 0.40842119375 0.2671978078125 0.33910995625 0.18478456875 0.3400145046875
1 0.10688498906249999 0.41544187812500005 0.1938619625 0.41290664687499995 0.18483577812500002 0.33978627499999997 0.093555109375 0.339458884375 0.10688498906249999 0.41544187812500005
1 0.0811621453125 0.260970359375 0.093309434375 0.340022890625 0.185662959375 0.3403677015625 0.1741260515625 0.2666398734375 0.0811621453125 0.260970359375
1 0.2558980125 0.2718121171875 0.17377081875 0.268519228125 0.18452000625 0.3398046015625 0.2673277140625 0.33918219375 0.2558980125 0.2718121171875
1 0.16295086718750001 0.1949167234375 0.071679275 0.1832326265625 0.0813168671875 0.2599059359375 0.17414060625 0.26654982031249996 0.16295086718750001 0.1949167234375
1 0.2474783140625 0.20190481562499998 0.161853815625 0.1946037546875 0.1743064890625 0.2676422921875 0.257333740625 0.2709448484375 0.2474783140625 0.20190481562499998
1 0.3446602578125 0.337148665625 0.3518323953125 0.40267905 0.42118895 0.397334171875 0.41333839375 0.33552564218750003 0.3446602578125 0.337148665625
1 0.2764203390625 0.408154721875 0.35126355625 0.40216554843749996 0.3454881125 0.33729921875 0.2675045921875 0.3393054015625 0.2764203390625 0.408154721875
1 0.25742948125 0.27045615 0.2672615921875 0.3395668625 0.34510138125 0.33734328750000003 0.3369936171875 0.2713712578125 0.25742948125 0.27045615
1 0.4033427578125 0.27454036875 0.33619022656249997 0.27173749062499997 0.3455255296875 0.3372922234375 0.41198649375 0.33543760625 0.4033427578125 0.27454036875
1 0.3971279859375 0.21305899843749998 0.326029153125 0.20633188906250002 0.3370623453125 0.27164075625 0.40403086874999994 0.2753355890625 0.3971279859375 0.21305899843749998
1 0.3262696703125 0.20657912031249998 0.24864497187499998 0.2016571484375 0.2583864125 0.2710014984375 0.336561621875 0.271251753125 0.3262696703125 0.20657912031249998
1 0.5421499484375001 0.4457593734375 0.5489622796875 0.500276490625 0.60001941875 0.49205126562499996 0.5934367640625 0.43885895625 0.5421499484375001 0.4457593734375
1 0.5999751890625 0.49185926249999995 0.6085459875 0.5444795953125 0.6569107171875 0.5349159140624999 0.64841403125 0.48414785 0.5999751890625 0.49185926249999995
1 0.59422955625 0.4382629171875 0.59972335625 0.49213025312500003 0.6483606015625 0.4837533609375 0.6404835125 0.43342430312499997 0.59422955625 0.4382629171875
1 0.4952046484375 0.510077559375 0.5481726828125 0.500846325 0.5418456171875 0.44572894218750003 0.48656813593750003 0.452091759375 0.4952046484375 0.510077559375
1 0.640770353125 0.4335138203125 0.6368672890625 0.3818133890625 0.5883069390625 0.3855145296875 0.5937662953125 0.43898054531249997 0.640770353125 0.4335138203125
1 0.5893514468750001 0.3846468640625 0.537055428125 0.3892709953125 0.541855875 0.4459568421875 0.5937662953125 0.43898054531249997 0.5893514468750001 0.3846468640625
1 0.4876827140625 0.45182821874999995 0.5411580984375 0.445415571875 0.5379514875 0.38925843125 0.481738321875 0.3937875703125 0.4876827140625 0.45182821874999995
1 0.427615934375 0.45886647968750005 0.4867254671875 0.45207219375 0.481321203125 0.39368235625 0.4207174 0.39719513906250004 0.427615934375 0.45886647968750005
1 0.41277435625000003 0.336391465625 0.41930396718749996 0.39768330625 0.4796391953125 0.3935037015625 0.4734003265625 0.3346914203125 0.41277435625000003 0.336391465625
1 0.475220709375 0.33479889687500003 0.4810320578125 0.3937607109375 0.5385901125 0.3891390328125 0.5313358781249999 0.33304590156249997 0.475220709375 0.33479889687500003
1 0.53228475 0.333316975 0.53813055625 0.3891349953125 0.5883435171875 0.3850145671875 0.582726665625 0.3317283640625 0.53228475 0.333316975
1 0.589781634375 0.385156740625 0.6381299953124999 0.3819430515625 0.6315055593750001 0.32960756875 0.583126234375 0.3315065765625 0.589781634375 0.385156740625
1 0.5769567328125 0.27888576875000004 0.584326825 0.331506021875 0.6315055593750001 0.32960756875 0.6247278656249999 0.279140603125 0.5769567328125 0.27888576875000004
1 0.5312725859375 0.33358303437500003 0.583573140625 0.33231931718749996 0.576839246875 0.27893137343749996 0.5233163109375 0.277711115625 0.5312725859375 0.33358303437500003
1 0.6202999140625 0.22619419375 0.567782946875 0.22458558750000002 0.575465315625 0.27894069843749997 0.625001034375 0.278802584375 0.6202999140625 0.22619419375
1 0.5689445453124999 0.22436841406250002 0.5160189296875 0.2221644828125 0.5240701078125001 0.27689845625 0.5767962546875001 0.2786925203125 0.5689445453124999 0.22436841406250002
1 0.5169685375 0.222434759375 0.45648884375 0.21828188593750003 0.46434936875000005 0.2752919078125 0.5242260765625 0.2777649328125 0.5169685375 0.222434759375
1 0.5308945828125 0.33331423125000004 0.5235589468749999 0.277550184375 0.46532888906250003 0.2758895015625 0.4746340796875 0.33452838906250004 0.5308945828125 0.33331423125000004
1 0.46536788125 0.276106121875 0.40316712499999996 0.27406760625 0.412254965625 0.336225921875 0.47445044999999997 0.3349048203125 0.46536788125 0.276106121875
1 0.45644065781250004 0.21817532968750003 0.397877209375 0.21299246562500002 0.40345794843749994 0.2740132328125 0.465392571875 0.2758526453125 0.45644065781250004 0.21817532968750003
0 0.640688521875 0.2016887953125 0.0370682015625 0.1485850671875 0.1268972453125 0.8426502515625 0.705467403125 0.6448213453125 0.640688521875 0.2016887953125