1 0.2537296875 0.090234375 0.2454875 0.15530625 0.31151249999999997 0.154871875 0.31801796875 0.08804166718749999 0.2537296875 0.090234375
1 0.31899296875 0.08804166718749999 0.31931875 0.08804166718749999 0.31216328125000004 0.1540041671875 0.3791640625 0.1500989578125 0.38209140625 0.08500416718750001 0.31899296875 0.08804166718749999
1 0.38327890625 0.0835541671875 0.37818828125000004 0.148796875 0.44551484375 0.1483625 0.447140625 0.0793625 0.38327890625 0.0835541671875
1 0.24657578125000001 0.1549708328125 0.24624765625 0.1549708328125 0.23541093750000003 0.2255135421875 0.30535703125 0.22419895781250002 0.31159609375 0.15365625 0.24657578125000001 0.1549708328125
1 0.31258125 0.1554083328125 0.30535703125 0.22419895781250002 0.374646875 0.2220083328125 0.37858749999999997 0.1505885421875 0.31258125 0.1554083328125
1 0.37957265625000003 0.1505885421875 0.374975 0.22069375 0.44459375 0.2198177078125 0.44557812500000005 0.1470833328125 0.37957265625000003 0.1505885421875
1 0.5119125 0.14576875 0.44590703125 0.1479604171875 0.44459375 0.21850312500000002 0.5128976562500001 0.2154364578125 0.5119125 0.14576875
1 0.44689218750000004 0.0796072921875 0.4462359375 0.1479541671875 0.5138828125 0.14664583281250002 0.51224140625 0.0791697921875 0.44689218750000004 0.0796072921875
1 0.5116359375 0.0790614578125 0.5119125 0.1462072921875 0.5802171875 0.143578125 0.5759484375 0.0747885421875 0.5116359375 0.0790614578125
1 0.23550703125 0.224165625 0.22501406249999997 0.3011979171875 0.29761953124999996 0.3011979171875 0.3046375 0.2237697921875 0.23550703125 0.224165625
1 0.30625703125000003 0.2241291671875 0.298159375 0.3008375 0.37130546875000003 0.2990364578125 0.37427421875 0.22088854218749998 0.30625703125000003 0.2241291671875
1 0.3756828125 0.22139375 0.370765625 0.29687604218749997 0.44337109375 0.2954354171875 0.44445078125000004 0.2187270828125 0.3756828125 0.22139375
1 0.44445078125000004 0.21944791718749998 0.44283124999999995 0.2957958328125 0.5157070312500001 0.2936354171875 0.5135484375 0.2169270828125 0.44445078125000004 0.21944791718749998
1 0.51215546875 0.1454583328125 0.51458515625 0.21784479218750002 0.5839523437499999 0.2138833328125 0.5801734374999999 0.14221666718749998 0.51215546875 0.1454583328125
1 0.646946875 0.14039375 0.5797390625000001 0.14327499999999999 0.582978125 0.2138614578125 0.65369453125 0.2117 0.646946875 0.14039375
1 0.5840578125 0.213140625 0.58891640625 0.292009375 0.6617921875 0.2930895828125 0.6539648437500001 0.2127802078125 0.5840578125 0.213140625
1 0.51412109375 0.21591458281250003 0.51520078125 0.2915427078125 0.5880765625000001 0.29046249999999996 0.5834875 0.2137541671875 0.51412109375 0.21591458281250003
1 0.6470421875000001 0.1388302078125 0.6405640625 0.0743666671875 0.5765953125000001 0.0750875 0.579025 0.1431520828125 0.6470421875000001 0.1388302078125
1 0.6408343750000001 0.0743666671875 0.648121875 0.1402708328125 0.7150593749999999 0.1399104171875 0.7066921875000001 0.07220625 0.6408343750000001 0.0743666671875
1 0.70592734375 0.0721104171875 0.71586953125 0.1417114578125 0.7825375 0.14063125 0.77012109375 0.07400625 0.70592734375 0.0721104171875
1 0.7148375 0.14021875 0.7255859375 0.212296875 0.7946828125 0.2115770828125 0.78199765625 0.1409916671875 0.7148375 0.14021875
1 0.647421875 0.14021875 0.6551390625 0.21265729218749999 0.7247765625 0.21265729218749999 0.7150593749999999 0.1399104171875 0.647421875 0.14021875
1 0.65395546875 0.2126822921875 0.66134765625 0.292246875 0.7350328125 0.291165625 0.72450625 0.21085625000000002 0.65395546875 0.2126822921875
1 0.72552890625 0.21109791718749998 0.733953125 0.2915260421875 0.80709921875 0.29080625000000004 0.79414296875 0.21049687499999997 0.72552890625 0.21109791718749998
1 0.73322578125 0.2901958328125 0.7441718749999999 0.3753197921875 0.82141796875 0.37323333281250004 0.80734453125 0.289778125 0.73322578125 0.2901958328125
1 0.65973203125 0.2927 0.6603390625000001 0.29276875 0.6684890625000001 0.3761541671875 0.744796875 0.3757375 0.73291328125 0.2910302078125 0.65973203125 0.2927
1 0.58910859375 0.2913927078125 0.59343203125 0.3740677078125 0.6688015625 0.3753197921875 0.66129609375 0.2918645828125 0.58910859375 0.2913927078125
1 0.51512578125 0.2932270828125 0.51724453125 0.37714791718749996 0.5932398437499999 0.3758958328125 0.5882367187499999 0.290771875 0.51512578125 0.2932270828125
1 0.4437515625 0.2961958328125 0.44093671875 0.3779822921875 0.51724453125 0.37714791718749996 0.51568125 0.292440625 0.4437515625 0.2961958328125
1 0.3706015625 0.2982739578125 0.3655671875 0.380903125 0.44093671875 0.3792333328125 0.4434390625 0.294109375 0.3706015625 0.2982739578125
1 0.3658796875 0.3804854171875 0.35931250000000003 0.47061666718749995 0.44031171875 0.47186874999999995 0.44124921875 0.3783989578125 0.3658796875 0.3804854171875
1 0.44079921874999994 0.3771895828125 0.4396859375 0.47061666718749995 0.5197468749999999 0.4685302078125 0.51724453125 0.3775645828125 0.44079921874999994 0.3771895828125
1 0.51787890625 0.3771895828125 0.520059375 0.4681135421875 0.59886953125 0.4681135421875 0.5926148437500001 0.3758958328125 0.51787890625 0.3771895828125
1 0.59323828125 0.3753541671875 0.59824375 0.4668614578125 0.6783046875000001 0.4676958328125 0.66923515625 0.3763125 0.59323828125 0.3753541671875
1 0.6695484375 0.3750614578125 0.6770539062500001 0.4681135421875 0.75680234375 0.4676958328125 0.74460546875 0.3758958328125 0.6695484375 0.3750614578125
1 0.7449890625 0.3767302078125 0.75756875 0.4684375 0.83794296875 0.46593437499999996 0.82199296875 0.37371666718749996 0.7449890625 0.3767302078125
1 0.7578820312500001 0.4684375 0.77039140625 0.570253125 0.85576875 0.5677489578125 0.8373171875000001 0.4663510421875 0.7578820312500001 0.4684375
1 0.67788828125 0.4689510421875 0.68669453125 0.5707697921875 0.7701953125000001 0.5690999999999999 0.7576859375 0.46770208281250003 0.67788828125 0.4689510421875
1 0.59908828125 0.46803333281250004 0.60413203125 0.5695177078125 0.6879453125 0.5695177078125 0.67793828125 0.46895416718750005 0.59908828125 0.46803333281250004
1 0.5192554687500001 0.46711562500000003 0.5206304687500001 0.5703520828124999 0.6050703125 0.5699354171875 0.5988148437499999 0.46895416718750005 0.5192554687500001 0.46711562500000003
1 0.43942265625 0.4707864578125 0.4374421875 0.5716041671875 0.5206304687500001 0.5690999999999999 0.51844140625 0.46895416718750005 0.43942265625 0.4707864578125
1 0.2985703125 0.3018760421875 0.29043984375 0.3828270828125 0.36455859375 0.380740625 0.3705 0.2981197921875 0.2985703125 0.3018760421875
1 0.22573359375000002 0.3014864578125 0.21288046875000002 0.3853302078125 0.29043984375 0.3832447921875 0.2982578125 0.301040625 0.22573359375000002 0.3014864578125
1 0.21403359375000003 0.3849885421875 0.20130937499999998 0.4746270828125 0.28074453125 0.4733760421875 0.28981406249999997 0.3836614578125 0.21403359375000003 0.3849885421875
1 0.29042500000000004 0.3836125 0.2813703125 0.4742104171875 0.36049296875 0.4725416671875 0.36518359375 0.3803229171875 0.29042500000000004 0.3836125
1 0.270796875 0.5732864578125 0.28182265625 0.47399791718750006 0.20136875 0.4756447921875 0.18729609375 0.576625 0.270796875 0.5732864578125
1 0.28205546875 0.4743927078125 0.27115546875 0.5744770828125 0.35429765625 0.5732864578125 0.35898906249999996 0.47147187500000004 0.28205546875 0.4743927078125
1 0.35924609375 0.4717041671875 0.35367265625 0.5741208328125 0.43811171875 0.5728697921875 0.4393625 0.47063750000000004 0.35924609375 0.4717041671875
1 0.18771171874999998 0.5768270828125 0.16999765625000002 0.686753125 0.25909296875 0.6862197921875001 0.27107890625 0.5737395828125 0.18771171874999998 0.5768270828125
1 0.24510937500000002 0.8093625 0.260246875 0.6864364578125 0.17079609375 0.6856875 0.15161875 0.8088291671875 0.24510937500000002 0.8093625
1 0.27211640625 0.5744833328125 0.2602921875 0.6851541671875 0.346990625 0.6846208328125 0.35418203125000003 0.5732062499999999 0.27211640625 0.5744833328125
1 0.3485890625 0.6835541671875001 0.25980781249999996 0.6858500000000001 0.2463078125 0.8077635421875 0.3405984375 0.8072302078125 0.3485890625 0.6835541671875001
1 0.4326125 0.8059989578125 0.43534140624999995 0.6824958328124999 0.34708203125 0.6832322921875 0.3392875 0.8074791671874999 0.4326125 0.8059989578125
1 0.43795 0.5722 0.43509374999999995 0.68299375 0.5234695312500001 0.6812072921875 0.5211265625 0.5704364578125001 0.43795 0.5722
1 0.61096796875 0.680646875 0.524140625 0.6802447921875 0.5265523437499999 0.8047333328124999 0.61926640625 0.8024427078124999 0.61096796875 0.680646875
1 0.5208296875 0.5714510421875 0.52311875 0.680646875 0.61125390625 0.680265625 0.6049585937499999 0.5699239578124999 0.5208296875 0.5714510421875
1 0.6120765625 0.6809697921875 0.6189796875 0.80320625 0.71312421875 0.8020604171875 0.6982445312500001 0.680646875 0.6120765625 0.6809697921875
1 0.60524453125 0.5699239578124999 0.61096796875 0.6810291671875001 0.6982445312500001 0.6810291671875001 0.6873703124999999 0.57030625 0.60524453125 0.5699239578124999
1 0.7863515624999999 0.6797875 0.69740234375 0.6801302078125 0.71309609375 0.80081875 0.8063820312500001 0.8023468749999999 0.7863515624999999 0.6797875
1 0.68701171875 0.569721875 0.69821640625 0.6805510421875 0.78606484375 0.6801697921875001 0.77089921875 0.570209375 0.68701171875 0.569721875
1 0.7704484375 0.5688822921875001 0.78606484375 0.6801697921875001 0.873628125 0.6786416671875 0.8547421875 0.5663916671875 0.7704484375 0.5688822921875001
1 0.7865054687499999 0.68055 0.8060960937500001 0.8023468749999999 0.8970921875 0.8004374999999999 0.8739140624999999 0.677878125 0.7865054687499999 0.68055
1 0.43871796874999996 0.5737875 0.3551421875 0.5737083328125 0.348428125 0.68335 0.43551875000000007 0.6819270828125 0.43871796874999996 0.5737875
1 0.5236757812499999 0.6814520828124999 0.43610546875 0.6827020828125 0.43374140624999996 0.8057177078125 0.52723046875 0.80476875 0.5236757812499999 0.6814520828124999