1 0.78155078125 0.7890927078125001 0.67510390625 0.7634635421875 0.6767046875 0.9038895828125 0.79435625 0.928984375 0.78155078125 0.7890927078125001
1 0.78199296875 0.7879270828125 0.79435625 0.9305864578125 0.9140078125000001 0.9583510421874999 0.887996875 0.810984375 0.78199296875 0.7879270828125
1 0.7703453125 0.6705583328125 0.7815523437499999 0.7879270828125 0.88759609375 0.8120520828125001 0.86878828125 0.691915625 0.7703453125 0.6705583328125
1 0.6732359375 0.6511375 0.6754179687499999 0.7643364578125 0.7814640625 0.7872958328124999 0.770259375 0.6698291671875001 0.6732359375 0.6511375
1 0.5801765624999999 0.6319197921875 0.5721734374999999 0.7413770828125 0.6754179687499999 0.7643364578125 0.6738171875 0.6511416671875 0.5801765624999999 0.6319197921875
1 0.4720140625 0.724521875 0.45031015625000004 0.8529114578125 0.5603578125 0.8774729171875 0.5711625 0.7429208328125 0.4720140625 0.724521875
1 0.6756078125 0.7642781249999999 0.5728453124999999 0.742134375 0.5595578125 0.8764052078125 0.67680859375 0.9031020828124999 0.6756078125 0.7642781249999999
1 0.4891859375 0.6170864578125 0.47190624999999997 0.724903125 0.5723499999999999 0.7435906250000001 0.58115390625 0.633065625 0.4891859375 0.6170864578125
1 0.5043203125 0.5268125 0.4891859375 0.6176729171875001 0.5799531250000001 0.6346677078125 0.5871562499999999 0.5401604171875001 0.5043203125 0.5268125
1 0.67319140625 0.5562135421875001 0.5871593749999999 0.539696875 0.57962265625 0.6322916671875001 0.67348359375 0.6525791671875 0.67319140625 0.5562135421875001
1 0.6737765625 0.5562135421875001 0.67338359375 0.5559979171875 0.67406875 0.6514083328125 0.77056171875 0.6693552078125 0.76032734375 0.5729895828125 0.6737765625 0.5562135421875001
1 0.76057265625 0.57315625 0.7702695312500001 0.6693552078125 0.8676390625 0.6904229171875 0.8512648437499999 0.5882052078125 0.76057265625 0.57315625
1 0.59970703125 0.3925583328125 0.59345234375 0.4633010421875 0.6744484374999999 0.474225 0.67357109375 0.4024385421875 0.59970703125 0.3925583328125
1 0.593915625 0.46162291718750004 0.5876046875000001 0.54055 0.67415546875 0.5565458328124999 0.67386328125 0.47344479218749996 0.593915625 0.46162291718750004
1 0.5166999999999999 0.45046979218749994 0.5043765625 0.5271270828125 0.5871265625000001 0.5411729171874999 0.593559375 0.46197395781250006 0.5166999999999999 0.45046979218749994
1 0.5276078125 0.38279583281249996 0.5169406249999999 0.45073749999999996 0.59389375 0.4618375 0.6001335937500001 0.3927697921875 0.5276078125 0.38279583281249996
1 0.5375078125 0.32616979218750003 0.52757109375 0.382903125 0.5996710937499999 0.3936947921875 0.6045242187500001 0.3332614578125 0.5375078125 0.32616979218750003
1 0.75387265625 0.4872260421875 0.6747140625 0.47376979218750004 0.6733 0.5569802078125 0.76063828125 0.5729833328125 0.75387265625 0.4872260421875
1 0.75423125 0.4859510421875 0.7615609375 0.5721625 0.8516656250000001 0.588575 0.8372125 0.5007666671875 0.75423125 0.4859510421875
1 0.7487765625 0.413853125 0.75395 0.4882760421875 0.83761328125 0.5010604171875 0.82686328125 0.4268489578125 0.7487765625 0.413853125
1 0.74834140625 0.4146885421875 0.67379296875 0.403775 0.67379296875 0.47518020781250003 0.75395 0.4882760421875 0.74834140625 0.4146885421875
1 0.6082539062500001 0.28154375 0.60380234375 0.3338072921875 0.67352734375 0.3422645828125 0.67314296875 0.2881885421875 0.6082539062500001 0.28154375
1 0.60487265625 0.3325479171875 0.599384375 0.393265625 0.6741039062499999 0.4042864578125 0.67352734375 0.3420083328125 0.60487265625 0.3325479171875
1 0.74363671875 0.3522604171875 0.67352734375 0.34303333281250004 0.67314296875 0.4040291671875 0.748246875 0.41505000000000003 0.74363671875 0.3522604171875
1 0.81590390625 0.3606 0.74413671875 0.3524322921875 0.74875 0.41536875 0.826084375 0.4274177078125 0.81590390625 0.3606
1 0.7399617187499999 0.29830729218749996 0.6736515625 0.2890802078125 0.67286484375 0.3440177078125 0.74390859375 0.3537083328125 0.7399617187499999 0.29830729218749996
1 0.67365390625 0.2414322921875 0.6733382812500001 0.28861770781249996 0.7398039062499999 0.2978864578125 0.7363304687500001 0.24880520781249998 0.67365390625 0.2414322921875
1 0.73636171875 0.2490114578125 0.73917265625 0.2985177078125 0.80863828125 0.30673333281250004 0.799796875 0.2570208328125 0.73636171875 0.2490114578125
1 0.7398359375 0.29811354218749997 0.74406640625 0.3532864578125 0.8174789062500001 0.3615020828125 0.8081640625000001 0.305890625 0.7398359375 0.29811354218749997
1 0.5529 0.2300927078125 0.5445734375 0.27581979218749997 0.6080828125 0.2820197921875 0.6121484374999999 0.2357760421875 0.5529 0.2300927078125
1 0.6121484374999999 0.2357760421875 0.6084703124999999 0.2827947921875 0.673140625 0.289253125 0.673334375 0.2409427078125 0.6121484374999999 0.2357760421875
1 0.5450078125 0.27555833281250003 0.53637734375 0.326715625 0.6049953125 0.33351145781249997 0.6088148437500001 0.2819770828125 0.5450078125 0.27555833281250003
1 0.38035312499999996 0.22191458281249998 0.32528515625 0.20577291718750002 0.304009375 0.24807604218749998 0.36303984375 0.26421875 0.38035312499999996 0.22191458281249998
1 0.42186250000000003 0.2653322921875 0.43646406249999997 0.21968854218749997 0.38056171875 0.2208020828125 0.38097890625 0.22108020781249998 0.36283125 0.26421875 0.42186250000000003 0.2653322921875
1 0.49278281249999994 0.22386354218750001 0.43653046875 0.2200583328125 0.422696875 0.26449687499999996 0.48235312500000005 0.2700635421875 0.49278281249999994 0.22386354218750001
1 0.49367890625 0.22526041718749998 0.48301015625000004 0.26980624999999997 0.54475234375 0.2756510421875 0.5526789062499999 0.2300072921875 0.49367890625 0.22526041718749998
1 0.42210156249999997 0.264796875 0.40541484375000003 0.31433645781249997 0.47091171875000004 0.3190677078125 0.48384453125000004 0.26980624999999997 0.42210156249999997 0.264796875
1 0.4830234375 0.2702854171875 0.47029921874999997 0.3187114578125 0.5362140625 0.3262260421875 0.5456000000000001 0.2752947921875 0.4830234375 0.2702854171875
1 0.47040234375 0.318528125 0.45636093750000006 0.37493645781249996 0.52753515625 0.38351145781249996 0.53705703125 0.3263416671875 0.47040234375 0.318528125
1 0.40649453125 0.31294062500000003 0.38780546875 0.368584375 0.45755078125 0.3752541671875 0.46969140625000005 0.31744895781250004 0.40649453125 0.31294062500000003
1 0.45636093750000006 0.3752541671875 0.44088828125 0.441634375 0.5168234375 0.45084479218749995 0.527296875 0.3822416671875 0.45636093750000006 0.3752541671875
1 0.3043390625 0.24727187499999997 0.2803921875 0.2980885421875 0.34407421875 0.31160625 0.363371875 0.2644010421875 0.3043390625 0.24727187499999997
1 0.3637484375 0.263628125 0.34406484375 0.3105375 0.4064828125 0.3141072921875 0.42186406249999997 0.265328125 0.3637484375 0.263628125
1 0.2803265625 0.2974135421875 0.254721875 0.35000624999999996 0.32272265624999996 0.3648395828125 0.34366093750000004 0.3114385421875 0.2803265625 0.2974135421875
1 0.3441390625 0.3110041671875 0.32068515625 0.365334375 0.38813046875 0.3695364578125 0.40758515624999997 0.3136635421875 0.3441390625 0.3110041671875
1 0.25456406249999997 0.34925833281249996 0.22351796875000002 0.40981770781250004 0.296359375 0.42597500000000005 0.3227484375 0.36471875 0.25456406249999997 0.34925833281249996
1 0.3219109375 0.3642083328125 0.29515625 0.426921875 0.3665078125 0.432159375 0.3879828125 0.3711552078125 0.3219109375 0.3642083328125
1 0.38822421875 0.3696291671875 0.3669234375 0.4330135421875 0.44132421875 0.4407854171875 0.45771875 0.3751604171875 0.38822421875 0.3696291671875
1 0.44046953125000005 0.4398729171875 0.42288359375000006 0.5149572921875001 0.50383828125 0.5281697921874999 0.5157210937500001 0.4505447921875 0.44046953125000005 0.4398729171875
1 0.366921875 0.4315197921875 0.34291875 0.5057083328124999 0.42238828125000005 0.5146270828125 0.44095546875 0.440965625 0.366921875 0.4315197921875
1 0.29493359375 0.4255510421875 0.26646328124999996 0.49723125 0.34345703125 0.5054885421875001 0.3682140625 0.4324885421875 0.29493359375 0.4255510421875
1 0.22374296875000002 0.40888437499999997 0.18856250000000002 0.480675 0.26757734375000003 0.4967395828125 0.29617343749999997 0.4262041671875 0.22374296875000002 0.40888437499999997
1 0.1887328125 0.48101666718749997 0.14844765625 0.5618333328125 0.23187421874999997 0.5789875 0.26701640625 0.4958833328125 0.1887328125 0.48101666718749997
1 0.26730234375 0.49702708281249997 0.23158906250000003 0.57860625 0.315015625 0.5911864578125 0.34330078125 0.5057947921875 0.26730234375 0.49702708281249997
1 0.3439140625 0.5059614578125 0.31530078125 0.5908052078125 0.3998703125 0.6022406250000001 0.42215546875000004 0.51570625 0.3439140625 0.5059614578125
1 0.40057109375 0.6041895828125 0.48976171874999996 0.6171447921875 0.5037609375 0.527665625 0.42224765625 0.5162177078125 0.40057109375 0.6041895828125
1 0.39999843749999997 0.6029322921875 0.3739265625 0.7069239578125 0.4710203125 0.7240968750000001 0.48976171874999996 0.6168427078125001 0.39999843749999997 0.6029322921875
1 0.374265625 0.7067010421875 0.34095078125 0.8321114578125 0.44942578125 0.8537614578125 0.470459375 0.7246635421875001 0.374265625 0.7067010421875
1 0.28036875 0.69259375 0.23682187500000002 0.8133708328125 0.3404890625 0.8326802078125001 0.37444375 0.7071895828125 0.28036875 0.69259375
1 0.280025 0.69220625 0.1880609375 0.6764302078125 0.13870078125000002 0.793625 0.237984375 0.8160427078125 0.280025 0.69220625
1 0.18771640625 0.6781895828125 0.1002890625 0.65860625 0.042535937499999996 0.773128125 0.138578125 0.794415625 0.18771640625 0.6781895828125
1 0.14815625 0.5622489578125001 0.09933125000000001 0.6581802078125001 0.187078125 0.6777645828125001 0.23206796875000002 0.5802708328125 0.14815625 0.5622489578125001
1 0.23206484375 0.577696875 0.1889921875 0.6769125 0.28120625 0.693090625 0.315346875 0.5904885421875 0.23206484375 0.577696875
1 0.3159734375 0.591271875 0.28152499999999997 0.6913875 0.37373828124999997 0.7067135421875 0.40086015625 0.6049635421875 0.3159734375 0.591271875