1 0.27711138750000003 0.7793194625 0.27840017499999997 0.865848171875 0.316219928125 0.8832864468749999 0.3126802375 0.7940735359375 0.27711138750000003 0.7793194625
1 0.2701799359375 0.6942796484375 0.2769985625 0.77979386875 0.3129858734375 0.7940665703125 0.30897585625 0.7024069140625 0.2701799359375 0.6942796484375
1 0.2649718125 0.607562240625 0.2705575015625 0.6938553796875 0.3086427390625 0.7020044624999999 0.303770709375 0.6111836125 0.2649718125 0.607562240625
1 0.25892800781249997 0.522867303125 0.2983797265625 0.5212003015625 0.2912681171875 0.43233094687499996 0.256601846875 0.43695952499999996 0.25892800781249997 0.522867303125
1 0.291729065625 0.4313580484375 0.287250603125 0.342392159375 0.2533781640625 0.3531420953125 0.2561558078125 0.43724867500000003 0.291729065625 0.4313580484375
1 0.25927387031250004 0.5220852015624999 0.2649304890625 0.608196040625 0.3038582328125 0.6111235749999999 0.2982734109375 0.5222194171875 0.25927387031250004 0.5220852015624999
1 0.2461307078125 0.2678089734375 0.252798615625 0.3522958953125 0.2871516125 0.3436245546875 0.27976310625 0.253482690625 0.2461307078125 0.2678089734375
1 0.2797681734375 0.2531521046875 0.266894334375 0.1614183359375 0.23348224062499998 0.1818799875 0.24521037343750002 0.26834110624999996 0.2797681734375 0.2531521046875
1 0.2796926984375 0.252027603125 0.3164345546875 0.23601740468750002 0.303413415625 0.1388403078125 0.26673815312500004 0.161933984375 0.2796926984375 0.252027603125
1 0.287427528125 0.3422168046875 0.32392334843750004 0.3305064625 0.316348790625 0.23473960468750002 0.2795382890625 0.2529757265625 0.287427528125 0.3422168046875
1 0.2919202828125 0.43107283750000003 0.3303013078125 0.42553199687500004 0.3238375859375 0.32922866093750003 0.2874640390625 0.3425941890625 0.2919202828125 0.43107283750000003
1 0.298586734375 0.521004603125 0.33646365624999997 0.5196983546875 0.3302425765625 0.4241571546875 0.29229600625 0.43116257031250005 0.298586734375 0.521004603125
1 0.30398449375 0.611005546875 0.3419563578125 0.615768246875 0.3364979734375 0.5202096609375 0.298157028125 0.5213392515625 0.30398449375 0.611005546875
1 0.3088292140625 0.701783953125 0.3470028875 0.71060506875 0.34249909375 0.6150247203125 0.30325951406249996 0.611314159375 0.3088292140625 0.701783953125
1 0.3124233640625 0.7929119796874999 0.3519912078125 0.807708765625 0.34738458437499997 0.7105963671875 0.308738840625 0.7014995421875 0.3124233640625 0.7929119796874999
1 0.35178236875 0.8077210156250001 0.312633403125 0.792907190625 0.316123353125 0.8829825171874999 0.355296109375 0.9056269312499999 0.35178236875 0.8077210156250001
1 0.3972401546875 0.8243382765625 0.3514596875 0.807786415625 0.356025184375 0.9050982203125001 0.40161490625 0.9293872625 0.3972401546875 0.8243382765625
1 0.3518224765625 0.8069337125 0.396559715625 0.8240401671875001 0.3904479453125 0.7215893531249999 0.3474327703125 0.7100335609374999 0.3518224765625 0.8069337125
1 0.3900180921875 0.7216094515625 0.3851509515625 0.619886696875 0.341835334375 0.6152458109375 0.3477097328125 0.7113070031250001 0.3900180921875 0.7216094515625
1 0.3422761203125 0.6145972890625 0.3861403734375 0.6196029484375 0.3793165921875 0.5179350953124999 0.3355092703125 0.520212540625 0.3422761203125 0.6145972890625
1 0.3363188546875 0.5195818234375 0.3789692140625 0.5184551046875 0.3737057765625 0.4172628359375 0.3297213328125 0.42542913281250005 0.3363188546875 0.5195818234375
1 0.37362130625 0.41739957031249997 0.3669004171875 0.3172647046875 0.32397015156250003 0.3297564546875 0.3301569140625 0.42478634687500005 0.37362130625 0.41739957031249997
1 0.3233932421875 0.3301365859375 0.36632752343749997 0.3172777640625 0.3596778125 0.21535036562499998 0.315959846875 0.23604601249999999 0.3233932421875 0.3301365859375
1 0.35926328281250003 0.21643174062499998 0.3433173875 0.1131322421875 0.3020934796875 0.13965585 0.31615688125 0.23527479218749997 0.35926328281250003 0.21643174062499998
1 0.35983610625 0.2155742484375 0.4094361234375 0.1955402671875 0.395749615625 0.0855864015625 0.3428137640625 0.11416696562499999 0.35983610625 0.2155742484375
1 0.3658260796875 0.3173453640625 0.41588355000000005 0.30281504375 0.40965366875000003 0.1957618625 0.3594475578125 0.2166054125 0.3658260796875 0.3173453640625
1 0.37410299999999996 0.41787072187499996 0.42497517656249995 0.409803925 0.41635291875 0.3012699484375 0.36563056875 0.31726463125 0.37410299999999996 0.41787072187499996
1 0.37927739374999997 0.5177571796875 0.43129986249999996 0.5162183453125 0.42375145468750003 0.4094498609375 0.37332961249999996 0.41853056874999994 0.37927739374999997 0.5177571796875
1 0.384866875 0.6198192140625001 0.4394322234375 0.623711225 0.4313992890625 0.5154193890625 0.3794723 0.519161684375 0.384866875 0.6198192140625001
1 0.39068521562499997 0.7221568859375 0.44481247812499997 0.7323499984375 0.43906972499999997 0.624005959375 0.385275684375 0.6198604484375 0.39068521562499997 0.7221568859375
1 0.39665636718749997 0.8236475796875 0.45104292656249995 0.8419626796875 0.44459013281250004 0.7315883375000001 0.3903845265625 0.72131088125 0.39665636718749997 0.8236475796875
1 0.4011560875 0.928267753125 0.45409476875 0.9529266359375 0.4498807109375 0.8417335953125 0.39633941875 0.8242773624999999 0.4011560875 0.928267753125
1 0.4540529765625 0.9523977125 0.5164203765625001 0.9824025546874999 0.5110701875 0.8599778734375001 0.449966903125 0.84090405 0.4540529765625 0.9523977125
1 0.449958809375 0.841293684375 0.512075525 0.8607226203125 0.5038592093750001 0.7439925140625 0.44401582343749996 0.7323091796875 0.449958809375 0.841293684375
1 0.44422151249999997 0.7313336765625 0.5028143109375 0.744324334375 0.49799564218750003 0.6298188375 0.438321815625 0.6235043640625 0.44422151249999997 0.7313336765625
1 0.497499878125 0.6290755796874999 0.48995642500000003 0.5134469921875 0.43131577187500003 0.5168302421875001 0.43832624062500003 0.6241221421875001 0.497499878125 0.6290755796874999
1 0.4897648796875 0.513831446875 0.4816122921875 0.39994586875000004 0.42359076875 0.40971097343749996 0.43044429375000004 0.5175176031250001 0.4897648796875 0.513831446875
1 0.48151364843750005 0.40028794999999995 0.4731073390625 0.28543359218750003 0.41575709375000003 0.302347028125 0.4242936484375 0.40960413906250004 0.48151364843750005 0.40028794999999995
1 0.416235240625 0.301276375 0.47333209531250003 0.2859396234375 0.46674475937500004 0.1707077125 0.40956146562500007 0.1958042203125 0.416235240625 0.301276375
1 0.46611918750000003 0.1709251234375 0.45143351875000004 0.054237639062499995 0.395390803125 0.0849364484375 0.40997854843750003 0.19691625468750001 0.46611918750000003 0.1709251234375
1 0.47356867343750003 0.285049540625 0.540977953125 0.2663901921875 0.5319848656249999 0.143792978125 0.4659863859375 0.17139343125 0.47356867343750003 0.285049540625
1 0.46650079843750003 0.17035284374999998 0.531047465625 0.144070859375 0.517166103125 0.0169800140625 0.4516450359375 0.0545464375 0.46650079843750003 0.17035284374999998
1 0.48214306249999994 0.40027360156249997 0.5502781546875 0.389294028125 0.5410945671875 0.2667011546875 0.47277870625 0.2853998921875 0.48214306249999994 0.40027360156249997
1 0.490045915625 0.5138952546875 0.5577761078125001 0.512095709375 0.5494237921875 0.39050713125000003 0.482000303125 0.39971889374999997 0.490045915625 0.5138952546875
1 0.49851090468750003 0.628488953125 0.5659886109375 0.6344542078125001 0.55788084375 0.51081356875 0.489507975 0.5144186703125 0.49851090468750003 0.628488953125
1 0.50393758125 0.7437857046875 0.5734434046875 0.758653653125 0.565284190625 0.63424651875 0.49768113124999996 0.6293916187499999 0.50393758125 0.7437857046875
1 0.5106803734375001 0.8598968843750001 0.5825027921875 0.8838734640625001 0.574309325 0.7589559593749999 0.5039900578125 0.7449528562500001 0.5106803734375001 0.8598968843750001
1 0.5860837531249999 1 0.582223925 0.8854142171875001 0.511722484375 0.8601586640625 0.5166566593749999 0.982080740625 0.559627659375 1 0.5860837531249999 1
1 0.6674889640624999 1 0.6631957953125001 0.9105134734375 0.5813146328125 0.8837264203125 0.585957565625 1 0.6674889640624999 1
1 0.6541156078125 0.7753210296875 0.5737037796875 0.7593676375 0.5811137125 0.8836692125000001 0.6634958921874999 0.9122357515624999 0.6541156078125 0.7753210296875
1 0.6462813374999999 0.64091746875 0.565709015625 0.6339953015625001 0.573167528125 0.7589894765625 0.65476108125 0.7758062359375 0.6462813374999999 0.64091746875
1 0.636886084375 0.5082570796875 0.5575023453125 0.5117237359375 0.565431759375 0.6339669828125001 0.6464087234375 0.6415867421875 0.636886084375 0.5082570796875
1 0.6280784953125 0.37695947812499997 0.54969693125 0.38916216875 0.557813590625 0.5118523859375 0.636196275 0.5092979203125 0.6280784953125 0.37695947812499997
1 0.55013519375 0.38943396875 0.6275056015625 0.3769725390625 0.6172545203124999 0.2441706359375 0.5407127968750001 0.265615465625 0.55013519375 0.38943396875
1 0.5417776375 0.2649143328125 0.6177896515625 0.24392813593749998 0.60672379375 0.11037807968749999 0.5311790249999999 0.1438235171875 0.5417776375 0.2649143328125
1 0.5205797140625 0.015424584375 0.5177024328125001 0.0170885546875 0.5312815328125 0.1429767484375 0.6071806453125 0.1114995046875 0.5967038703124999 0.0176801140625 0.5205797140625 0.015424584375
1 0.6925126078125 0.072330915625 0.6873640125 0.020366340625 0.5965824875 0.017676518750000002 0.6074925624999999 0.11055528125 0.6925126078125 0.072330915625
1 0.6176937359375 0.243759003125 0.7018856765625 0.215781259375 0.69244056875 0.072215534375 0.6071591296875 0.11151216562499999 0.6176937359375 0.243759003125
1 0.627227853125 0.3764162265625 0.7119067578125 0.36226409375 0.7014410921875001 0.2148842390625 0.6177290203125 0.24339964374999998 0.627227853125 0.3764162265625
1 0.6367430828125 0.5087920890625 0.7228436375 0.505283725 0.7117867390625 0.360475921875 0.6272516609375 0.37672930312499997 0.6367430828125 0.5087920890625
1 0.64644946875 0.64088180625 0.7342691921875 0.6491909453125 0.7226394 0.504396203125 0.6362048625 0.5094362796875 0.64644946875 0.64088180625
1 0.6538268453125 0.7758397031250001 0.746781634375 0.795755540625 0.734616571875 0.6486709375 0.6458323 0.64148473125 0.6538268453125 0.7758397031250001
1 0.662939021875 0.9116024828124999 0.7523369640625 0.9454351796875 0.745864240625 0.7948945734375 0.6544718640625 0.7744647296875 0.662939021875 0.9116024828124999
1 0.7531758890625 1 0.751673284375 0.944355915625 0.6628238984375 0.9105640765624999 0.6672337500000001 1 0.7531758890625 1
0 0.7574670265625 1 0.6833222906249999 0.0202465859375 0.5266052390625 0.01560311875 0.22058795312499999 0.167476865625 0.264582178125 0.887318915625 0.5988727859375 1 0.7574670265625 1