1 0.24738488906249997 0.738862121875 0.26134416875 0.670069103125 0.211846196875 0.6507289421875 0.19844801875 0.716406671875 0.24738488906249997 0.738862121875
1 0.26374253125 0.5985851984375 0.210405796875 0.5838397109375 0.20992284374999998 0.650889109375 0.26137001249999997 0.6694876109375001 0.26374253125 0.5985851984375
1 0.26235690156249997 0.5988404046875 0.2666230015625 0.5262211125 0.213658403125 0.5147761234375 0.21034868593749997 0.583501625 0.26235690156249997 0.5988404046875
1 0.2660939484375 0.5263888046874999 0.2732991640625 0.4518753140625 0.2162714625 0.4442463 0.2131321953125 0.5144428359375001 0.2660939484375 0.5263888046874999
1 0.27330521406249997 0.45232183125000003 0.277691815625 0.37699121406249997 0.2191780328125 0.373604728125 0.21596398906249997 0.444318453125 0.27330521406249997 0.45232183125000003
1 0.2790342296875 0.37714655 0.284552521875 0.29970007656250003 0.22276241875 0.299947728125 0.21898991250000002 0.373155515625 0.2790342296875 0.37714655
1 0.284181121875 0.29975400625000004 0.28717491562499997 0.2207200828125 0.2275213703125 0.225457428125 0.2232516109375 0.2996156625 0.284181121875 0.29975400625000004
1 0.21297978125 0.1490620359375 0.22771253281249998 0.2264208375 0.2872714421875 0.22058744687499998 0.2770852296875 0.137607865625 0.21297978125 0.1490620359375
1 0.34851439375000004 0.1249042578125 0.2768092609375 0.1379907734375 0.288146234375 0.2201733296875 0.3523793671875 0.2131500703125 0.34851439375000004 0.1249042578125
1 0.352898775 0.21315776562500002 0.2874091078125 0.220715259375 0.283766621875 0.299445871875 0.34990642968749996 0.2980063109375 0.352898775 0.21315776562500002
1 0.35027708281250003 0.297719484375 0.28425886093749997 0.299648734375 0.2789020703125 0.37679076718750004 0.342710296875 0.38036833125 0.35027708281250003 0.297719484375
1 0.342787403125 0.379216090625 0.27930175 0.37672481874999997 0.2732669 0.45220585625 0.33527227187499997 0.4607026453125 0.342787403125 0.379216090625
1 0.3352033125 0.460423125 0.273766153125 0.4527294765625 0.2673907546875 0.5260928921875 0.32781727968749996 0.539004984375 0.3352033125 0.460423125
1 0.3284245375 0.53874239375 0.2669515234375 0.5260082953125 0.2641729140625 0.59901450625 0.3228709125 0.6169630234375 0.3284245375 0.53874239375
1 0.3233143234375 0.6162460484375 0.2633618015625 0.5984952484375 0.26134204375 0.6691389015625 0.31997420781249997 0.6913986734375 0.3233143234375 0.6162460484375
1 0.321436703125 0.69060005 0.2621585 0.6693714453124999 0.24740534374999998 0.7386723828124999 0.3056102078125 0.7663430625000001 0.321436703125 0.69060005
1 0.3855830359375 0.71480738125 0.320978046875 0.6907860609375 0.3054371 0.7659514296875 0.36904005156249997 0.7949978234375 0.3855830359375 0.71480738125
1 0.3860555984375 0.7162020359375 0.38883275 0.6361953406249999 0.3235361921875 0.6160399437499999 0.320282734375 0.6915525140625001 0.3860555984375 0.7162020359375
1 0.3226794984375 0.6159636749999999 0.38897950937500003 0.636909309375 0.39677926406249997 0.5548450953125 0.3276447484375 0.53874604375 0.3226794984375 0.6159636749999999
1 0.3279371796875 0.5395533921875 0.3960509 0.5547112953125 0.40577956875 0.470156046875 0.33513268906250004 0.46016016718749997 0.3279371796875 0.5395533921875
1 0.3353390921875 0.45994830468750003 0.40599490312500003 0.470492328125 0.41240277187499996 0.384724821875 0.3435152828125 0.38073408125 0.3353390921875 0.45994830468750003
1 0.3428233375 0.38023870312499997 0.41195576093749997 0.3841701875 0.4203002140625 0.29571826093750003 0.3509080390625 0.29788086406250003 0.3428233375 0.38023870312499997
1 0.4268965359375 0.2056896921875 0.35335665625 0.2133221125 0.35060351875 0.29830273749999997 0.42055039843750003 0.295915465625 0.4268965359375 0.2056896921875
1 0.3480495609375 0.125000340625 0.3529352375 0.21364826875 0.42756466875 0.204868934375 0.4236982171875 0.1108091921875 0.3480495609375 0.125000340625
1 0.513875521875 0.1960691578125 0.4272963390625 0.2050591453125 0.420626375 0.2961411859375 0.5051006203124999 0.2942061671875 0.513875521875 0.1960691578125
1 0.5054762140625 0.0930268640625 0.423481546875 0.1098371109375 0.42812191562499996 0.2045454796875 0.5136158187500001 0.1960653109375 0.5054762140625 0.0930268640625
1 0.5039372625 0.2933099015625 0.41996045000000004 0.2963296546875 0.412159934375 0.3838836578125 0.49320895781249996 0.38870416875 0.5039372625 0.2933099015625
1 0.4927305046875 0.3887737875 0.41194247187500005 0.3842819421875 0.40576557968750004 0.46995059375 0.48291721875000004 0.4810801234375 0.4927305046875 0.3887737875
1 0.48294303281250006 0.480499321875 0.40527492968749995 0.47004491093749995 0.3957873421875 0.5531918921875 0.472394590625 0.5718258984375 0.48294303281250006 0.480499321875
1 0.471992125 0.5708724890625 0.3966752546875 0.554251315625 0.3900967796875 0.6362831734375 0.4638643453125 0.6602964953125 0.471992125 0.5708724890625
1 0.46363907812500005 0.659517784375 0.389644171875 0.6365204140625 0.38539371093749997 0.71640369375 0.4601540625 0.7437778484375 0.46363907812500005 0.659517784375
1 0.459660771875 0.7431617140625 0.3858897109375 0.7151277406250001 0.369357921875 0.7946500890625 0.44409690625 0.830537125 0.459660771875 0.7431617140625
1 0.545964625 0.778425359375 0.460537696875 0.7437399953125 0.44396070937500004 0.830168153125 0.5324913437500001 0.8687031078125 0.545964625 0.778425359375
1 0.46417191406249997 0.6594938906250001 0.46076974687499994 0.743055134375 0.5463729890625 0.779266903125 0.5537836406250001 0.68683444375 0.46417191406249997 0.6594938906250001
1 0.4629236828125 0.6595500328125 0.55282535 0.687358584375 0.562349725 0.5920432296875 0.47249090000000005 0.5716773640625 0.4629236828125 0.6595500328125
1 0.573910034375 0.49420110624999997 0.4827261796875 0.4812376203125 0.47180698125 0.57166723125 0.5624174625 0.5918092734375 0.573910034375 0.49420110624999997
1 0.4824808546875 0.4804316609375 0.5723897453125 0.4940735421875 0.5846384437500001 0.3934566328125 0.4933937640625 0.38885341093750003 0.4824808546875 0.4804316609375
1 0.5853217453124999 0.394770790625 0.6010819625 0.29211544375 0.50490641875 0.293477675 0.4925688765625 0.3892475359375 0.5853217453124999 0.394770790625
1 0.613178084375 0.1863167609375 0.5140897890625 0.1974074640625 0.5045447875 0.293186909375 0.6010618062499999 0.29113314375 0.613178084375 0.1863167609375
1 0.606431571875 0.0721804515625 0.5056181343749999 0.0939121453125 0.5138188296874999 0.1958464859375 0.61383101875 0.18562984375 0.606431571875 0.0721804515625
1 0.72915759375 0.0472897421875 0.6061097984375 0.07240788125 0.6138570796875 0.18429440625 0.73017681875 0.17132774687500002 0.72915759375 0.0472897421875
1 0.7292752250000001 0.1706178 0.6132193375 0.185388584375 0.6019877124999999 0.2911295859375 0.7128651296874999 0.2878953859375 0.7292752250000001 0.1706178
1 0.7125535234375 0.28774841093750003 0.6016657609375 0.29121534375 0.5856053515624999 0.39363335781250003 0.698194190625 0.40087545156250004 0.7125535234375 0.28774841093750003
1 0.58520030625 0.3942154515625 0.5739160328125 0.49414936562499995 0.6835436515625 0.509380496875 0.6981418859375 0.400533290625 0.58520030625 0.3942154515625
1 0.684382671875 0.5096880109375 0.5737188 0.494113271875 0.561904675 0.5914029328125 0.669047546875 0.6167620921875 0.684382671875 0.5096880109375
1 0.6687370109375 0.6167574921875 0.5618950359375 0.592181615625 0.5539355328125 0.6872872671875 0.655432025 0.7201451140625 0.6687370109375 0.6167574921875
1 0.6282571640625 0.91863444375 0.646028834375 0.819725428125 0.546197415625 0.7773701015625 0.5315337515625 0.869357178125 0.6282571640625 0.91863444375
1 0.6551271937500001 0.719991328125 0.5527075578125 0.686887609375 0.546197415625 0.7773701015625 0.6457070625 0.8199528578124999 0.6551271937500001 0.719991328125
1 0.7658491421875 0.8678708359374999 0.6460291812500001 0.8203418609375 0.628765703125 0.9184913265624999 0.7382982484375 0.97685440625 0.7658491421875 0.8678708359374999
1 0.6465015796875 0.8199715390625 0.7659378546875 0.8691209000000001 0.7813958421875 0.759261584375 0.6554033875 0.7192912265625 0.6465015796875 0.8199715390625
1 0.778057978125 0.757330371875 0.79571219375 0.6470391984375 0.6689229296875 0.6163615015625 0.6550273578125 0.7200527359375 0.778057978125 0.757330371875
1 0.7947501156250001 0.64627514375 0.8130562140625001 0.5283290546875 0.683886109375 0.5092287 0.669867275 0.6170250921875 0.7947501156250001 0.64627514375
1 0.6835730734375 0.5091971109375 0.8138585718750001 0.529940059375 0.8325689765625001 0.409909496875 0.69793709375 0.4009794484375 0.6835730734375 0.5091971109375
1 0.6980503375 0.40022095625 0.8329693125000001 0.40895485000000004 0.8512640156250001 0.2842734984375 0.712227865625 0.287210084375 0.6980503375 0.40022095625
1 0.7130941546875 0.2875491 0.851316190625 0.2849515125 0.87138113125 0.1554188671875 0.7296625031249999 0.171954521875 0.7130941546875 0.2875491
1 0.7289833015625 0.048131637500000005 0.7294123625 0.171465 0.8713299046874999 0.154885990625 0.8815399171875 0.0169470765625 0.7289833015625 0.048131637500000005
1 0.9005185687499999 0.013341015625 0.8805142125 0.017427373437499998 0.8716936546875 0.15437999375 0.9944935796875001 0.1387092671875 1 0.0148148140625 0.9005185687499999 0.013341015625
1 0.8512811093750001 0.2842633859375 0.9882121859374999 0.2800406421875 0.9945103953125001 0.1383309296875 0.8704041328125 0.154948984375 0.8512811093750001 0.2842633859375
1 0.8326929156249999 0.4085983140625 0.9821473218750001 0.41650005625000003 0.9882569265625 0.279033975 0.8525552515625 0.284019659375 0.8326929156249999 0.4085983140625
1 0.98213103125 0.4168666 0.8324431421874999 0.40903689375 0.8136520718750001 0.529196871875 0.9716266015624999 0.5527735859375 0.977783075 0.514695609375 0.98213103125 0.4168666
1 0.9701960984375001 0.551603846875 0.8138164328125 0.5288489390625 0.7954426640625 0.6464865015625 0.949157371875 0.682050853125 0.9701960984375001 0.551603846875
1 0.9497110718749999 0.681703159375 0.79543175625 0.6466694734375 0.7787827359375 0.7597093796875 0.92890868125 0.8068117546875 0.9497110718749999 0.681703159375
1 0.929515203125 0.8060039046874999 0.7797995453125 0.7592835453125 0.7668152312500001 0.867379290625 0.9101115312499999 0.927649575 0.929515203125 0.8060039046874999
1 0.8934459468749999 1 0.9095061421875 0.9272667421874999 0.768413165625 0.8685065890624999 0.7383414140625 0.9770692734375 0.81738429375 1 0.8934459468749999 1
0 0.9102086171874999 1 0.9731362453125 0.619249290625 1 0.0148148140625 0.756906315625 0.0112134265625 0.178263975 0.1269589375 0.1627011703125 0.7266369312500001 0.8536524375000001 1 0.9102086171874999 1