1 0.3603425 0.28446867187499997 0.36706625000000004 0.23785547187499997 0.31531750000000003 0.235810359375 0.301344375 0.283875521875 0.3603425 0.28446867187499997
1 0.3019025 0.28320133593749997 0.28759250000000003 0.3340167078125 0.35124875 0.33579699218750003 0.36012125 0.28595238125 0.3019025 0.28320133593749997
1 0.359744375 0.2848320796875 0.41894187499999996 0.2854770265625 0.42382125000000004 0.23830242343750002 0.3672625 0.23889557187500002 0.359744375 0.2848320796875
1 0.418806875 0.284179615625 0.47927125000000004 0.2825096078125 0.48038 0.2356315796875 0.42359937499999994 0.2374118625 0.418806875 0.284179615625
1 0.47909750000000006 0.28250041718749996 0.53900875 0.28294068437500003 0.538144375 0.23572180468749998 0.48065749999999996 0.23629991718749999 0.47909750000000006 0.28250041718749996
1 0.538491875 0.282054303125 0.599580625 0.2816691734375 0.59497 0.23560735156249998 0.53820375 0.23599248125 0.538491875 0.282054303125
1 0.652745 0.23791980000000001 0.5949875 0.23588053437499998 0.5992925 0.28147619062499996 0.659660625 0.285523809375 0.652745 0.23791980000000001
1 0.659985625 0.2840634921875 0.719776875 0.28676106875 0.709115625 0.24069924843749999 0.65278125 0.23761570625 0.659985625 0.2840634921875
1 0.720230625 0.2867393484375 0.78019125 0.2895580625 0.76463125 0.2411829578125 0.708873125 0.24060484531249998 0.720230625 0.2867393484375
1 0.720230625 0.2867393484375 0.731205 0.3387042609375 0.7951756249999999 0.33600584843750003 0.779759375 0.28975104375 0.720230625 0.2867393484375
1 0.6597475 0.28459314999999996 0.66781625 0.3352807015625 0.732074375 0.33894235625 0.7198275 0.28709857968749997 0.6597475 0.28459314999999996
1 0.60021875 0.282076859375 0.604854375 0.33123308281249997 0.668104375 0.334895571875 0.65960375 0.28478613125 0.60021875 0.282076859375
1 0.5390237499999999 0.28250041718749996 0.540130625 0.33297995 0.60482125 0.3320158734375 0.59977875 0.281521303125 0.5390237499999999 0.28250041718749996
1 0.47933062499999995 0.283448621875 0.477169375 0.3335580625 0.540419375 0.3331729328125 0.5389781250000001 0.28209941562499996 0.47933062499999995 0.283448621875
1 0.418874375 0.2839014203125 0.41350499999999996 0.334609021875 0.477745 0.333827903125 0.4791075 0.282398496875 0.418874375 0.2839014203125
1 0.36030875 0.2854076859375 0.351558125 0.3352715125 0.41398999999999997 0.333538846875 0.41917125000000005 0.2839841265625 0.36030875 0.2854076859375
1 0.28790499999999997 0.3336073515625 0.27451625 0.3853500421875 0.340705 0.3908947375 0.3509375 0.3359690890625 0.28790499999999997 0.3336073515625
1 0.351370625 0.33584210468750003 0.340879375 0.3914603171875 0.40797437499999994 0.38938178749999997 0.41406187499999997 0.334456140625 0.351370625 0.33584210468750003
1 0.40834000000000004 0.389236425 0.47477749999999996 0.3894152046875 0.47659124999999997 0.3334502921875 0.41415875 0.334663325 0.40834000000000004 0.389236425
1 0.541995625 0.3892230578125 0.540605 0.333416875 0.47671374999999994 0.3332581453125 0.47425249999999997 0.389395990625 0.541995625 0.3892230578125
1 0.5407474999999999 0.3330359234375 0.542643125 0.389742690625 0.610126875 0.3881829578125 0.604298125 0.3306591484375 0.5407474999999999 0.3330359234375
1 0.60462375 0.3312481203125 0.61006375 0.388252296875 0.678454375 0.3915446953125 0.668221875 0.335406015625 0.60462375 0.3312481203125
1 0.668261875 0.33499916406249997 0.678111875 0.3914778609375 0.744955625 0.3962255640625 0.73095625 0.338725146875 0.668261875 0.33499916406249997
1 0.744634375 0.3964820390625 0.81297 0.3934527984375 0.7958149999999999 0.33648036718749996 0.731140625 0.3396449453125 0.744634375 0.3964820390625
1 0.74506875 0.396192146875 0.7601256249999999 0.4586023390625 0.833279375 0.4551729328125 0.8121812500000001 0.3931888046875 0.74506875 0.396192146875
1 0.67691625 0.391870509375 0.687958125 0.45411779374999994 0.75973125 0.4586023390625 0.745534375 0.39635421875 0.67691625 0.391870509375
1 0.610228125 0.3896399328125 0.6157487500000001 0.45188805312499997 0.688310625 0.45478947343750004 0.677663125 0.391750209375 0.610228125 0.3896399328125
1 0.54220125 0.3899039265625 0.5439756250000001 0.45215204687500005 0.6165375 0.451624059375 0.610228125 0.3875304921875 0.54220125 0.3899039265625
1 0.475034375 0.38908939062500003 0.47247125 0.4521278203125 0.543455625 0.4510735171875 0.542666875 0.389616540625 0.475034375 0.38908939062500003
1 0.4079125 0.38959315 0.400974375 0.452059315625 0.47222125000000004 0.45223725937500003 0.4746225 0.3888788640625 0.4079125 0.38959315
1 0.34133562500000003 0.3917117796875 0.32969499999999996 0.453129490625 0.400941875 0.452416040625 0.40747937500000003 0.3897719296875 0.34133562500000003 0.3917117796875
1 0.27439 0.386217209375 0.25849500000000003 0.4469741015625 0.329475 0.452862990625 0.341349375 0.391825396875 0.27439 0.386217209375
1 0.2580325 0.44725062656250003 0.240420625 0.51524895625 0.3167375 0.5236374265625 0.329679375 0.45331913124999995 0.2580325 0.44725062656250003
1 0.316690625 0.5241328328125 0.3938075 0.5239540515625001 0.401145625 0.452207184375 0.3296325 0.45345697500000004 0.316690625 0.5241328328125
1 0.47281500000000004 0.45220634843749996 0.40123375 0.45274185468750006 0.39396375 0.523953215625 0.46934624999999996 0.5218111953125 0.47281500000000004 0.45220634843749996
1 0.472436875 0.4513684203125 0.469115625 0.5225246453125 0.5463662499999999 0.5221679203125 0.543964375 0.4516700078125 0.472436875 0.4513684203125
1 0.545955625 0.5224678359375 0.62320625 0.523895571875 0.616135 0.45179197968749996 0.5440875000000001 0.4514352546875 0.545955625 0.5224678359375
1 0.616268125 0.45179197968749996 0.6226725 0.524431078125 0.7002875000000001 0.5271086046875 0.68854625 0.4548262328125 0.616268125 0.45179197968749996
1 0.69999375 0.5267243109375 0.77759 0.5294427734375 0.75824375 0.4580534671875 0.688331875 0.45501921406249995 0.69999375 0.5267243109375
1 0.7773625 0.5296675015625001 0.855393125 0.5307243109375 0.833111875 0.455586465625 0.7593300000000001 0.4587994984375 0.7773625 0.5296675015625001
1 0.77795125 0.5304653296875 0.7961381249999999 0.6135171265625 0.879546875 0.6160334171875 0.855715625 0.531583959375 0.77795125 0.5304653296875
1 0.699275 0.5254954046875 0.7137743750000001 0.608762740625 0.796346875 0.6135171265625 0.777115 0.5287869671875 0.699275 0.5254954046875
1 0.623246875 0.524061821875 0.630925 0.6054126984375 0.714334375 0.6084887218749999 0.699283125 0.526835421875 0.623246875 0.524061821875
1 0.545596875 0.5228387640625 0.547883125 0.6032514625000001 0.631486875 0.6045739343750001 0.6230137499999999 0.5239089390625 0.545596875 0.5228387640625
1 0.4697125 0.523795321875 0.465616875 0.6035154546875 0.5480912499999999 0.60332665 0.545549375 0.52228404375 0.4697125 0.523795321875
1 0.39393 0.523046784375 0.383924375 0.604478696875 0.4656925 0.60391228125 0.469646875 0.5228696734375 0.39393 0.523046784375
1 0.316698125 0.52387719375 0.30090249999999996 0.6036365921875 0.3840825 0.6043918125000001 0.393826875 0.5244828734375 0.316698125 0.52387719375
1 0.24024312499999997 0.5153609015625 0.21857500000000002 0.59661069375 0.301190625 0.604923140625 0.316301875 0.5238797 0.24024312499999997 0.5153609015625
1 0.301605 0.60408771875 0.218643125 0.5965772765625 0.19187437499999999 0.6949540515625 0.28338687500000004 0.6981654140625 0.301605 0.60408771875
1 0.30126624999999996 0.604154553125 0.283048125 0.698232246875 0.37258375 0.6989883046875 0.383458125 0.6039657484375 0.30126624999999996 0.604154553125
1 0.461584375 0.69923391875 0.46610375 0.604401003125 0.38334687500000003 0.60496741875 0.37261375 0.698289890625 0.461584375 0.69923391875
1 0.5474481250000001 0.602889725 0.46525625000000004 0.6045898078125 0.46215 0.698289890625 0.551261875 0.700745196875 0.5474481250000001 0.602889725
1 0.551613125 0.70036424375 0.640961875 0.701383459375 0.631055 0.603780284375 0.548565 0.6035254796875 0.551613125 0.70036424375
1 0.640890625 0.7011812859375001 0.730429375 0.7047493734375 0.715379375 0.6084202171875 0.6309843749999999 0.6043425234375001 0.640890625 0.7011812859375001
1 0.7305531249999999 0.7047426906250001 0.821301875 0.7085722640625 0.7957737500000001 0.612752715625 0.713665 0.607910609375 0.7305531249999999 0.7047426906250001
1 0.8213212499999999 0.70866583125 0.9113149999999999 0.7111202999999999 0.8793093750000001 0.6153007515625 0.7960575000000001 0.6140267328125 0.8213212499999999 0.70866583125
1 0.8209025000000001 0.7081052624999999 0.8516524999999999 0.81599248125 0.9512881249999999 0.8182857140625 0.9107100000000001 0.7104895578125 0.8209025000000001 0.7081052624999999
1 0.73013375 0.70502255625 0.752588125 0.8098763578125 0.851461875 0.8144636593750001 0.82079 0.7081954890625 0.73013375 0.70502255625
1 0.6412225 0.7016474515625 0.653605625 0.803837928125 0.75267 0.8099540515625 0.731333125 0.7049599 0.6412225 0.7016474515625
1 0.5511118749999999 0.6999791140625 0.555156875 0.803762740625 0.65422125 0.8052915625000001 0.641266875 0.7008078531249999 0.5511118749999999 0.6999791140625
1 0.46202 0.6982982453125001 0.4564725 0.8018989140624999 0.55534625 0.803938178125 0.550011875 0.6999632421875 0.46202 0.6982982453125001
1 0.372458125 0.699453634375 0.35798 0.8021537171875 0.4564725 0.803683375 0.461044375 0.6986892234375001 0.372458125 0.699453634375
1 0.283836875 0.6974578109375 0.26235375 0.802385965625 0.358179375 0.802385965625 0.37208687500000004 0.6986666671874999 0.283836875 0.6974578109375
1 0.164139375 0.8019732671875 0.26083 0.8028955718749999 0.28331 0.6981570593749999 0.191675625 0.6956081875 0.164139375 0.8019732671875
0 0.786509375 0.2182414375 0.3010475 0.2006516296875 0.11154062499999999 0.829878028125 0.993828125 0.8526716796875 0.786509375 0.2182414375