1 0.7857349537037037 0.3109375 0.0729166666666666 0.0703125
1 0.7911458333333334 0.4359375 0.07123842592592596 0.0671875
1 0.7997974537037037 0.5640625 0.07285879629629637 0.06875
1 0.727199074074074 0.50234375 0.07592592592592595 0.0671875
1 0.723119212962963 0.434375 0.07916666666666661 0.0703125
1 0.6504918981481481 0.43515625 0.08396990740740726 0.0734375
1 0.6594328703703705 0.57109375 0.08240740740740726 0.0734375
1 0.7184317129629629 0.37109375 0.07928240740740744 0.0734375
1 0.5766203703703704 0.5078125 0.08391203703703702 0.071875
1 0.7375868055555556 0.76171875 0.0809606481481481 0.0765625
1 0.48324652777777777 0.43359375 0.09513888888888893 0.0796875
1 0.7328125 0.6328125 0.08078703703703702 0.071875
1 0.49027777777777776 0.58125 0.09513888888888893 0.0796875
1 0.5786458333333334 0.646875 0.0887731481481481 0.0765625
1 0.39317129629629627 0.51171875 0.09982638888888892 0.0796875
1 0.497193287037037 0.72578125 0.09513888888888893 0.0796875
1 0.641550925925926 0.29921875 0.08396990740740744 0.0734375
1 0.47459490740740745 0.284375 0.09525462962962976 0.0828125
1 0.5853298611111111 0.78515625 0.08894675925925917 0.08125
1 0.641724537037037 0.3671875 0.08240740740740744 0.0734375
1 0.39962384259259254 0.66484375 0.10162037037037042 0.0859375
1 0.5627604166666667 0.365625 0.09351851851851851 0.078125
1 0.6620949074074074 0.70625 0.08715277777777786 0.075
1 0.3850983796296296 0.35703125 0.10162037037037033 0.0859375
1 0.4098090277777778 0.81328125 0.10173611111111107 0.0890625
1 0.29548611111111106 0.5953125 0.11099537037037041 0.0859375
1 0.5684606481481481 0.43515625 0.0887731481481481 0.0765625
1 0.5811342592592592 0.7140625 0.0887731481481481 0.0765625
1 0.5776041666666666 0.5765625 0.0856481481481481 0.0765625
1 0.2839699074074074 0.43203125 0.109375 0.084375
1 0.30280671296296297 0.75078125 0.11122685185185191 0.0921875
1 0.4788773148148149 0.3578125 0.09363425925925917 0.08125
1 0.3041087962962963 0.828125 0.1096643518518519 0.0921875
1 0.4038483796296296 0.73671875 0.09849537037037023 0.0859375
1 0.38559027777777777 0.43359375 0.09832175925925934 0.08125
1 0.48680555555555555 0.50859375 0.0919560185185185 0.078125
1 0.2755208333333333 0.2671875 0.1143518518518519 0.0921875
1 0.4936921296296296 0.65234375 0.09357638888888893 0.0796875
1 0.2967881944444445 0.67265625 0.11111111111111108 0.0890625
1 0.27864583333333337 0.3515625 0.1111689814814815 0.090625
1 0.3951678240740741 0.58671875 0.10150462962962967 0.0828125
1 0.287962962962963 0.51875 0.10775462962962959 0.0828125
1 0.17450810185185187 0.5140625 0.12650462962962958 0.0828125
1 0.1839988425925926 0.6859375 0.12390046296296298 0.096875
1 0.17057291666666669 0.42890625 0.12528935185185186 0.0921875
1 0.16597222222222224 0.346875 0.12696759259259255 0.0953125
1 0.1793113425925926 0.6015625 0.12517361111111108 0.0890625
1 0.1876736111111111 0.7640625 0.1208333333333333 0.0984375
1 0.19383680555555555 0.84609375 0.12401620370370367 0.1
1 0.16116898148148148 0.259375 0.1270833333333333 0.0984375
1 0.5400953765625001 0.75405699375 0.45192742656249996 0.7644745140625 0.455924025 0.8378172125000001 0.545668871875 0.8229333734375001 0.5400953765625001 0.75405699375
1 0.7005118421875001 0.6659658125 0.69652108125 0.601887915625 0.61938871875 0.6052383171875 0.6212507546875 0.6728135046875 0.7005118421875001 0.6659658125
1 0.7628564 0.532392709375 0.691518003125 0.534321740625 0.695615778125 0.60117486875 0.7672237265625 0.59582686875 0.7628564 0.532392709375
1 0.687948928125 0.46882460937500003 0.6134092203125 0.47046805156250004 0.6157080921875 0.537694103125 0.6929379499999999 0.5353214546875 0.687948928125 0.46882460937500003
1 0.8309945375 0.53017806875 0.8263276562499999 0.4681246484375 0.7607072703125 0.467895290625 0.76420198125 0.5320277015625 0.8309945375 0.53017806875
1 0.76973105625 0.6586674234375 0.8356863984375 0.6527367265625 0.8336902234375 0.590118865625 0.7674211093750001 0.59463843125 0.76973105625 0.6586674234375
1 0.8363932000000001 0.65272438125 0.770899421875 0.6584699390625001 0.771776440625 0.7221690171875 0.83991545 0.7130151687499999 0.8363932000000001 0.65272438125
1 0.8395844578125 0.7126984171874999 0.771757203125 0.7218159890625 0.77286876875 0.7855109703125 0.84085358125 0.7735273796875 0.8395844578125 0.7126984171874999
1 0.7692887328125 0.6592055890624999 0.6996301609375 0.6664397140625 0.7003862046875 0.7322658234375 0.772473603125 0.7219797625 0.7692887328125 0.6592055890624999
1 0.702457515625 0.7319845843749999 0.622855984375 0.7412208515625001 0.6260112234374999 0.8087062578124999 0.7038599578125 0.79618753125 0.702457515625 0.7319845843749999
1 0.8172701390625001 0.345358446875 0.75014836875 0.341900740625 0.7556580703125 0.4054912328125 0.822161415625 0.406120190625 0.8172701390625001 0.345358446875
1 0.7476530218749999 0.277676565625 0.676980909375 0.2708318265625 0.6802604234375 0.3368304625 0.7491964640625 0.340854115625 0.7476530218749999 0.277676565625
1 0.599817 0.26398189843750003 0.5178562765625 0.2555809546875 0.520539028125 0.327919715625 0.6038865703125 0.332133553125 0.5999414828125 0.264353640625 0.599817 0.26398189843750003
1 0.4264613234375 0.24696455312499999 0.327276634375 0.23703202499999998 0.331311909375 0.316281609375 0.430594775 0.3228187171875 0.4264613234375 0.24696455312499999