1 0.058229166666666665 0.4812384259259259 0.08697916666666665 0.09015046296296295
1 0.07171875 0.6292418981481481 0.08666666666666664 0.08546296296296294
1 0.08708333333333333 0.7724768518518518 0.08854166666666666 0.09023148148148152
1 0.08260416666666667 0.6995254629629629 0.09020833333333333 0.09187499999999993
1 0.04984375 0.3384201388888889 0.08875 0.09335648148148153
1 0.22104166666666666 0.6082638888888889 0.09989583333333334 0.09704861111111107
1 0.14713541666666666 0.6191030092592593 0.09177083333333336 0.0919560185185185
1 0.13682291666666666 0.5402256944444443 0.08833333333333333 0.08710648148148152
1 0.16114583333333332 0.7709722222222222 0.09708333333333333 0.10157407407407426
1 0.15307291666666667 0.6935358796296296 0.09354166666666668 0.0951620370370371
1 0.12588541666666667 0.3889756944444444 0.09375 0.098287037037037
1 0.11947916666666666 0.23982638888888888 0.09395833333333332 0.10141203703703709
1 0.13182291666666665 0.46340856481481485 0.09364583333333334 0.0967245370370371
1 0.30255208333333333 0.50671875 0.10968750000000008 0.10378472222222221
1 0.12244791666666668 0.3120775462962963 0.09385416666666666 0.0998495370370371
1 0.20859375 0.44463541666666667 0.10020833333333332 0.10173611111111107
1 0.4070833333333333 0.5853819444444445 0.12270833333333328 0.11224537037037034
1 0.3790104166666667 0.22403356481481485 0.12333333333333343 0.12162037037037035
1 0.19895833333333332 0.28553240740740743 0.10541666666666667 0.10979166666666665
1 0.23598958333333334 0.7694270833333333 0.10187499999999998 0.10337962962962965
1 0.32390625 0.7703182870370371 0.11187500000000003 0.1132407407407408
1 0.3166666666666667 0.6803819444444444 0.11479166666666671 0.11027777777777778
1 0.2796354166666667 0.17313078703703705 0.11187500000000003 0.11324074074074075
1 0.23380208333333333 0.6854571759259259 0.10500000000000007 0.10354166666666664
1 0.29213541666666665 0.3359780092592593 0.11166666666666662 0.11011574074074079
1 0.5108854166666668 0.4647743055555555 0.1341666666666665 0.12062500000000007
1 0.49453125 0.2779918981481481 0.13312500000000008 0.1283564814814815
1 0.3921875 0.40008101851851857 0.12156249999999993 0.11841435185185176
1 0.5259375000000001 0.6594097222222223 0.14125000000000015 0.13344907407407405
1 0.20380208333333333 0.364693287037037 0.1067708333333333 0.10674768518518522
1 0.42151041666666667 0.7660358796296297 0.1265625 0.12334490740740733
1 0.28817708333333336 0.2552141203703704 0.11031250000000004 0.11315972222222222
1 0.3731770833333333 0.13635995370370368 0.1234375 0.12318287037037035
1 0.31203125 0.5980960648148148 0.11614583333333339 0.10723379629629637
1 0.48171875000000003 0.09647569444444444 0.14000000000000004 0.13805555555555554
1 0.53546875 0.7616840277777778 0.13625000000000007 0.12851851851851848
1 0.6267708333333333 0.3380902777777778 0.14906249999999996 0.1338541666666666
1 0.6469270833333334 0.5495891203703704 0.15020833333333333 0.12768518518518518
1 0.6118750000000001 0.1411111111111111 0.15145833333333342 0.1464351851851852
1 0.4139583333333333 0.6691087962962963 0.12645833333333326 0.12178240740740734
1 0.2971875 0.42369212962962965 0.11156249999999997 0.10855324074074062
1 0.4890104166666667 0.185630787037037 0.13354166666666673 0.1346064814814815
1 0.3905208333333333 0.3082986111111111 0.12677083333333333 0.12646990740740743
1 0.5211458333333334 0.5677893518518518 0.1375 0.12391203703703688
1 0.6573958333333334 0.6494791666666666 0.15906249999999994 0.14371527777777793
1 0.6626041666666667 0.7582060185185184 0.1578125 0.14832175925925917
1 0.6025520833333333 0.05952256944444444 0.15124999999999994 0.11904513888888887
1 0.40421874999999996 0.4882118055555555 0.12437500000000004 0.11388888888888893
1 0.6240104166666667 0.2393576388888889 0.1510416666666666 0.1401851851851852
1 0.5046354166666667 0.3716724537037037 0.1364583333333332 0.13164351851851847
1 0.6378125 0.4410648148148148 0.14593749999999997 0.13369212962962962
1 0.7607812500000001 0.19645254629629627 0.1755208333333334 0.15702546296296296
1 0.7805208333333333 0.4142013888888888 0.18239583333333337 0.14336805555555543
1 0.7705729166666666 0.30649884259259264 0.1828125 0.1496180555555556
1 0.7938020833333332 0.5302951388888889 0.17927083333333335 0.1432060185185186
1 0.798125 0.640625 0.18322916666666664 0.1558680555555556
1 0.7536458333333333 0.09327546296296296 0.17281249999999987 0.16311342592592593
1 0.7401041666666666 0.025914351851851848 0.1760416666666668 0.051828703703703696
1 0.8085416666666667 0.7529745370370371 0.18218749999999986 0.16359953703703703
1 0.1572524375 0.263794734375 0.24036948281249998 0.23438481718749998 0.23588343125 0.15495400312500002 0.15367705781250002 0.1902111765625 0.1572524375 0.263794734375
1 0.1793893578125 0.5734996171875 0.262196440625 0.559155896875 0.25531416406249996 0.47842477343749995 0.17382463125 0.4955427671875 0.1793893578125 0.5734996171875
1 0.037496028125000004 0.5972811546875 0.1056905875 0.58546859375 0.1003591390625 0.5121860875 0.030247040625 0.5269731578125 0.037496028125000004 0.5972811546875
1 0.0248235859375 0.4565063125 0.093568103125 0.43783405468750003 0.087092528125 0.3654105171875 0.020620940625 0.3866132703125 0.0248235859375 0.4565063125
1 0.018262640625 0.31711947500000004 0.0854789 0.2919796046875 0.081758765625 0.2208403453125 0.015656628125 0.24858460624999998 0.018262640625 0.31711947500000004