1 0.746338184375 0.7724748625 0.6681250859375 0.768707859375 0.6586385296875 0.849634409375 0.7333935125 0.8544280421874999 0.746338184375 0.7724748625
1 0.66773875 0.76946564375 0.591792796875 0.76812005 0.5846090625 0.8468226703124999 0.65879629375 0.8495426234375 0.66773875 0.76946564375
1 0.5199143390625001 0.764239540625 0.5152328203125001 0.8457618625000001 0.584566634375 0.8467607781250001 0.5917421921875 0.7685051015625 0.5199143390625001 0.764239540625
1 0.67792129375 0.6863667437500001 0.6673753828125 0.76879826875 0.7461152671875 0.7719740093749999 0.7599994718749999 0.6891390484375 0.67792129375 0.6863667437500001
1 0.6898632640625 0.60206024375 0.67792129375 0.6863667437500001 0.7600500765625 0.68875399375 0.7746634859375 0.60378755625 0.6898632640625 0.60206024375
1 0.690770571875 0.601712209375 0.60779989375 0.6035491140625 0.5999074656250001 0.6876442609375 0.678391153125 0.688132315625 0.690770571875 0.601712209375
1 0.6783409390624999 0.6875474953125 0.599621678125 0.6876319109375 0.5929589171874999 0.7667442859375 0.6683899890625 0.769041109375 0.6783409390624999 0.6875474953125
1 0.5926921453125 0.7678173875 0.600179621875 0.68680355625 0.5233262437499999 0.6858068828125 0.5198563171874999 0.7643266718749999 0.5926921453125 0.7678173875
1 0.5276059546874999 0.60078114375 0.5245699453125 0.6850861484374999 0.5991503875 0.6876895328125 0.6077534953125 0.600758446875 0.5276059546874999 0.60078114375
1 0.7019758687500001 0.5058902468750001 0.6898423671875 0.602583728125 0.7747540078124999 0.60456684375 0.7924884343749999 0.5078652984375001 0.7019758687500001 0.5058902468750001
1 0.6155264500000001 0.507964065625 0.607226040625 0.60172436875 0.69029925625 0.602620503125 0.7026301562499999 0.5074674781249999 0.6155264500000001 0.507964065625
1 0.5319334734375001 0.5101622140625001 0.5279538171875 0.599460559375 0.6071936578125 0.602436496875 0.6159134468749999 0.5072063109375 0.5319334734375001 0.5101622140625001
1 0.6258482453124999 0.40538369999999996 0.6155264500000001 0.507964065625 0.7020453875 0.5060295015625 0.716129434375 0.40037664531250006 0.6258482453124999 0.40538369999999996
1 0.716075315625 0.4007884375 0.7019216328125 0.50630293125 0.7919540796875 0.5073599515625 0.8101173453125 0.4021406296875 0.716075315625 0.4007884375
1 0.5362135671875 0.4089593734375 0.5322449140625001 0.50910359375 0.615573434375 0.5074040609375 0.6254356328124999 0.405455509375 0.5362135671875 0.4089593734375
1 0.7308423312500001 0.2856104921875 0.715151171875 0.4019783484375 0.809877784375 0.40231314218750003 0.831488278125 0.2802947703125 0.7308423312500001 0.2856104921875
1 0.6345521296875 0.29111353906250004 0.6250101828125 0.40613630624999997 0.716255459375 0.40183244843750004 0.7315640375 0.286178615625 0.6345521296875 0.29111353906250004
1 0.542616778125 0.2968056640625 0.5361273828125 0.40981259375 0.6249886546875 0.4061533046875 0.6344819625 0.2916474421875 0.542616778125 0.2968056640625
1 0.7488944296875 0.1543104296875 0.7308423312500001 0.2856104921875 0.8316654937499999 0.28048529218749996 0.8555751953125 0.14549782656250002 0.7488944296875 0.1543104296875
1 0.6459630703125 0.16489675937499998 0.6340155296875001 0.292164225 0.731095215625 0.28558466718750003 0.7486137625 0.1564460484375 0.6459630703125 0.16489675937499998
1 0.547342021875 0.1729837703125 0.5405672609375001 0.2972540375 0.6342908765625 0.2920282171875 0.6453570796875 0.1664804875 0.547342021875 0.1729837703125
1 0.7673726515625 0.010681032812500001 0.7491503609375 0.1553953625 0.8545602859375 0.1462849234375 0.8829491171875 0.0038636437500000004 0.7673726515625 0.010681032812500001
1 0.6582915375 0.022611532812499998 0.645171196875 0.16486254218750002 0.7494511453125 0.1559112328125 0.7671621515625 0.012282748437500001 0.6582915375 0.022611532812499998
1 0.5537063828125001 0.0336624390625 0.5472718546875 0.1735176734375 0.645494946875 0.1667679109375 0.65868714375 0.0226286265625 0.5537063828125001 0.0336624390625
1 0.4533247484375 0.30205177031249997 0.4523584234375 0.4093910625 0.536394971875 0.4092648125 0.5421373828125 0.298909390625 0.4533247484375 0.30205177031249997
1 0.4544862390625 0.178075878125 0.4542569546875 0.30101818125 0.5410500875 0.2980350375 0.547469278125 0.1735037953125 0.4544862390625 0.178075878125
1 0.45348785156250004 0.0432688171875 0.45355403125000004 0.17910946875 0.5464357171875001 0.173703846875 0.5532970390624999 0.035233150000000005 0.45348785156250004 0.0432688171875
1 0.45388412031250003 0.0432859390625 0.35822006093750003 0.05311153749999999 0.3647167796875 0.1854715109375 0.4534136984375 0.1801772796875 0.45388412031250003 0.0432859390625
1 0.45269199374999997 0.1796091546875 0.363528640625 0.18542016875 0.367564665625 0.3031783140625 0.45437170312499997 0.3007829078125 0.45269199374999997 0.1796091546875
1 0.45369744843750004 0.3012458890625 0.3673551546875 0.30377522031250004 0.3707766921875 0.4106524484375 0.4523455890625 0.40910904375 0.45369744843750004 0.3012458890625
1 0.5367418890625 0.40902970937500005 0.4522856734375 0.4095143109375 0.4517153609375 0.5096942296875 0.5322620421875001 0.5100616765625 0.5367418890625 0.40902970937500005
1 0.3721755484375 0.41142910937500005 0.374805203125 0.5083499953125 0.4515167625 0.5092867546875001 0.452062621875 0.4094903296875 0.3721755484375 0.41142910937500005
1 0.36816659375 0.303918746875 0.287386125 0.30518338125 0.29432801249999996 0.4114615578125 0.37066636875 0.41082875 0.36816659375 0.303918746875
1 0.3721024046875 0.41006702500000003 0.2936496359375 0.41279116875 0.3003912703125 0.5071727874999999 0.37419068125 0.5084596890624999 0.3721024046875 0.41006702500000003
1 0.28752416406250003 0.3060516734375 0.368231371875 0.3034258453125 0.364640725 0.18506305781250001 0.2788190625 0.19018662343749998 0.28752416406250003 0.3060516734375
1 0.364244378125 0.18531484843749998 0.3587165765625 0.052942957812500004 0.268427221875 0.063307375 0.2791704953125 0.1895071109375 0.364244378125 0.18531484843749998
1 0.26847161875 0.062969559375 0.18232298593750002 0.07249460937499999 0.19665321875 0.19539645781249998 0.27892350625 0.190460053125 0.26847161875 0.062969559375
1 0.27832844218749997 0.19021920781249999 0.19663208906250002 0.1965393359375 0.20892029375 0.30814360937499996 0.287744909375 0.3056578375 0.27832844218749997 0.19021920781249999
1 0.2873877078125 0.3062698734375 0.2093914515625 0.30935257968749996 0.220122109375 0.41171860000000005 0.294713509375 0.41154544531250004 0.2873877078125 0.3062698734375
1 0.1823388890625 0.07164462187500001 0.09338217343750001 0.08336549062500001 0.11444720312500001 0.20486060625000002 0.1969933859375 0.1967871125 0.1823388890625 0.07164462187500001
1 0.1956167171875 0.19661109375000002 0.1151726734375 0.2029853375 0.1328539125 0.3138043578125 0.20891016874999999 0.3086003296875 0.1956167171875 0.19661109375000002
1 0.1330944484375 0.31389273906250004 0.1456387984375 0.41395990937500005 0.22016619531249998 0.41067441875000005 0.2087187296875 0.30968744375 0.1330944484375 0.31389273906250004
1 0.2938267265625 0.4115904890625 0.2199143640625 0.4104340609375 0.230163521875 0.50496725 0.301276028125 0.5064293703125 0.2938267265625 0.4115904890625
1 0.2203714203125 0.41079354375 0.1463383046875 0.41438813281250003 0.15767849843749998 0.508289003125 0.230193528125 0.5052249125 0.2203714203125 0.41079354375
1 0.238309571875 0.5926516859375 0.24588516093749999 0.6711046640625 0.31301833125 0.674005640625 0.3058733859375 0.5958903828125 0.238309571875 0.5926516859375
1 0.230207615625 0.504783603125 0.23792650937499998 0.5917342609375 0.3062955578125 0.5947890375 0.3014822890625 0.506844346875 0.230207615625 0.504783603125
1 0.229868759375 0.5054484203125 0.157883865625 0.5087917875 0.168830809375 0.594183284375 0.23745907187499998 0.5912613875 0.229868759375 0.5054484203125
1 0.16928720625 0.5945427375000001 0.1788954828125 0.6747813140625001 0.2452062953125 0.6715217296875 0.2381765734375 0.59174506875 0.16928720625 0.5945427375000001
1 0.3775671375 0.5974251296875 0.3799841046875 0.678711878125 0.45046609843749996 0.6831846140625 0.4511244484375 0.60128316875 0.3775671375 0.5974251296875
1 0.5272627359375 0.60083623125 0.45164089062499996 0.599267096875 0.45069739843749995 0.6831255875 0.5238420484375 0.68628633125 0.5272627359375 0.60083623125
1 0.45208735000000005 0.509612596875 0.45118449375 0.5989076453125 0.52760159375 0.6001714125000001 0.532100765625 0.5103523062499999 0.45208735000000005 0.509612596875
1 0.3742561265625 0.5076073640625001 0.37772907031249997 0.5981115890625001 0.4517025796875 0.5999519140625 0.4518366234375 0.5096017625 0.3742561265625 0.5076073640625001
1 0.37403414687500003 0.509296428125 0.30071124843749997 0.50748690625 0.30613119218749996 0.5946779515625 0.37763639375 0.59824473125 0.37403414687500003 0.509296428125
1 0.3055416078125 0.5953319390625 0.31143669375 0.675070328125 0.379688984375 0.6790388578125001 0.37778281874999997 0.5971305734375 0.3055416078125 0.5953319390625
1 0.5234429078125 0.6863416921875001 0.45051957500000006 0.6814918546875 0.44941712968749997 0.758890375 0.5198754906249999 0.7646161375 0.5234429078125 0.6863416921875001
1 0.52015850625 0.7650039515625 0.44944599375000005 0.76058938125 0.4462058703125 0.8389147234375001 0.514894765625 0.8446993765625 0.52015850625 0.7650039515625
1 0.38166563125 0.7549434875000001 0.3806519765625 0.8316663828124999 0.44572712187499997 0.839469515625 0.44869447500000004 0.7605569078125 0.38166563125 0.7549434875000001
1 0.44946733437499997 0.7605535515625 0.4501421328125 0.6844954765625 0.3792232875 0.6797322578125 0.38079398124999997 0.755617553125 0.44946733437499997 0.7605535515625
1 0.3791500296875 0.6783710640625 0.3110596734375 0.6750889953125 0.31536602812500003 0.7496636624999999 0.3808427109375 0.7552467609375 0.3791500296875 0.6783710640625
1 0.3812312390625 0.754548234375 0.3148208421875 0.749979834375 0.31631180625 0.8268109609375 0.3809870015625 0.8321900078125 0.3812312390625 0.754548234375
1 0.31204515625 0.6741410703125 0.24470631874999998 0.6708914781249999 0.2505599875 0.7451941718749999 0.314431075 0.7501359953125 0.31204515625 0.6741410703125
1 0.2518129578125 0.7452483156249999 0.25645883125 0.8191581937500001 0.31572689375 0.8267561046875 0.3142151578125 0.749642615625 0.2518129578125 0.7452483156249999
1 0.24561976875 0.6716104140625 0.178644775 0.67517026875 0.18669616718749998 0.7461706203125 0.2504520546875 0.745504140625 0.24561976875 0.6716104140625
1 0.189629096875 0.7449384359375 0.19528019531250002 0.813118109375 0.2557961046875 0.8184500921875 0.2502569 0.746989090625 0.189629096875 0.7449384359375
0 0.54992083125 0 0.0529173234375 0.0501492015625 0.174720428125 0.8379327156249999 0.7561282859375 0.8894848718749999 0.9252255593750001 0 0.54992083125 0