1 0.62578125 0.22890625 0.084375 0.0734375
1 0.61875 0.1625 0.08046875 0.0625
1 0.6109375 0.10625 0.0765625 0.0578125
1 0.5421875 0.1078125 0.071875 0.06015625
1 0.471875 0.10859375 0.0703125 0.059375
1 0.26640625 0.11796875 0.0796875 0.05703125
1 0.334375 0.115625 0.0765625 0.059375
1 0.39921875 0.1703125 0.0765625 0.06484375
1 0.54609375 0.16484375 0.075 0.06171875
1 0.471875 0.2328125 0.07890625 0.06953125
1 0.778125 0.23046875 0.0921875 0.07265625
1 0.690625 0.16328125 0.08359375 0.0625
1 0.67890625 0.10546875 0.0796875 0.0578125
1 0.746875 0.10546875 0.08203125 0.05703125
1 0.76171875 0.1640625 0.0875 0.06171875
1 0.40234375 0.1109375 0.0703125 0.0625
1 0.47265625 0.16640625 0.071875 0.06328125
1 0.253125 0.178125 0.08203125 0.06875
1 0.328125 0.17265625 0.07734375 0.0671875
1 0.5515625 0.2265625 0.08125 0.06953125
1 0.4734375 0.30390625 0.08671875 0.0796875
1 0.6390625 0.30390625 0.0921875 0.08203125
1 0.5609375 0.38515625 0.09453125 0.08984375
1 0.3953125 0.23515625 0.08203125 0.07421875
1 0.70390625 0.228125 0.0875 0.075
1 0.4734375 0.48828125 0.09609375 0.1015625
1 0.22265625 0.31171875 0.09375 0.0828125
1 0.3859375 0.39140625 0.09453125 0.09140625
1 0.23984375 0.24140625 0.08671875 0.07578125
1 0.31875 0.23828125 0.0859375 0.07421875
1 0.8 0.30234375 0.096875 0.0796875
1 0.30703125 0.31328125 0.09296875 0.08515625
1 0.66484375 0.48359375 0.10859375 0.10546875
1 0.73671875 0.3890625 0.1046875 0.09453125
1 0.8203125 0.38515625 0.103125 0.090625
1 0.71796875 0.30546875 0.09609375 0.0828125
1 0.28125 0.4890625 0.11015625 0.10546875
1 0.18515625 0.49375 0.109375 0.10234375
1 0.3890625 0.30625 0.08984375 0.08203125
1 0.2921875 0.39453125 0.1 0.09296875
1 0.2046875 0.396875 0.10546875 0.0953125
1 0.578125 0.5953125 0.1140625 0.11875
1 0.84765625 0.48359375 0.11640625 0.1015625
1 0.36796875 0.6 0.1125 0.11640625
1 0.55703125 0.30859375 0.0859375 0.078125
1 0.7546875 0.48359375 0.1140625 0.103125
1 0.7796875 0.59375 0.12890625 0.11640625
1 0.87578125 0.59453125 0.12421875 0.11484375
1 0.2625 0.60390625 0.11953125 0.1203125
1 0.65 0.38671875 0.1015625 0.0921875
1 0.16171875 0.60234375 0.12578125 0.1171875
1 0.47265625 0.39140625 0.090625 0.090625
1 0.3796875 0.4890625 0.10390625 0.10390625
1 0.6765625 0.59609375 0.11640625 0.11796875
1 0.56875 0.48671875 0.103125 0.10390625
1 0.471875 0.59453125 0.10546875 0.11484375
1 0.47109375 0.72890625 0.11640625 0.14375
1 0.6953125 0.725 0.125 0.13671875
1 0.58515625 0.7265625 0.11640625 0.1375
1 0.35859375 0.73125 0.1234375 0.1421875
1 0.80234375 0.7265625 0.1359375 0.1328125
1 0.24375 0.7296875 0.13125 0.14296875
1 0.91484375 0.72265625 0.1390625 0.1421875
1 0.13125 0.73671875 0.13828125 0.13671875