1 0.3165583375 0.6126860421875 0.26812581562500004 0.6081050984374999 0.2682463671875 0.6616810156249999 0.3184912703125 0.6736790328125 0.3165583375 0.6126860421875
1 0.3177708875 0.673136553125 0.3708707578125 0.685343025 0.3699629265625 0.6194765109375 0.31810026874999997 0.612839328125 0.3177708875 0.673136553125
1 0.3169594765625 0.6132856375 0.3150714375 0.5520840015624999 0.26613866875 0.54943735625 0.26919156875 0.607849503125 0.3169594765625 0.6132856375
1 0.3137372875 0.5522893718749999 0.3094036859375 0.4898962125 0.2609399125 0.49113070312499996 0.265228465625 0.5497118375000001 0.3137372875 0.5522893718749999
1 0.309401690625 0.4900762140625 0.3072714640625 0.4281474546875 0.2585407859375 0.43143808437500003 0.26161820156250004 0.490810028125 0.309401690625 0.4900762140625
1 0.306378303125 0.428726546875 0.3033447953125 0.3656229828125 0.255970771875 0.372725871875 0.25881778125 0.43136298906250004 0.306378303125 0.428726546875
1 0.255866315625 0.3129094453125 0.2562521640625 0.37269391875 0.3031579140625 0.3659305 0.30473366875 0.30334649062499996 0.255866315625 0.3129094453125
1 0.3032114203125 0.3030848140625 0.303417734375 0.2411654375 0.2563047734375 0.2545204484375 0.25555068125 0.3128874265625 0.3032114203125 0.3030848140625
1 0.30337572343749997 0.2406976796875 0.3036998390625 0.17859713593749998 0.2544090671875 0.197131490625 0.2562177359375 0.2547758171875 0.30337572343749997 0.2406976796875
1 0.30337572343749997 0.2406976796875 0.356571925 0.22671939375 0.3510249015625 0.1607554359375 0.3039177859375 0.17903359531250002 0.30337572343749997 0.2406976796875
1 0.303768728125 0.30330397656249997 0.35577103125 0.29239293437499997 0.3567803203125 0.22580897968750002 0.3037641328125 0.241095990625 0.303768728125 0.30330397656249997
1 0.3037383234375 0.3649429078125 0.3543071859375 0.3576570703125 0.3553608359375 0.2921147703125 0.30397424375000004 0.303442715625 0.3037383234375 0.3649429078125
1 0.3068161046875 0.42815430781249997 0.3589039421875 0.4244475484375 0.3551170859375 0.357651553125 0.303183525 0.365425765625 0.3068161046875 0.42815430781249997
1 0.31037094375 0.4897871828125 0.3622175546875 0.489476171875 0.3590907953125 0.4241393828125 0.30640391562499997 0.4282218140625 0.31037094375 0.4897871828125
1 0.313447053125 0.5522337484375 0.3660498671875 0.5552073281250001 0.3624714140625 0.4888676765625 0.30929599531249996 0.49007105781250004 0.313447053125 0.5522337484375
1 0.3175296140625 0.6126732406250001 0.3694068578125 0.6191835140624999 0.3649236546875 0.5547605156250001 0.3135196640625 0.5519227875 0.3175296140625 0.6126732406250001
1 0.3704344890625 0.685040903125 0.42445235468750003 0.6962483640625 0.4273231625 0.62757388125 0.37015409843749997 0.6197893890625 0.3704344890625 0.685040903125
1 0.3700042625 0.6193482875 0.4278997734375 0.6273649812500001 0.422858165625 0.5581411265625 0.365867940625 0.5546396703124999 0.3700042625 0.6193482875
1 0.4226922578125 0.55777070625 0.4200103796875 0.48911163437500005 0.3621311921875 0.490079021875 0.36607774375 0.55452905 0.4226922578125 0.55777070625
1 0.41691172656250003 0.4196647765625 0.359334734375 0.42393519062499996 0.3619274578125 0.4899621984375 0.42001318750000005 0.48965509531249996 0.41691172656250003 0.4196647765625
1 0.358935134375 0.4238072875 0.41742046874999994 0.41896933125 0.412897903125 0.3493174390625 0.35373842187500004 0.358260984375 0.358935134375 0.4238072875
1 0.35433266875 0.3578946125 0.412972240625 0.34937914531250003 0.413421859375 0.2785438171875 0.35588295468750003 0.2919674390625 0.35433266875 0.3578946125
1 0.3554610296875 0.29194676406250003 0.413367609375 0.2789011171875 0.41538702031249997 0.2095902859375 0.35660422812500003 0.22697536875000002 0.3554610296875 0.29194676406250003
1 0.41566576875 0.2099092140625 0.40958873125000006 0.139451690625 0.3514874 0.160070675 0.35754624687500003 0.2267381515625 0.41566576875 0.2099092140625
1 0.41534762656249996 0.2094750921875 0.4791556375 0.1907480078125 0.4724574203125 0.115332225 0.40935010937499994 0.1402801125 0.41534762656249996 0.2094750921875
1 0.413824728125 0.280116621875 0.47763772031249996 0.2655465171875 0.479172653125 0.191155515625 0.41549492343749994 0.20898573125 0.413824728125 0.280116621875
1 0.41439830781250003 0.349138840625 0.47845038593749994 0.3402738109375 0.4783162234375 0.265148175 0.4136682546875 0.2793509828125 0.41439830781250003 0.349138840625
1 0.41760606093749997 0.41941773437499996 0.48181977187499997 0.4144237125 0.47814370000000006 0.3394721984375 0.412219665625 0.34924594375 0.41760606093749997 0.41941773437499996
1 0.41966279375 0.48886275 0.4848798875 0.48831054687500003 0.4807282953125 0.4150157890625 0.41728915625 0.41895119531249997 0.41966279375 0.48886275
1 0.4230791296875 0.5581943296875 0.48789395156250004 0.5621918796875 0.48500370468750004 0.488563315625 0.41946313125 0.48929902968750005 0.4230791296875 0.5581943296875
1 0.4281398 0.62688076875 0.492074665625 0.6357906546875001 0.48826378125 0.56220735 0.42328246406250003 0.5586328015625 0.4281398 0.62688076875
1 0.42535341718749997 0.6963347890625 0.48878934531249996 0.7096742796875 0.49180891562499995 0.6360315125 0.42825655156250003 0.6268607937499999 0.42535341718749997 0.6963347890625
1 0.489094896875 0.7101381421874999 0.560083903125 0.7248840078125001 0.5654547921875 0.6455997250000001 0.4922712015625 0.635797171875 0.489094896875 0.7101381421874999
1 0.5659684734375 0.64562300625 0.56245653125 0.5659470734375 0.48803928125 0.56200741875 0.492415590625 0.6358386078125 0.5659684734375 0.64562300625
1 0.4849461609375 0.48795136250000004 0.4885876921875 0.5618892109375 0.562448928125 0.5657856625 0.55698416875 0.4880015421875 0.4849461609375 0.48795136250000004
1 0.48409705937499997 0.48838462343750005 0.5577309765625 0.488203625 0.55402948125 0.40839852031249996 0.48132240625 0.4144598109375 0.48409705937499997 0.48838462343750005
1 0.554356953125 0.40880759375000003 0.5524984625 0.32891188437499996 0.47833449375 0.339879575 0.4810746375 0.41434450624999997 0.554356953125 0.40880759375000003
1 0.47832875 0.33974201875 0.5530745640625 0.32943622031249997 0.5524911453125 0.2491005484375 0.478344021875 0.2649028375 0.47832875 0.33974201875
1 0.5521069171875 0.24942359375 0.551566584375 0.1691052171875 0.4786699546875 0.1927204203125 0.4785525875 0.2651145515625 0.5521069171875 0.24942359375
1 0.5518085015625 0.1693288828125 0.549533259375 0.0886460328125 0.4728917484375 0.1154843046875 0.47939359374999996 0.19156011875 0.5518085015625 0.1693288828125
1 0.5526071015625 0.16868001562499998 0.63759885 0.1456706515625 0.6365989265625001 0.0593564703125 0.5504071953125 0.08826914531249999 0.5526071015625 0.16868001562499998
1 0.5508687078125 0.250228675 0.6362421671875 0.2310186640625 0.6375898421875 0.14545495 0.5509097578125 0.1696293328125 0.5508687078125 0.250228675
1 0.5526684125 0.3288614671875 0.6363568546875 0.3167971734375 0.6359349984375 0.23045392812499998 0.552252334375 0.2501522421875 0.5526684125 0.3288614671875
1 0.5547555281250001 0.40915945625 0.6377076515625 0.40271423124999994 0.6354663296874999 0.3162591734375 0.5525205734374999 0.3291101171875 0.5547555281250001 0.40915945625
1 0.5590175859375 0.48752235468749994 0.6415297765625 0.487706696875 0.637776325 0.4024953578125 0.5541846593749999 0.40923670312500005 0.5590175859375 0.48752235468749994
1 0.5615142140625 0.5658665609375 0.6460493359374999 0.5720708046875 0.6419363578125 0.48760840625 0.558064403125 0.4876371640625 0.5615142140625 0.5658665609375
1 0.565704125 0.6456282390625 0.6487616765625 0.65790021875 0.6459527796875 0.5719118234375 0.563001865625 0.565900203125 0.565704125 0.6456282390625
1 0.56020718125 0.725061734375 0.645057396875 0.7433261078125 0.650078003125 0.6575371765625 0.565723809375 0.64603755625 0.56020718125 0.725061734375
1 0.64919729375 0.65715141875 0.6450199453125001 0.7432574125 0.74777909375 0.7659226734375 0.7471473984375 0.6711995843749999 0.64919729375 0.65715141875
1 0.6492809375 0.6574980578125 0.7472310421875 0.6715462203125 0.744148784375 0.5789905046875 0.645539675 0.5725786265624999 0.6492809375 0.6574980578125
1 0.740562421875 0.48701352187499997 0.6424233687500001 0.4871586453125 0.6465790078125 0.5726427203125 0.7434261656250001 0.57899496875 0.740562421875 0.48701352187499997
1 0.637352815625 0.403182084375 0.642654934375 0.48802478281250006 0.7395630203125 0.4864769921875 0.7382540421875 0.394272859375 0.637352815625 0.403182084375
1 0.7378454375 0.39392925624999997 0.7350430343750001 0.301553275 0.6346652765624999 0.3167457265625 0.6379612390625 0.4019957359375 0.7378454375 0.39392925624999997
1 0.7348373046875001 0.3016371625 0.734659196875 0.208935440625 0.635819159375 0.2293776078125 0.6352490078125 0.31679015625 0.7348373046875001 0.3016371625
1 0.7346469546875001 0.20880790781249997 0.73468670625 0.1148426140625 0.6368250828125 0.146085971875 0.6353668015625 0.2311749484375 0.7346469546875001 0.20880790781249997
1 0.73478250625 0.11481784375 0.7334346140625 0.021702509375 0.6358524734375 0.0596390828125 0.6381286546875 0.1457280859375 0.73478250625 0.11481784375
1 0.78449868125 0 0.7328092828125 0.022359684375 0.734221615625 0.11527899999999999 0.8443215015625001 0.0780271515625 0.842860109375 0 0.78449868125 0
1 0.734954096875 0.2092270390625 0.8422789734375 0.1807010921875 0.8427507484375001 0.0783017484375 0.7343196546875 0.11539066718749999 0.734954096875 0.2092270390625
1 0.7353044421875 0.3012705671875 0.84031315625 0.28328648749999996 0.842355684375 0.180612546875 0.734837634375 0.2079909046875 0.7353044421875 0.3012705671875
1 0.7374692984375 0.394466753125 0.8444831875000001 0.3850175828125 0.84178791875 0.2825765546875 0.7344353859375 0.30126734375 0.7374692984375 0.394466753125
1 0.7395772593750001 0.486610896875 0.8468160656249999 0.487082965625 0.844656209375 0.38481299375 0.737500365625 0.39560419062499996 0.7395772593750001 0.486610896875
1 0.7446348015625001 0.5790966859375 0.8513287984375 0.5888425140625 0.84865906875 0.4869923625 0.7400231578125 0.4875991609375 0.7446348015625001 0.5790966859375
1 0.7463971671875 0.670770525 0.8556945718750001 0.6876415046875 0.851560065625 0.5886247078125 0.743838034375 0.5795202578125 0.7463971671875 0.670770525
1 0.8595059031250001 0.78914755625 0.8562866390625 0.6891901234375 0.7471420890625 0.67127944375 0.748463265625 0.7660948296875 0.8595059031250001 0.78914755625
0 0.690533065625 0 0.22977095625000002 0.17568960625000002 0.23254989531249998 0.6782113671875 0.8905955593750001 0.8420811171875 0.8771954671875 0 0.690533065625 0