1 0.766225 0.7545747703125001 0.7955656249999999 0.8570066828125 0.9039318749999999 0.8549757734375 0.8611318750000001 0.748184628125 0.766225 0.7545747703125001
1 0.672368125 0.746091896875 0.68902 0.8505096078125 0.7955656249999999 0.8565998328125 0.7661212500000001 0.7546817046875 0.672368125 0.746091896875
1 0.5778425 0.7411804515625 0.5849031250000001 0.8432005015625 0.689626875 0.8501035921875 0.67202125 0.7449365078125 0.5778425 0.7411804515625
1 0.572034375 0.6566883875 0.5769375 0.7411244781249999 0.6716975 0.745616540625 0.65658375 0.6602556390625 0.572034375 0.6566883875
1 0.65730375 0.6612180453125001 0.6719375000000001 0.74593734375 0.7662175 0.7539607359375 0.7415075 0.6682781953125 0.65730375 0.6612180453125001
1 0.7417475 0.668598996875 0.7657375 0.7542815375 0.861456875 0.7488262328124999 0.8281112500000001 0.661538846875 0.7417475 0.668598996875
1 0.5613225 0.473096909375 0.563998125 0.525408521875 0.634373125 0.528207184375 0.626575 0.4765572265625 0.5613225 0.473096909375
1 0.626830625 0.477287384375 0.6353243749999999 0.5289841265625 0.706650625 0.5381436921875 0.692955625 0.48394903906250003 0.626830625 0.477287384375
1 0.69333625 0.484712615625 0.706650625 0.5383976609375 0.77759625 0.5414511281250001 0.7595268749999999 0.48318629843750005 0.69333625 0.484712615625
1 0.634993125 0.529041771875 0.645215 0.58928404375 0.7224375000000001 0.5976800328125 0.705889375 0.5371253140625 0.634993125 0.529041771875
1 0.5635074999999999 0.5260284046875 0.567121875 0.5858195484375 0.644915 0.5893809531249999 0.635214375 0.5288270671874999 0.5635074999999999 0.5260284046875
1 0.567810625 0.5849991640625001 0.571876875 0.6568053468749999 0.6574681250000001 0.6611311609375 0.6452950000000001 0.5886182125 0.567810625 0.5849991640625001
1 0.741680625 0.66855054375 0.7224775 0.5978671671875 0.645628125 0.5886591484375 0.65685 0.6609172937500001 0.741680625 0.66855054375
1 0.7226868750000001 0.5975881375000001 0.8006437500000001 0.596546365625 0.776488125 0.54006265625 0.7061124999999999 0.53802756875 0.7226868750000001 0.5975881375000001
1 0.7226868750000001 0.5970284046875001 0.7413000000000001 0.6677869671875001 0.8276524999999999 0.6626984125 0.799883125 0.5957836249999999 0.7226868750000001 0.5970284046875001
1 0.391421875 0.34755889687499997 0.382504375 0.38195739375 0.440363125 0.38528655 0.44451062500000005 0.3481136171875 0.391421875 0.34755889687499997
1 0.382688125 0.3822756890625 0.37362812500000003 0.42245363437499994 0.435238125 0.4248696734375 0.44065624999999997 0.3856766921875 0.382688125 0.3822756890625
1 0.374075625 0.4215329984375 0.36299187499999996 0.4678220546875 0.42961875000000005 0.468895571875 0.43483625000000004 0.42379615781249996 0.374075625 0.4215329984375
1 0.36347625 0.4666942359375 0.350750625 0.5180217203125 0.422394375 0.5220484546875 0.42941812500000004 0.46809022499999997 0.36347625 0.4666942359375
1 0.49443937499999996 0.4713116125 0.42928187500000003 0.46816959062499997 0.4219925 0.5207067671875001 0.49263312499999995 0.52258563125 0.49443937499999996 0.4713116125
1 0.49644625 0.42594402656249997 0.435023125 0.42389473750000006 0.42881625 0.4686274015625 0.49463999999999997 0.4710434421875 0.49644625 0.42594402656249997
1 0.49816000000000005 0.38705680937500003 0.440676875 0.385787803125 0.43511812499999997 0.42459732656250004 0.4962625 0.4255045953125 0.49816000000000005 0.38705680937500003
1 0.49951625 0.3495171265625 0.44474375000000005 0.34806599843749997 0.44054125 0.38560651562500003 0.49816000000000005 0.38669423593749996 0.49951625 0.3495171265625
1 0.55326625 0.351782790625 0.499443125 0.34942439375 0.49795187500000004 0.3866023390625 0.55502875 0.38769089375 0.55326625 0.351782790625
1 0.49796500000000005 0.38686800312499997 0.496325 0.42631913125 0.5586893749999999 0.427588971875 0.55570625 0.3880534671875 0.49796500000000005 0.38686800312499997
1 0.49632375 0.4259515453125 0.495105 0.4714770265625 0.560180625 0.47238345937500004 0.558146875 0.427044278125 0.49632375 0.4259515453125
1 0.553734375 0.351398496875 0.5557237500000001 0.3880267328125 0.613340625 0.392536340625 0.608130625 0.3533851296875 0.553734375 0.351398496875
1 0.60828375 0.3533851296875 0.6127281250000001 0.3923316625 0.6706512499999999 0.3952013359375 0.66207 0.3578947375 0.60828375 0.3533851296875
1 0.662154375 0.3572581453125 0.6711112499999999 0.3958162078125 0.7293412499999999 0.38679699218749997 0.717541875 0.3482606515625 0.662154375 0.3572581453125
1 0.671765625 0.395573934375 0.6818375 0.43845279843749996 0.742979375 0.4300484546875 0.7287281250000001 0.38638680000000003 0.671765625 0.395573934375
1 0.6130875 0.39219298281250004 0.619776875 0.4333274859375 0.68107125 0.43804260624999997 0.671570625 0.395611528125 0.6130875 0.39219298281250004
1 0.5558768749999999 0.38843692500000004 0.5580225000000001 0.427383459375 0.6196237499999999 0.4323032578125 0.6131875 0.3917167921875 0.5558768749999999 0.38843692500000004
1 0.62652 0.47735505468749995 0.619164375 0.43184878906249996 0.5575631249999999 0.4269289890625 0.5610875 0.4726399328125 0.62652 0.47735505468749995
1 0.6197775 0.4330785296875 0.6271325 0.477149540625 0.692411875 0.4839139515625 0.6806125 0.437383459375 0.6197775 0.4330785296875
1 0.68091875 0.43779281562500005 0.69179875 0.4849390140625 0.7593762500000001 0.48309440312499996 0.74282625 0.4289791140625 0.68091875 0.43779281562500005
1 0.49469062499999994 0.4715472015625 0.49250437500000005 0.5221428578125 0.563340625 0.52506766875 0.560279375 0.472717628125 0.49469062499999994 0.4715472015625
1 0.351135625 0.5183174609375001 0.336555625 0.5791403515625 0.4139025 0.5811236421875 0.422056875 0.5209615703125 0.351135625 0.5183174609375001
1 0.422284375 0.52160568125 0.41414937500000004 0.5821152875 0.490260625 0.5811236421875 0.492484375 0.52228404375 0.422284375 0.52160568125
1 0.49271000000000004 0.5219690890625001 0.49001374999999997 0.5817844609375 0.5668656249999999 0.5834377609375 0.5641475 0.5255898078125 0.49271000000000004 0.5219690890625001
1 0.48975625 0.581925646875 0.48711562500000005 0.6533817875000001 0.572625 0.656913115625 0.5675475 0.5843709265625 0.48975625 0.581925646875
1 0.487251875 0.6526399328125 0.48413812500000003 0.7390685046875001 0.577810625 0.7411503765624999 0.5723612499999999 0.655416875 0.487251875 0.6526399328125
1 0.48395937499999997 0.738149540625 0.479986875 0.8407685875 0.58481625 0.842503759375 0.5780700000000001 0.7408036765625 0.48395937499999997 0.738149540625
1 0.391450625 0.73967585625 0.37541625 0.8404218875 0.480765 0.8407685875 0.48465749999999996 0.7394152046875 0.391450625 0.73967585625
1 0.40372812500000005 0.65189724375 0.390725625 0.73837426875 0.48387874999999997 0.7394152046875 0.48751187500000004 0.6526399328125 0.40372812500000005 0.65189724375
1 0.414338125 0.5814845453124999 0.40372812500000005 0.65189724375 0.48699250000000005 0.6512514625 0.490885 0.5832197156250001 0.414338125 0.5814845453124999
1 0.33648500000000003 0.58021888125 0.319130625 0.6515037593749999 0.40257125 0.652910609375 0.413614375 0.58162573125 0.33648500000000003 0.58021888125
1 0.319144375 0.65002756875 0.29753875 0.7356449453125 0.391470625 0.7389515453125 0.403280625 0.6526132 0.319144375 0.65002756875
1 0.20580437499999998 0.736747703125 0.16845125 0.8385171265625001 0.27172125 0.8388847125 0.298088125 0.73601253125 0.20580437499999998 0.736747703125
1 0.297686875 0.7352648281249999 0.27172125 0.839619046875 0.375540625 0.8410885546875001 0.390371875 0.738217209375 0.297686875 0.7352648281249999
1 0.113466875 0.7142155390625 0.06672312500000001 0.8115873015625 0.16877375 0.8392715125000001 0.205883125 0.7373650796875 0.113466875 0.7142155390625
1 0.23601375 0.652643275 0.260813125 0.581284878125 0.18325953281250001 0.573653715625 0.1509125 0.6376081874999999 0.23601375 0.652643275
1 0.15073375 0.63832414375 0.113624375 0.714216375 0.20514875 0.737126984375 0.235121875 0.6521654140625001 0.15073375 0.63832414375
1 0.31915312500000004 0.6512113625 0.234990625 0.6518538015625001 0.20550562499999997 0.7368888890624999 0.29774375000000003 0.7352180453125 0.31915312500000004 0.6512113625
1 0.336844375 0.5791954890625 0.26051125 0.5815279859375 0.235150625 0.6527017546875 0.318825 0.651269840625 0.336844375 0.5791954890625
1 0.28035875 0.5182807015625001 0.260031875 0.5822974109375 0.336876875 0.5796574765625 0.35083625 0.5174152046875 0.28035875 0.5182807015625001
1 0.28035875 0.517865496875 0.20969500000000002 0.5119448625 0.183186875 0.5745647453125 0.260595625 0.5817318296875 0.28035875 0.517865496875
1 0.296959375 0.46394569687500004 0.27977625 0.51900250625 0.35098124999999997 0.518059315625 0.362684375 0.46713366718750005 0.296959375 0.46394569687500004
1 0.232726875 0.4552355890625 0.20941749999999998 0.5110802 0.28005874999999997 0.5188137015625001 0.29711937499999996 0.4644928984375 0.232726875 0.4552355890625
1 0.31204875 0.41900000000000004 0.29647687500000003 0.46477861249999997 0.363925625 0.467104428125 0.37424 0.4219916453125 0.31204875 0.41900000000000004
1 0.251475625 0.4082614875 0.231925 0.4545472015625 0.2965925 0.46493400156250003 0.312469375 0.41873600624999996 0.251475625 0.4082614875
1 0.269705625 0.3655622390625 0.251858125 0.40850459531250005 0.31200625 0.419511278125 0.32568125000000003 0.3824603171875 0.269705625 0.3655622390625
1 0.3827 0.38230492968749996 0.32582125 0.38269256406249996 0.31235375 0.41920133593750003 0.373544375 0.4218362578125 0.3827 0.38230492968749996
1 0.337298125 0.34809022500000003 0.325443125 0.38239431874999996 0.38269375 0.38239431874999996 0.391269375 0.3476683375 0.337298125 0.34809022500000003
1 0.28627125000000003 0.3295304921875 0.26969875 0.367046784375 0.325443125 0.38239431874999996 0.33691625 0.3479782796875 0.28627125000000003 0.3295304921875
0 0.731603125 0.3246123640625 0.2791725 0.3064720140625 0.02350125 0.8273450296875 0.95690875 0.8805313281249999 0.731603125 0.3246123640625