1 0.343490625 0.094396875 0.27734921875 0.0922697921875 0.2674953125 0.16241354218749998 0.33723593749999997 0.1657510421875 0.343490625 0.094396875
1 0.34376171875 0.0936458328125 0.33723593749999997 0.16533437499999998 0.4079140625 0.16533437499999998 0.4116671875 0.094396875 0.34376171875 0.0936458328125
1 0.3375484375 0.16533437499999998 0.33004296875 0.23919166718749998 0.40134687500000005 0.2400260421875 0.40697578125 0.1649166671875 0.3375484375 0.16533437499999998
1 0.26771406249999996 0.16384375 0.2574875 0.23919166718749998 0.33004296875 0.2400260421875 0.33661015625 0.1649166671875 0.26771406249999996 0.16384375
1 0.478409375 0.09363125 0.41144296875 0.09396875 0.40682343750000005 0.163909375 0.4766640625 0.1654625 0.478409375 0.09363125
1 0.47804296874999996 0.0935416671875 0.47608203125 0.1666270828125 0.54504921875 0.1677916671875 0.54563125 0.0944083328125 0.47804296874999996 0.0935416671875
1 0.47644140625000003 0.1661177078125 0.47375390624999997 0.24156354218749998 0.545921875 0.24311666718749997 0.545921875 0.167015625 0.47644140625000003 0.1661177078125
1 0.47637265624999997 0.1662385421875 0.40792109375 0.1644104171875 0.40158515625 0.2400104171875 0.47375390624999997 0.2403989578125 0.47637265624999997 0.1662385421875
1 0.40215781249999993 0.23869375 0.39663828125 0.32154791718750003 0.4722984375 0.3238770828125 0.47375390624999997 0.2400104171875 0.40215781249999993 0.23869375
1 0.5467953125 0.24234062500000003 0.47356015625000003 0.240828125 0.471134375 0.32154791718750003 0.5470859375 0.3246541671875 0.5467953125 0.24234062500000003
1 0.329475 0.24040104218749997 0.3212828125 0.322571875 0.3960703125 0.3237364578125 0.40159921875000004 0.23948125 0.329475 0.24040104218749997
1 0.32194375000000003 0.32074166718749997 0.31116015625000004 0.40858541718749997 0.38961953125000004 0.411328125 0.39544453125 0.3221854171875 0.32194375000000003 0.32074166718749997
1 0.39696328125 0.32074166718749997 0.39030546875 0.41087083281250003 0.46910703125 0.41315729218749997 0.4718484375 0.3212708328125 0.39696328125 0.32074166718749997
1 0.547140625 0.32488645781250003 0.47145703125000005 0.32281875000000004 0.468184375 0.4125697921875 0.54738125 0.41449687500000004 0.547140625 0.32488645781250003
1 0.257865625 0.23849479218749997 0.24588828125 0.31826875 0.32057421875 0.3220864578125 0.32887265625 0.2403802078125 0.257865625 0.23849479218749997
1 0.24560234374999998 0.3194135421875 0.23158125 0.40646458281250003 0.31198984375 0.40990104218749995 0.3214328125 0.3201770828125 0.24560234374999998 0.3194135421875
1 0.23110312500000002 0.40599687500000003 0.21841796875 0.5034427078125 0.30168828125 0.506115625 0.31113124999999997 0.40875625 0.23110312500000002 0.40599687500000003
1 0.311390625 0.4089364578125 0.30168828125 0.5049697921875 0.383528125 0.5087885421875 0.3898234375 0.4121916671875 0.311390625 0.4089364578125
1 0.46822968749999994 0.4133375 0.39073437499999997 0.41145520781249995 0.3832421875 0.5087885421875 0.46593984375 0.510696875 0.46822968749999994 0.4133375
1 0.54741953125 0.4151802078125 0.46958593750000005 0.41403437500000007 0.46672421875000003 0.5110125 0.54799140625 0.5117760421875001 0.54741953125 0.4151802078125
1 0.62410859375 0.32698333281249997 0.54784609375 0.3258145828125 0.5468468750000001 0.4151802078125 0.62611171875 0.41670729218749997 0.62410859375 0.32698333281249997
1 0.54784609375 0.41439375 0.5482781250000001 0.5125395828125 0.63097578125 0.5148302078125 0.6266835937499999 0.41632499999999995 0.54784609375 0.41439375
1 0.619790625 0.24483125 0.54640703125 0.24218437499999998 0.54654140625 0.3251416671875 0.62217109375 0.3258083328125 0.619790625 0.24483125
1 0.61358203125 0.09471041718749999 0.545365625 0.0942666671875 0.5458328125 0.1673885421875 0.61656328125 0.1673885421875 0.61358203125 0.09471041718749999
1 0.61954375 0.2422354171875 0.6171046875 0.16775 0.546375 0.1670270828125 0.5458328125 0.2429583328125 0.61954375 0.2422354171875
1 0.687021875 0.1673885421875 0.61656328125 0.1681114578125 0.61954375 0.2436822921875 0.69298359375 0.2447666671875 0.687021875 0.1673885421875
1 0.6816023437500001 0.09579583281250001 0.613946875 0.0946645828125 0.6160210937499999 0.1673885421875 0.6864796875 0.1684729171875 0.6816023437500001 0.09579583281250001
1 0.7484515625 0.0993041671875 0.6816328125 0.095459375 0.68720703125 0.16945 0.75658203125 0.1723427078125 0.7484515625 0.0993041671875
1 0.8159296875000001 0.10436562499999999 0.74872265625 0.0993 0.75658203125 0.1723427078125 0.8264984375 0.1763197921875 0.8159296875000001 0.10436562499999999
1 0.7571234375 0.1741510421875 0.765253125 0.2479135421875 0.8373382812499999 0.2522520828125 0.82487265625 0.1766822921875 0.7571234375 0.1741510421875
1 0.6863937499999999 0.16945 0.69181328125 0.2450208328125 0.765253125 0.2489979171875 0.75739453125 0.173065625 0.6863937499999999 0.16945
1 0.692665625 0.2448104171875 0.6985882812499999 0.33035312499999997 0.77229921875 0.33433125 0.764440625 0.24755208281250002 0.692665625 0.2448104171875
1 0.76471171875 0.2479135421875 0.7645257812499999 0.24759375 0.7736546875 0.33433125 0.84899140625 0.3361385421875 0.8370671875 0.25080625 0.76471171875 0.2479135421875
1 0.61983203125 0.24304375 0.62285546875 0.32659791718750003 0.6990875 0.3307114578125 0.692921875 0.24433020781249998 0.61983203125 0.24304375
1 0.6226078125 0.32733229218750004 0.62649921875 0.41709270781249996 0.705253125 0.4193364578125 0.69880703125 0.3295895828125 0.6226078125 0.32733229218750004
1 0.6979664062500001 0.3318333328125 0.705253125 0.42195416718749995 0.7837265625 0.4249458328125 0.774478125 0.3329552078125 0.6979664062500001 0.3318333328125
1 0.8487484375 0.3374427078125 0.773403125 0.33514479218750004 0.78316640625 0.4249458328125 0.86220078125 0.42569375000000004 0.8487484375 0.3374427078125
1 0.7120664062500001 0.5182416671875 0.705059375 0.421015625 0.62630546875 0.41652812499999997 0.6307898437499999 0.5159979171875 0.7120664062500001 0.5182416671875
1 0.70618046875 0.4202677078125 0.7120664062500001 0.5193635421875 0.79558515625 0.5204854171875 0.78493515625 0.4240072921875 0.70618046875 0.4202677078125
1 0.78419609375 0.42395625 0.79502421875 0.5216072921875 0.87770234375 0.524225 0.8628484375 0.425503125 0.78419609375 0.42395625
1 0.63103359375 0.5159635421875 0.63548671875 0.62174375 0.72073828125 0.6273458328125 0.712665625 0.5191989578125 0.63103359375 0.5159635421875
1 0.6371015625 0.62260625 0.6409765625 0.7393697921875 0.73139453125 0.7441093750000001 0.72073828125 0.6264833328125 0.6371015625 0.62260625
1 0.71986171875 0.6263479171874999 0.729134375 0.7441093750000001 0.8195523437500001 0.7471260421875 0.8066359375 0.6307927078125 0.71986171875 0.6263479171874999
1 0.71168984375 0.5183322921875 0.72073828125 0.6277760421874999 0.8063125 0.6299302078125 0.79533359375 0.5230760421875 0.71168984375 0.5183322921875
1 0.79533359375 0.5217833328125 0.8069585937499999 0.6316541671875 0.89317890625 0.632946875 0.8776789062500001 0.52436875 0.79533359375 0.5217833328125
1 0.80691328125 0.6306114578125 0.82084453125 0.74841875 0.90997109375 0.7492802078125 0.8935015625 0.6316541671875 0.80691328125 0.6306114578125
1 0.8204148437500001 0.7466802078125 0.8366671875 0.8750927078125 0.9303148437500001 0.8781083328125 0.9090023437499999 0.7479875 0.8204148437500001 0.7466802078125
1 0.73074921875 0.7441093750000001 0.743665625 0.8737999999999999 0.83763671875 0.8759541671875001 0.82084453125 0.7466947921875 0.73074921875 0.7441093750000001
1 0.6409828125 0.7395739578125 0.64894453125 0.8714145828125 0.7445296875 0.8727072921874999 0.7299984375 0.744740625 0.6409828125 0.7395739578125
1 0.463015625 0.6169125 0.45939765625 0.7344760421875 0.5501734375 0.738078125 0.54882421875 0.6183104171875 0.463015625 0.6169125
1 0.4659859375 0.5124520828125 0.46277265625 0.616959375 0.54882421875 0.6183104171875 0.54814921875 0.5115989578125 0.4659859375 0.5124520828125
1 0.5491578125000001 0.5119572921875 0.5494992187500001 0.6219114578125 0.6365624999999999 0.6237125 0.63150078125 0.5161020828125 0.5491578125000001 0.5119572921875
1 0.5498359374999999 0.6210114578125 0.5505109375 0.7371770828125 0.640275 0.7403291671875001 0.6358875 0.6223625 0.5498359374999999 0.6210114578125
1 0.5505109375 0.737628125 0.5521984375 0.8686520828125 0.6476984375 0.870453125 0.6406125 0.7416802078125 0.5505109375 0.737628125
1 0.45967421875000003 0.735234375 0.4550109375 0.8646 0.5532109375 0.8682020828124999 0.5501734375 0.7367270828125 0.45967421875000003 0.735234375
1 0.37613046875 0.6139427078125 0.3682796875 0.7325489578125 0.45939296875 0.7366010421875 0.46276796875 0.6168333328125 0.37613046875 0.6139427078125
1 0.38318515625 0.5099770828125 0.37637890625 0.6159322921875 0.46310546874999997 0.6177333328125 0.46681718749999995 0.5110229171875 0.38318515625 0.5099770828125
1 0.30180078125 0.5060697921874999 0.29066484375 0.61323125 0.37739140625 0.6145822921875 0.38346562500000003 0.5074208328125 0.30180078125 0.5060697921874999
1 0.21946171875 0.50336875 0.20258906250000003 0.6091791671875 0.29066484375 0.61278125 0.30213828125000003 0.5056197921875001 0.21946171875 0.50336875
1 0.203103125 0.6094864578125 0.18470390625 0.7271458328125 0.27784140625 0.7302979171875 0.28998984375000003 0.6118802078125001 0.203103125 0.6094864578125
1 0.2615390625 0.8583989578125 0.2773640625 0.7278083328125 0.1866234375 0.727375 0.1653640625 0.8556979171875 0.2615390625 0.8583989578125
1 0.3685125 0.7318770828125001 0.27773515625 0.7278083328125 0.2622140625 0.85975 0.3594015625 0.8629020828125 0.3685125 0.7318770828125001
1 0.29089765624999997 0.6139104171875001 0.278478125 0.7287989578125 0.36817500000000003 0.7327781250000001 0.37728671875 0.6148104171875 0.29089765624999997 0.6139104171875001
1 0.3691875 0.732328125 0.3583890625 0.8615510421874999 0.4555765625 0.865603125 0.46063828124999995 0.7350291671875 0.3691875 0.732328125