1 0.7089131156249999 0.300675625 0.7163500421875 0.34140375 0.7939941515625 0.337175 0.7826900578125 0.29756 0.7089131156249999 0.300675625
1 0.63573099375 0.2968925 0.6393007515625 0.337175 0.717242271875 0.339400625 0.7089131156249999 0.300453125 0.63573099375 0.2968925
1 0.5619540515625 0.294444375 0.5631436921875 0.33294687500000003 0.6404912281249999 0.337620625 0.6363258140625 0.2973375 0.5619540515625 0.294444375
1 0.4871938171875 0.29261375 0.4857067671875 0.332370625 0.562817878125 0.33264875 0.5609599000000001 0.294838125 0.4871938171875 0.29261375
1 0.33947452031249997 0.28983375 0.33055555625 0.32820062499999997 0.40859565625 0.331814375 0.412683375 0.290806875 0.33947452031249997 0.28983375
1 0.4871938171875 0.29261375 0.4132414375 0.290945625 0.408224728125 0.33125875 0.4853358390625 0.33264875 0.4871938171875 0.29261375
1 0.2647794484375 0.28983375 0.25325898125 0.32820062499999997 0.3307418546875 0.3286175 0.33910275625 0.289416875 0.2647794484375 0.28983375
1 0.2644076859375 0.289555625 0.1949147875 0.27370875 0.177820384375 0.3138825 0.25344444374999997 0.327783125 0.2644076859375 0.289555625
1 0.17763408593750002 0.31402125000000003 0.1605396828125 0.358643125 0.24155305 0.369346875 0.25344444374999997 0.327644375 0.17763408593750002 0.31402125000000003
1 0.33055555625 0.328478125 0.25307268125000004 0.328339375 0.24099582343749998 0.36879125 0.32182289062499997 0.37032 0.33055555625 0.328478125
1 0.408224728125 0.33153625 0.3307418546875 0.3286175 0.32182289062499997 0.370598125 0.403578946875 0.37365624999999997 0.408224728125 0.33153625
1 0.40841019218749997 0.33153625 0.4030217203125 0.373239375 0.48366332500000003 0.3742125 0.4853358390625 0.33264875 0.40841019218749997 0.33153625
1 0.48626482812500005 0.33264875 0.4845923140625 0.3749075 0.56541938125 0.375880625 0.5633759406250001 0.33403875 0.48626482812500005 0.33264875
1 0.5648621546875 0.37574125 0.645503759375 0.379355625 0.6401152875 0.33751375 0.5630041765625 0.333621875 0.5648621546875 0.37574125
1 0.645131996875 0.3790775 0.7261453640625 0.383248125 0.7166691734375 0.340294375 0.6391862984375 0.33723562500000004 0.645131996875 0.3790775
1 0.7255873015625001 0.38297 0.8064152046874999 0.3804675 0.7943375109375 0.33668 0.7164828734375 0.34098937500000004 0.7255873015625001 0.38297
1 0.7248446109375 0.383386875 0.735064328125 0.43015499999999995 0.8197936515625001 0.43015499999999995 0.80622890625 0.380111875 0.7248446109375 0.383386875
1 0.645131996875 0.379 0.6514494562500001 0.425845625 0.7346925640624999 0.42973812499999997 0.7244728484375 0.384004375 0.645131996875 0.379
1 0.56541938125 0.37574125 0.567463659375 0.422170625 0.6516349203125 0.42508937500000005 0.6449465328125 0.378799375 0.56541938125 0.37574125
1 0.48496407656249996 0.37435125 0.4827343359375 0.4205025 0.5665346703125 0.42244875000000004 0.5648621546875 0.376019375 0.48496407656249996 0.37435125
1 0.48254803749999997 0.420085 0.4840350875 0.374073125 0.40303258125 0.373378125 0.3976441109375 0.41827812499999995 0.48254803749999997 0.420085
1 0.32202005 0.370598125 0.312543025 0.417026875 0.3983876359375 0.417444375 0.40340434375 0.372405 0.32202005 0.370598125
1 0.2404377609375 0.36893 0.22705931562499998 0.41535875000000005 0.3119749375 0.416888125 0.3220083546875 0.370459375 0.2404377609375 0.36893
1 0.16035421875 0.35975562499999997 0.142508771875 0.40576749999999995 0.22742355937499997 0.41466375 0.24024477812499997 0.36906875 0.16035421875 0.35975562499999997
1 0.22790893906249998 0.41464875 0.14295321562500002 0.407620625 0.1213066 0.4601775 0.2123876359375 0.46873375 0.22790893906249998 0.41464875
1 0.21392731875 0.466723125 0.3016683375 0.467781875 0.312046784375 0.41661000000000004 0.22737176250000002 0.41519874999999995 0.21392731875 0.466723125
1 0.30214035156249996 0.467781875 0.39223976562499996 0.46972312499999996 0.3976649953125 0.418021875 0.31228237187499996 0.416786875 0.30214035156249996 0.467781875
1 0.39223976562499996 0.46989937499999995 0.4811604015625 0.47131125 0.48234001718749997 0.420315625 0.397900584375 0.418198125 0.39223976562499996 0.46989937499999995
1 0.481395990625 0.470958125 0.5698446109375 0.472899375 0.5670142015625 0.42260937500000006 0.48257560625 0.42066875000000004 0.481395990625 0.470958125
1 0.5698446109375 0.47237 0.6580576437500001 0.47431124999999996 0.6516892234375 0.42543312499999997 0.5670142015625 0.42278625 0.5698446109375 0.47237
1 0.658765246875 0.47537 0.7460342515625 0.48084 0.7356566421874999 0.43019749999999995 0.6509816203125001 0.42578562499999995 0.658765246875 0.47537
1 0.735421053125 0.43019749999999995 0.7460342515625 0.48101625 0.8351904765624999 0.48225125 0.8200952375 0.43019749999999995 0.735421053125 0.43019749999999995
1 0.7457986640625001 0.48084 0.75877109375 0.535540625 0.8535881375000001 0.5339525 0.8347192984375 0.481721875 0.7457986640625001 0.48084
1 0.6580576437500001 0.47466375000000005 0.666548871875 0.5314825 0.7590066828124999 0.535188125 0.7460342515625 0.48119249999999997 0.6580576437500001 0.47466375000000005
1 0.569840434375 0.472360625 0.57272598125 0.527763125 0.667458646875 0.53082125 0.6585622390625 0.474699375 0.569840434375 0.472360625
1 0.481137009375 0.470409375 0.47961654062500003 0.5255675 0.5727276531250001 0.527273125 0.5693074359375 0.47268375 0.481137009375 0.470409375
1 0.391446115625 0.46984062499999996 0.384795321875 0.524856875 0.479236425 0.525283125 0.48056641562499997 0.47055125000000003 0.391446115625 0.46984062499999996
1 0.30156558125 0.46756624999999996 0.28921386875 0.522724375 0.38422556406249997 0.52443 0.391256475 0.46941375 0.30156558125 0.46756624999999996
1 0.2124452796875 0.467708125 0.1953433578125 0.5228662500000001 0.2897844609375 0.523150625 0.30175522187500003 0.46785 0.2124452796875 0.467708125
1 0.12142439375 0.46003125 0.0984319125 0.51874375 0.195913115625 0.5228662500000001 0.21263492031250003 0.467281875 0.12142439375 0.46003125
1 0.0991913109375 0.51874375 0.0750584796875 0.57902 0.176910609375 0.5848481249999999 0.19648287343749998 0.5222975 0.0991913109375 0.51874375
1 0.27496240625 0.585985625 0.28940434375 0.522724375 0.195723475 0.523719375 0.17558061875 0.585559375 0.27496240625 0.585985625
1 0.384795321875 0.5255675 0.2890242265625 0.523293125 0.275722640625 0.58570125 0.37548454531250003 0.586980625 0.384795321875 0.5255675
1 0.3844152046875 0.5245725 0.375104428125 0.5866962499999999 0.47562573124999996 0.587691875 0.478476190625 0.524856875 0.3844152046875 0.5245725
1 0.47866666718750006 0.5247143750000001 0.4758162078125 0.587265 0.576908103125 0.590250625 0.57291729375 0.5274156249999999 0.47866666718750006 0.5247143750000001
1 0.5727276531250001 0.5277000000000001 0.5761478703125 0.5903925 0.6755296578125 0.592525 0.6667886375000001 0.530685 0.5727276531250001 0.5277000000000001
1 0.6755296578125 0.592240625 0.7743416875 0.5966475 0.7597092734374999 0.5358031249999999 0.666408521875 0.5318225 0.6755296578125 0.592240625
1 0.7595196328125 0.5358031249999999 0.7743416875 0.59679 0.8744903921875 0.593804375 0.8532080203125 0.534096875 0.7595196328125 0.5358031249999999
1 0.675149540625 0.59309375 0.686551378125 0.6620412499999999 0.7904928984375 0.6657375 0.7739615703125 0.596931875 0.675149540625 0.59309375
1 0.7745313281249999 0.5966475 0.7912531328125 0.666733125 0.8999465328125 0.665026875 0.8741027562499999 0.5932356249999999 0.7745313281249999 0.5966475
1 0.5763383453124999 0.5903925 0.5791879703125 0.6604775 0.6873107765625 0.6620412499999999 0.6755296578125 0.592383125 0.5763383453124999 0.5903925
1 0.4761963234375 0.587691875 0.47391562187499997 0.65692375 0.5793784468750001 0.66019375 0.57500751875 0.5903925 0.4761963234375 0.587691875
1 0.3756741859375 0.5874075000000001 0.36617293281249996 0.656355 0.47391562187499997 0.65692375 0.4758162078125 0.587691875 0.3756741859375 0.5874075000000001
1 0.27553216406250003 0.586411875 0.2601403515625 0.654080625 0.366933165625 0.655644375 0.3758646609375 0.586411875 0.27553216406250003 0.586411875
1 0.1752005015625 0.585275 0.153918128125 0.655218125 0.2603308265625 0.6547912499999999 0.27553216406250003 0.585559375 0.1752005015625 0.585275
1 0.074488721875 0.5791618749999999 0.0463650796875 0.64427125 0.1531578953125 0.6543650000000001 0.1765304921875 0.585275 0.074488721875 0.5791618749999999
1 0.046175439062500004 0.64441375 0.014822054687499999 0.719900625 0.12864494531249998 0.732126875 0.15410776875 0.654649375 0.046175439062500004 0.64441375
1 0.15334837031249998 0.654506875 0.12864494531249998 0.732553125 0.24151879687500002 0.733975 0.259380953125 0.65493375 0.15334837031249998 0.654506875
1 0.259380953125 0.655075625 0.2420885546875 0.7338325 0.3564820390625 0.73539625 0.366933165625 0.6566393749999999 0.259380953125 0.655075625
1 0.366933165625 0.6566393749999999 0.3562923984375 0.7351118750000001 0.47028237187500005 0.736818125 0.472752715625 0.657634375 0.366933165625 0.6566393749999999
1 0.46971261562500005 0.7369600000000001 0.585079365625 0.738239375 0.5793784468750001 0.66005125 0.47258563125 0.65735 0.46971261562500005 0.7369600000000001
1 0.5841286546875 0.73866625 0.69700250625 0.74079875 0.68560066875 0.661473125 0.5791879703125 0.66005125 0.5841286546875 0.73866625
1 0.8113959906250001 0.744210625 0.790873015625 0.66588 0.6850309109375 0.6617575 0.696242271875 0.74079875 0.8113959906250001 0.744210625
1 0.7920133671875 0.66588 0.8112055140625 0.7433575 0.9271194656249999 0.7447787499999999 0.89975605625 0.663889375 0.7920133671875 0.66588
0 0.8042848781249999 0.280601875 0.190070175 0.25329375 0 0.736761875 0.9732130328125 0.769445625 0.8042848781249999 0.280601875