1 0.838135046875 0.7646624640625 0.77169645625 0.769433771875 0.779720415625 0.8367579624999999 0.84317699375 0.830940303125 0.838135046875 0.7646624640625
1 0.77101365625 0.7705341578125 0.7060557984375 0.7830573359375 0.7165138671875 0.8480198531250001 0.77979485625 0.8362479703125001 0.77101365625 0.7705341578125
1 0.706382203125 0.78201061875 0.6410751828125 0.796331171875 0.653588796875 0.859739084375 0.716669503125 0.8487445906250001 0.706382203125 0.78201061875
1 0.6409941859375 0.79509735625 0.5755989328125 0.8064403890625 0.5905604484375 0.870974140625 0.6537669937499999 0.8597122484374999 0.6409941859375 0.79509735625
1 0.441826896875 0.8280790859374999 0.4623824484375 0.891272615625 0.5275095328125 0.88296076875 0.5092912843749999 0.8186680453124999 0.441826896875 0.8280790859374999
1 0.50915496875 0.8188964000000001 0.5271767328125 0.8826537999999999 0.5902453875 0.8712624734375 0.57512173125 0.8066907921875 0.50915496875 0.8188964000000001
1 0.4424392265625 0.827617515625 0.3758758578125 0.8357469984374999 0.39842526562499997 0.8997691515625 0.46233879375000003 0.8916598875 0.4424392265625 0.827617515625
1 0.335909621875 0.909183153125 0.399254175 0.8990765875 0.37605102968750004 0.835910496875 0.309561428125 0.8430823203125 0.335909621875 0.909183153125
1 0.2820054171875 0.7798131484375 0.3097190296875 0.8438162078125 0.3755263859375 0.8354208140624999 0.35261289218749997 0.7670976453125 0.2820054171875 0.7798131484375
1 0.3758934296875 0.8351766093749999 0.44172338906249997 0.8275354343749999 0.42109221406249997 0.759437265625 0.3514347078125 0.767464940625 0.3758934296875 0.8351766093749999
1 0.420455175 0.7597221265625 0.44251802656250006 0.8279844578125 0.508923796875 0.8191210890624999 0.4900916265625 0.750940946875 0.420455175 0.7597221265625
1 0.4892963109375 0.7504920234375 0.5090980968750001 0.8192837734375 0.5757585749999999 0.8064050140625 0.5589341734375 0.737164909375 0.4892963109375 0.7504920234375
1 0.5586292296875001 0.7383472609374999 0.5752967046874999 0.806853375 0.641110896875 0.795238484375 0.627285134375 0.7263044468750001 0.5586292296875001 0.7383472609374999
1 0.6270939390625 0.7267120484375 0.6413253703125 0.7955849984375 0.706187321875 0.7827871953125001 0.6957665421875 0.714098034375 0.6270939390625 0.7267120484375
1 0.695186571875 0.7139964359375 0.706187321875 0.7827871953125001 0.7711282703125 0.77035725 0.7632397078125 0.7010968953125001 0.695186571875 0.7139964359375
1 0.7624276921875001 0.7012191734375001 0.771320140625 0.7699495468750001 0.8375214984375001 0.7633888734375 0.8320975453124999 0.6912955875 0.7624276921875001 0.7012191734375001
1 0.7631264843750001 0.7015333734375 0.831747140625 0.6898812921874999 0.8259831828124999 0.6171165390625 0.754313796875 0.6262142421875 0.7631264843750001 0.7015333734375
1 0.6953522249999999 0.7132459890625 0.7630089718749999 0.7009861609375 0.7538149328125 0.6264773531250001 0.6832935671875 0.6389805671875 0.6953522249999999 0.7132459890625
1 0.6277786921875 0.7271880140625 0.6952961109375 0.713630415625 0.6835845093749999 0.6396896515625 0.612502684375 0.65152341875 0.6277786921875 0.7271880140625
1 0.6277786921875 0.7271880140625 0.6125979 0.65132109375 0.5409438109375 0.6643708546875 0.55875486875 0.7388998609375 0.6277786921875 0.7271880140625
1 0.48950035312500007 0.7508353859375 0.5589060031249999 0.73831219375 0.5410390296875 0.6641685265625 0.4689812953125 0.6772790718749999 0.48950035312500007 0.7508353859375
1 0.4207346875 0.759871803125 0.48971308437500005 0.7511802703125 0.4696542609375 0.6771777328125 0.396408725 0.686700771875 0.4207346875 0.759871803125
1 0.3513696546875 0.7680575937499999 0.4204262609375 0.759730259375 0.3966389421875 0.6864781140625 0.3241006671875 0.6947648328125 0.3513696546875 0.7680575937499999
1 0.2824851640625 0.7810672140625 0.3512521421875 0.7675103828125 0.3236354265625 0.6938930625 0.2511790546875 0.7083823859375 0.2824851640625 0.7810672140625
1 0.21815465 0.6289875312500001 0.25140907343749996 0.7081588156249999 0.32359632031249996 0.6937109625 0.294961578125 0.6153498109375 0.21815465 0.6289875312500001
1 0.29463566406249997 0.615775809375 0.3246784171875 0.6948658203125 0.396678046875 0.686660215625 0.37051647499999996 0.60623285625 0.29463566406249997 0.615775809375
1 0.3704989890625 0.6068003984375 0.39652142968750004 0.6859309031249999 0.4692897234375 0.6774206140625 0.44603206718750005 0.5969328859374999 0.3704989890625 0.6068003984375
1 0.4457234453125 0.5967904296875 0.4689812953125 0.6772790718749999 0.5410390296875 0.6641685265625 0.5218624109375 0.5845720421875 0.4457234453125 0.5967904296875
1 0.5220924296875 0.5843484734375 0.541174028125 0.6641481984375 0.612867221875 0.6512805375 0.5966504390625 0.5712383421875 0.5220924296875 0.5843484734375
1 0.5971499765625 0.5709751296875 0.6127328984375 0.6513007640625 0.683466996875 0.6391424375 0.6714216562499999 0.5584720812499999 0.5971499765625 0.5709751296875
1 0.6709570921875 0.557600209375 0.6841008578125 0.638859 0.7541010671875 0.6258693578125001 0.7451114546875 0.5445508609374999 0.6709570921875 0.557600209375
1 0.7451898625 0.5449159734375 0.7543920078124999 0.6265784421875 0.8260222890625 0.6172986375 0.8206836421875 0.5348654484375001 0.7451898625 0.5449159734375
1 0.736400153125 0.45546877812500003 0.7453855859375 0.5458273859375 0.8203752140624999 0.53472390625 0.8153583125000001 0.4460273265625 0.736400153125 0.45546877812500003
1 0.6714216562499999 0.5584720812499999 0.745055540625 0.5449362015625 0.7361308328125 0.455509334375 0.6571881703125 0.46890375781250004 0.6714216562499999 0.5584720812499999
1 0.596897465625 0.5704482468750001 0.6715957609375 0.5586338515625 0.6572497671875001 0.4698363109375 0.5796914671875 0.48321025781250004 0.596897465625 0.5704482468750001
1 0.5219967343749999 0.584551815625 0.5973065953125001 0.5717044421875 0.579170309375 0.48272382656249996 0.500457665625 0.4958946796875 0.5219967343749999 0.584551815625
1 0.446609140625 0.5970339734375 0.5219015171875 0.5847541421875 0.5004185609375 0.49571258125 0.42176203125 0.508499009375 0.446609140625 0.5970339734375
1 0.37072900625 0.606576825 0.446166390625 0.596912659375 0.4218011375 0.508681109375 0.3409647609375 0.5197241453125 0.37072900625 0.606576825
1 0.2951352 0.6155125984375001 0.370230340625 0.6068408515625 0.34071225 0.5191972609375 0.26247184375 0.5300373671874999 0.2951352 0.6155125984375001
1 0.2182107625 0.6286031046875 0.294305421875 0.614883709375 0.2622977421875 0.529875596875 0.1814613640625 0.5409186328125 0.2182107625 0.6286031046875
1 0.140959475 0.4428760921875 0.1816347921875 0.5410805046875 0.2619506859375 0.5295509390625 0.22516501249999998 0.43264445625 0.140959475 0.4428760921875
1 0.225434334375 0.4326039 0.26181568906249997 0.5295712671875 0.34125089375 0.5191161484375 0.3092928171875 0.4220476046875 0.225434334375 0.4326039
1 0.3088716875 0.42267593124999997 0.3418111546875 0.5197846765625 0.4217227296875 0.5083159937499999 0.3936499671875 0.41122728437499995 0.3088716875 0.42267593124999997
1 0.3934199484375 0.4114508578125 0.4219361359375 0.5086607812499999 0.500457665625 0.4958946796875 0.4768474859375 0.3988878109375 0.3934199484375 0.4114508578125
1 0.47738545468750004 0.3988067984375 0.5008053953125 0.49621923749999997 0.5793444140624999 0.4828855984375 0.56048275 0.38535165312499997 0.47738545468750004 0.3988067984375
1 0.5600007 0.385047321875 0.579383715625 0.4830686125 0.65776591875 0.46900474531249997 0.6432100234375 0.37082240781250003 0.5600007 0.385047321875
1 0.64317091875 0.37064030937500003 0.6577093265625 0.4693901875 0.7359183 0.4551653625 0.7256511640625 0.3569011609375 0.64317091875 0.37064030937500003
1 0.7248831765625 0.35720574374999997 0.735150115625 0.455469028125 0.8150273921875 0.445135328125 0.8092403265625 0.3463854234375 0.7248831765625 0.35720574374999997
1 0.7140935796875 0.24809802187500002 0.7249390921875001 0.3568204015625 0.8089884906249999 0.3458584375 0.8026118796875 0.23401547812499998 0.7140935796875 0.24809802187500002
1 0.6430098703125 0.3705360875 0.725663740625 0.3569597265625 0.7140935796875 0.24809802187500002 0.6265561921875 0.262221784375 0.6430098703125 0.3705360875
1 0.5604043437499999 0.3849865390625 0.6429581875 0.370295421875 0.626247765625 0.26208024218750003 0.5391922328125001 0.27650742031250003 0.5604043437499999 0.3849865390625
1 0.4772902375 0.39900912499999996 0.5608079859374999 0.3849257546875 0.5395399624999999 0.276831978125 0.45107209375 0.2892121984375 0.4772902375 0.39900912499999996
1 0.39357175624999996 0.4108630875 0.478097525 0.398887559375 0.450707553125 0.2894550828125 0.3620376390625 0.304126309375 0.39357175624999996 0.4108630875
1 0.3098923828125 0.42289914843750004 0.3935765640625 0.41218016718749995 0.362788815625 0.30438916875 0.27295339531249996 0.3162224296875 0.3098923828125 0.42289914843750004
1 0.1836175125 0.327792478125 0.22628072812500002 0.4326644328125 0.309141009375 0.42263537500000004 0.2733354203125 0.3154120046875 0.1836175125 0.327792478125
1 0.0949032921875 0.3409626953125 0.142253821875 0.44437685312499997 0.22564706406249999 0.43294878593749997 0.1844863984375 0.328603465625 0.0949032921875 0.3409626953125
1 0.040672346875 0.22521481406250002 0.0951666265625 0.3405470640625 0.1833088890625 0.3276500203125 0.13619859843749998 0.211771696875 0.040672346875 0.22521481406250002
1 0.136103378125 0.2119740234375 0.1842170765625 0.328644021875 0.2727576734375 0.31531101875 0.23133818437500003 0.198763725 0.136103378125 0.2119740234375
1 0.23155639843750003 0.200425590625 0.27349704531249996 0.3174593140625 0.36188082499999996 0.303396084375 0.32623555625 0.1878629296875 0.23155639843750003 0.200425590625
1 0.32639217343750004 0.18859224218749998 0.36282811875 0.3045721828125 0.4505341234375 0.2892932109375 0.42207672656249995 0.172300740625 0.32639217343750004 0.18859224218749998
1 0.4216337796875 0.1721785109375 0.45074685625 0.289638096875 0.5389620171875 0.2767300765625 0.515629678125 0.15708313125 0.4216337796875 0.1721785109375
1 0.5163958562500001 0.1575326609375 0.539246340625 0.27687619375 0.6262309546875 0.2626476796875 0.6103213125 0.1426349296875 0.5163958562500001 0.1575326609375
1 0.609743565625 0.14253394375 0.62686461875 0.2623633265625 0.7143797109375 0.247490025 0.70348810625 0.126910559375 0.609743565625 0.14253394375
1 0.7042219937499999 0.1277418765625 0.7142670078125 0.24825989218750003 0.80239915 0.23367059218750003 0.7976804015625001 0.1127264875 0.7042219937499999 0.1277418765625
0 0.0049872984375 0.22442845312499998 0.3237671921875 0.9344619578125 0.869386640625 0.8569874921875 0.8309189484375 0.0719694875 0.004302765625 0.193624465625 0.0049872984375 0.22442845312499998