1 0.12195601851851852 0.4213483796296297 0.11265046296296295 0.12137731481481477
1 0.22988425925925923 0.3180208333333333 0.10626157407407408 0.1116782407407407
1 0.17541666666666664 0.230150462962963 0.09989583333333334 0.10354166666666664
1 0.761082175925926 0.036996527777777774 0.09674768518518526 0.07399305555555555
1 0.43546296296296294 0.05091435185185185 0.09040509259259259 0.09524305555555554
1 0.5893923611111112 0.04640914351851851 0.08730324074074076 0.09281828703703703
1 0.2878414351851852 0.06091435185185186 0.08721064814814809 0.09039351851851851
1 0.4798958333333333 0.30583912037037037 0.10313657407407409 0.11151620370370371
1 0.6709837962962963 0.11610532407407408 0.09532407407407409 0.11111111111111112
1 0.4999247685185185 0.12732060185185184 0.09199074074074076 0.09688657407407408
1 0.5786111111111112 0.21393518518518517 0.09525462962962976 0.10642361111111107
1 0.7607696759259259 0.10754050925925926 0.10159722222222226 0.11299768518518519
1 0.40664351851851854 0.2165972222222222 0.09996527777777775 0.10822916666666664
1 0.5644212962962962 0.4171701388888889 0.11122685185185191 0.13067129629629637
1 0.19685763888888888 0.14694444444444446 0.09049768518518517 0.10149305555555559
1 0.6721122685185186 0.043541666666666666 0.09212962962962959 0.08708333333333333
1 0.5836226851851851 0.13001736111111112 0.09208333333333343 0.10313657407407409
1 0.30800925925925926 0.31396990740740743 0.10474537037037042 0.11472222222222221
1 0.3436516203703704 0.13385995370370368 0.09199074074074076 0.09688657407407408
1 0.37362268518518515 0.4153356481481481 0.11906250000000007 0.13263888888888892
1 0.25806712962962963 0.5315682870370371 0.11906250000000007 0.13263888888888892
1 0.20088541666666665 0.4188194444444444 0.10957175925925924 0.12434027777777779
1 0.4218113425925926 0.13215277777777776 0.09513888888888893 0.09861111111111112
1 0.1470601851851852 0.3215335648148148 0.10635416666666667 0.11792824074074071
1 0.2480613425925926 0.22560185185185183 0.10152777777777774 0.10831018518518523
1 0.6652025462962963 0.3063946759259259 0.10961805555555557 0.12746527777777777
1 0.26718171296296295 0.1440798611111111 0.09201388888888892 0.09844907407407408
1 0.4511516203703703 0.5293749999999999 0.12375000000000007 0.1328819444444445
1 0.7629050925925925 0.19890625 0.10635416666666657 0.11792824074074075
1 0.6676736111111111 0.20931712962962962 0.10005787037037024 0.11447916666666665
1 0.7660532407407408 0.3058564814814814 0.11274305555555557 0.12762731481481476
1 0.662355324074074 0.53640625 0.12393518518518505 0.1453819444444445
1 0.08991319444444444 0.5277777777777779 0.1159375 0.13247685185185176
1 0.7715335648148148 0.41190393518518514 0.12223379629629641 0.13592592592592592
1 0.49105324074074075 0.21456597222222223 0.10143518518518527 0.10206018518518514
1 0.5471354166666667 0.6752951388888888 0.12104166666666671 0.16084490740740734
1 0.13949074074074075 0.6549942129629629 0.13333333333333336 0.14743055555555565
1 0.3288425925925926 0.6647222222222222 0.13972222222222222 0.15712962962962962
1 0.7757291666666667 0.5367824074074073 0.13018518518518504 0.14570601851851847
1 0.3269212962962963 0.21838541666666664 0.10148148148148142 0.10518518518518523
1 0.17125578703703703 0.5298148148148148 0.11749999999999998 0.13255787037037034
1 0.6659953703703703 0.41268518518518515 0.11593750000000007 0.13247685185185176
1 0.5714872685185185 0.313599537037037 0.10322916666666657 0.11776620370370372
1 0.5552662037037037 0.5380497685185185 0.11605324074074072 0.14028935185185176
1 0.2868923611111111 0.4190509259259259 0.11425925925925924 0.12458333333333335
1 0.06205439814814815 0.6527546296296297 0.1066550925925926 0.1382407407407406
1 0.39317708333333334 0.3103356481481482 0.10947916666666675 0.11809027777777778
1 0.7802372685185185 0.6827546296296296 0.14774305555555572 0.17159722222222235
1 0.3558506944444445 0.5350983796296296 0.12540509259259255 0.1392129629629629
1 0.6597974537037038 0.6803993055555555 0.13363425925925937 0.16774305555555563
1 0.23498842592592592 0.6625520833333333 0.12719907407407405 0.1549189814814813
1 0.4368402777777778 0.6716319444444444 0.13032407407407404 0.15508101851851847
1 0.46509837962962963 0.4152835648148148 0.1142824074074074 0.12614583333333335
1 0.41875 0.8226851851851851 0.1418171296296297 0.19314814814814837
1 0.20199652777777777 0.8104687500000001 0.1479050925925926 0.182534722222222
1 0.3076041666666667 0.8143750000000001 0.13853009259259252 0.18204861111111087
1 0.10569444444444445 0.8013888888888889 0.1352662037037037 0.17251157407407405
1 0.6589872685185185 0.8368113425925927 0.1450115740740742 0.19799768518518518
1 0.5369618055555556 0.8329745370370369 0.13398148148148153 0.19118055555555563
1 0.04458333333333333 0.7928298611111111 0.06805555555555556 0.1674652777777778
1 0.7842418981481482 0.8475173611111112 0.15594907407407418 0.19856481481481475
1 0.13726273148148146 0.03424768518518519 0.08390046296296294 0.06849537037037037
1 0.1968933 0.0366383953125 0.174835171875 0.1108546953125 0.2442704203125 0.103924753125 0.26361889843749997 0.03000643125 0.1968933 0.0366383953125
1 0.3324238578125 0.024643253125 0.3161410578125 0.09848257187500001 0.3912715484375 0.0926190921875 0.40498695625 0.01969594375 0.3324238578125 0.024643253125
1 0.47796558125 0.013734139062500001 0.4688605375 0.08776252968750001 0.5483304718750001 0.089197459375 0.5538921125 0.0141414578125 0.47796558125 0.013734139062500001