1 0.10883683125000002 0.34140455 0.0978056078125 0.2701263140625 0.0118614625 0.2928374421875 0.027343278125 0.3623878359375 0.10883683125000002 0.34140455
1 0.027874384375 0.3629461859375 0.03491931875 0.43396555000000003 0.11853876249999999 0.4152141140625 0.10781750625 0.34199194843749997 0.027874384375 0.3629461859375
1 0.19167557500000001 0.3197271421875 0.10723065312499999 0.341906296875 0.117006340625 0.41459625312500004 0.2023344765625 0.393878715625 0.19167557500000001 0.3197271421875
1 0.09681276562499999 0.2700968390625 0.10773745625 0.3417919046875 0.1922526484375 0.3196663796875 0.1816104015625 0.24372775781249997 0.09681276562499999 0.2700968390625
1 0.2680024640625 0.21734485312500001 0.1811293515625 0.24389289062500003 0.1924356703125 0.31944894687500003 0.28147890625 0.29486509375000003 0.2680024640625 0.21734485312500001
1 0.3634578625 0.186667653125 0.26888940781250004 0.21755716718749998 0.28128120624999997 0.2948809484375 0.37527305312500003 0.268417796875 0.3634578625 0.186667653125
1 0.1919894828125 0.3192128140625 0.20134851875 0.3941385671875 0.29211430781250003 0.37199302031250003 0.2810292171875 0.29472172812499997 0.1919894828125 0.3192128140625
1 0.3636533265625 0.187393134375 0.375261003125 0.2677512109375 0.4755863734375 0.2398053015625 0.4612206234375 0.15661542343749998 0.3636533265625 0.187393134375
1 0.46270116874999995 0.156152553125 0.47629212968749995 0.2396774078125 0.586050821875 0.2073102359375 0.5715216484375001 0.12052135312500001 0.46270116874999995 0.156152553125
1 0.5710624078125 0.11996930937500001 0.5853123765625 0.207444053125 0.7035351875 0.171372459375 0.687468478125 0.0828082140625 0.5710624078125 0.11996930937500001
1 0.68841849375 0.081676715625 0.7038139390625 0.17165568281250002 0.8316469140624999 0.13004515781249998 0.8138074046874999 0.036948121875 0.68841849375 0.081676715625
1 0.70377858125 0.17221424531250001 0.7183363218750001 0.261531284375 0.8481067453125 0.22499455625000003 0.830932284375 0.129882153125 0.70377858125 0.17221424531250001
1 0.704395534375 0.17155995625 0.584850925 0.20624296874999998 0.5979551328125 0.2933828546875 0.71888896875 0.26083839375 0.704395534375 0.17155995625
1 0.48931518125 0.32181880625 0.5998527109375 0.2934416625 0.5844988515625 0.20749547812500002 0.47662919062500003 0.239611815625 0.48931518125 0.32181880625
1 0.37473741875 0.26746531875 0.3857712515625 0.3481464421875 0.4893574921875 0.322072075 0.476435678125 0.2394097859375 0.37473741875 0.26746531875
1 0.28136482812499997 0.294389021875 0.29116989375 0.3719019375 0.38699992499999997 0.3474940484375 0.374436884375 0.26850425 0.28136482812499997 0.294389021875
1 0.7181852921874999 0.2607719796875 0.7327747953125 0.3522847890625 0.8657748453125 0.320358328125 0.8477305234375001 0.2254667 0.7181852921874999 0.2607719796875
1 0.7335058515624999 0.35227214687499997 0.7182805625 0.2611354890625 0.5991014156250001 0.29260429375 0.6127126109375001 0.379899709375 0.7335058515624999 0.35227214687499997
1 0.6124468765625 0.37933772499999996 0.5992544421875 0.292005725 0.48905519374999995 0.3224077640625 0.5021645421875001 0.4050605546875 0.6124468765625 0.37933772499999996
1 0.3864100765625 0.3473180953125 0.3981211671875 0.427876490625 0.501537675 0.40496282499999997 0.48898827968749997 0.3214489515625 0.3864100765625 0.3473180953125
1 0.2917443140625 0.371690890625 0.30260925156249996 0.4492726796875 0.3989890125 0.42815540468749996 0.3864779921875 0.34748167812499997 0.2917443140625 0.371690890625
1 0.2116118421875 0.469153009375 0.30354135625 0.44858189531250003 0.2914757625 0.372440540625 0.20180569531249998 0.3937271328125 0.2116118421875 0.469153009375
1 0.11720722343750001 0.4142737875 0.1263787703125 0.4879894 0.21190826562499998 0.4688390015625 0.20207110312499998 0.3940907375 0.11720722343750001 0.4142737875
1 0.11775532656250001 0.41432909218749997 0.0352769484375 0.43292722499999997 0.042879915625 0.5056224078125 0.1266228703125 0.4877757171875 0.11775532656250001 0.41432909218749997
1 0.1264785828125 0.4873824328125 0.136751375 0.561419709375 0.22249207499999998 0.54562191875 0.2122203640625 0.46949760156250003 0.1264785828125 0.4873824328125
1 0.0438732734375 0.5052207609375 0.05304506875 0.576849484375 0.136115590625 0.561795859375 0.1262490375 0.4878434609375 0.0438732734375 0.5052207609375
1 0.13679368593750002 0.5616729796875 0.14541313125 0.6362708031250001 0.2318315765625 0.6224363921875 0.2227054625 0.5452140734375 0.13679368593750002 0.5616729796875
1 0.05329918125000001 0.5762822078125 0.062470625 0.64999719375 0.14634617656249999 0.63558049375 0.1362425234375 0.5625556656249999 0.05329918125000001 0.5762822078125
1 0.2116345625 0.4687359046875 0.22233025624999997 0.545304615625 0.314470975 0.5280861078125 0.3020807046875 0.44973763437500003 0.2116345625 0.4687359046875
1 0.3026741796875 0.4491082171875 0.315064446875 0.5274566890625 0.41123143124999995 0.5092476265625 0.3984708015625 0.42847545781249996 0.3026741796875 0.4491082171875
1 0.3990246 0.4282288484375 0.41115894218750004 0.5092324140625 0.5154214968749999 0.48929473124999995 0.5010274453125 0.405015340625 0.3990246 0.4282288484375
1 0.22324065312500002 0.54487676875 0.2323676234375 0.622512565625 0.324295353125 0.6082010171875 0.31355356562500003 0.5276035593749999 0.22324065312500002 0.54487676875
1 0.31398276406250003 0.5276501296875 0.3231518 0.6076260812500001 0.42342931874999995 0.5910192640624999 0.410510834375 0.509746740625 0.31398276406250003 0.5276501296875
1 0.41051646093749994 0.509139446875 0.4231179359375 0.5908405250000001 0.529879259375 0.5733196796875 0.5150710546874999 0.489078615625 0.41051646093749994 0.509139446875
1 0.5149909218750001 0.48838184531250006 0.5296252515625001 0.57388758125 0.642236165625 0.55582793125 0.627091903125 0.46705786875 0.5149909218750001 0.48838184531250006
1 0.500992028125 0.4045862203125 0.514439653125 0.48926390625 0.6264585265625 0.467660371875 0.61286414375 0.3795868296875 0.500992028125 0.4045862203125
1 0.6130789265625001 0.37910979375 0.626144284375 0.467769503125 0.7489280703125 0.4436933328125 0.732982375 0.352426284375 0.6130789265625001 0.37910979375
1 0.6267800718750001 0.467393353125 0.6418364640625 0.555430678125 0.765381534375 0.5359114640625 0.7488139640625 0.44327911562500005 0.6267800718750001 0.467393353125
1 0.7334548296875 0.3513826140625 0.7499937531249999 0.4441071328125 0.8838396062499999 0.417243540625 0.8655000625 0.3203262984375 0.7334548296875 0.3513826140625
1 0.74889156875 0.44378499375 0.764667775 0.5361258531249999 0.8988506828125 0.5154617125 0.88256829375 0.417893996875 0.74889156875 0.44378499375
1 0.765310359375 0.5364417234375 0.7814252984375 0.6287218453125 0.9180227359375 0.6120534906249999 0.8985174359375 0.5156638453125 0.765310359375 0.5364417234375
1 0.766062459375 0.5353402921875 0.642221071875 0.5551741375 0.6580401828125 0.6435951156249999 0.782303109375 0.6276337125 0.766062459375 0.5353402921875
1 0.6587923375 0.6437191062500001 0.6433964750000001 0.5557432984374999 0.5294293718749999 0.5740487140625 0.5443600203125001 0.6592398171875 0.6587923375 0.6437191062500001
1 0.5443060234375 0.6597746953125 0.5292352578124999 0.5740136625 0.4228970703125 0.5913328390625 0.43787902812499996 0.6743446875 0.5443060234375 0.6597746953125
1 0.4239798 0.591145653125 0.3252603125 0.6073709140625 0.33884601875000003 0.6864653171875 0.43783671875 0.6734194296875 0.4239798 0.591145653125
1 0.3405327265625 0.6860320921875 0.3250990453125 0.6069948796875 0.23232945156249998 0.6228164984375 0.2468172546875 0.6988539406250001 0.3405327265625 0.6860320921875
1 0.159503509375 0.7099603265625001 0.24708856406250002 0.6982500453125 0.23227993125 0.62252008125 0.1454206453125 0.63678100625 0.159503509375 0.7099603265625001
1 0.063381190625 0.6483194015625 0.07547974843750001 0.72296776875 0.1595934578125 0.71049875625 0.146271571875 0.6362763124999999 0.063381190625 0.6483194015625
1 0.075976503125 0.7214906015625 0.0882564203125 0.7949966421875 0.1728199875 0.7852204046875 0.1591323484375 0.710809103125 0.075976503125 0.7214906015625
1 0.15968351249999999 0.7110378125000001 0.17101703906250001 0.7855471265625 0.26035865937499997 0.775460409375 0.2474215078125 0.6984699765625 0.15968351249999999 0.7110378125000001
1 0.24753893593749998 0.6987231625 0.25977185 0.7763985203125 0.3541627265625 0.765396803125 0.33938029375 0.6860759937500001 0.24753893593749998 0.6987231625
1 0.339533425 0.6863723203125 0.3542005015625 0.765271409375 0.453187965625 0.7551009093750001 0.438184603125 0.6730516375 0.339533425 0.6863723203125
1 0.4389732390625 0.672236090625 0.4542250421875 0.754635290625 0.5606949875 0.744773046875 0.5438326640625 0.659396590625 0.4389732390625 0.672236090625
1 0.5440361109375 0.6591876984375 0.5585656125 0.743936709375 0.675809153125 0.7318450859375 0.6581618984375 0.6438636328125 0.5440361109375 0.6591876984375
1 0.6588019234375 0.6433836296875 0.6748178375 0.7325794578125 0.7999492015625 0.7209996750000001 0.783105221875 0.6282376640625 0.6588019234375 0.6433836296875
1 0.7823771421875 0.6268155828124999 0.79996848125 0.7209961828125 0.9367736703125 0.7103529125 0.9190095749999999 0.6121504140625 0.7823771421875 0.6268155828124999
1 0.7995734796875 0.7208545046875 0.816759471875 0.8148315140625 0.9570338203125001 0.8093845749999999 0.9378596859374999 0.710304296875 0.7995734796875 0.7208545046875
1 0.6754333265625 0.7316992890625 0.6917197140625 0.820291371875 0.8163982125 0.8148969812500001 0.8003216156249999 0.72150238125 0.6754333265625 0.7316992890625
1 0.69187644375 0.8211830109375 0.6757264921874999 0.7311796984375001 0.5601110046875 0.74459603125 0.5768427578125 0.8309329421875 0.69187644375 0.8211830109375
1 0.4532741734375 0.7540144859375 0.466361253125 0.8390255312500001 0.5759405546874999 0.83220589375 0.559713703125 0.744668028125 0.4532741734375 0.7540144859375
1 0.46709246249999997 0.8391327000000001 0.45360103125 0.7553713953125001 0.3546927546875 0.7657987875 0.36745405781249996 0.84669389375 0.46709246249999997 0.8391327000000001
1 0.3661500453125 0.8464817765625 0.3540284375 0.7649082859375 0.260134240625 0.77570918125 0.2731201578125 0.85303289375 0.3661500453125 0.8464817765625
1 0.2712039578125 0.8535914640625 0.260359459375 0.7766592812499999 0.1730138453125 0.784902434375 0.1868528828125 0.85950664375 0.2712039578125 0.8535914640625
1 0.089188840625 0.7947471375 0.09924241406249999 0.8684491671875 0.18597007968749998 0.8587298296875 0.17227604531250001 0.7854484765625 0.089188840625 0.7947471375
0 0 0.508353928125 0.062261984375 0.8957065296875 0.9636245593749999 0.8480770359375001 0.9731884890625 0.63288861875 0.8698659296875 0.025773804687500002 0.74236298125 0.021995940624999998 0 0.2629153375 0 0.508353928125