1 0.16304976851851852 0.5506597222222223 0.12175925925925926 0.13038194444444445
1 0.24537037037037038 0.4370486111111111 0.1151041666666667 0.11907407407407415
1 0.17138310185185185 0.3547106481481482 0.1085648148148148 0.11089120370370367
1 0.6972222222222222 0.09276620370370371 0.10694444444444447 0.10923611111111112
1 0.38527199074074076 0.1522337962962963 0.09728009259259256 0.10086805555555553
1 0.5356770833333334 0.12996527777777778 0.09427083333333322 0.10380787037037038
1 0.24270833333333336 0.17574652777777774 0.09403935185185182 0.09755787037037038
1 0.4880208333333334 0.40075810185185184 0.11197916666666678 0.118888888888889
1 0.631539351851852 0.19255208333333332 0.10410879629629619 0.11686342592592594
1 0.46655092592592595 0.2209722222222222 0.09890046296296298 0.1025231481481482
1 0.563744212962963 0.29844907407407406 0.10393518518518512 0.11217592592592593
1 0.7182291666666667 0.17586226851851852 0.11047453703703702 0.12035879629629628
1 0.3953414351851852 0.3188715277777778 0.10873842592592595 0.11557870370370367
1 0.5962673611111111 0.5030555555555556 0.12204861111111107 0.13819444444444445
1 0.17291666666666666 0.2698321759259259 0.09907407407407409 0.10721064814814821
1 0.614525462962963 0.11203125 0.10081018518518511 0.11199074074074074
1 0.5489872685185185 0.21572337962962962 0.10069444444444446 0.10886574074074078
1 0.3205439814814815 0.4251331018518519 0.11521990740740744 0.12219907407407397
1 0.3145833333333333 0.24314814814814817 0.09890046296296298 0.10252314814814811
1 0.40899884259259256 0.5192418981481481 0.12991898148148148 0.14021990740740725
1 0.3217013888888889 0.6458101851851852 0.12991898148148148 0.14021990740740725
1 0.2398148148148148 0.5396180555555555 0.11869212962962958 0.1317592592592593
1 0.390625 0.23362268518518517 0.10208333333333339 0.10427083333333335
1 0.16472800925925926 0.4486400462962963 0.11533564814814819 0.12532407407407414
1 0.2411458333333333 0.3440335648148148 0.11030092592592596 0.11567129629629633
1 0.6697627314814815 0.3826851851851852 0.12037037037037042 0.1349768518518518
1 0.2419560185185185 0.26067129629629626 0.0989583333333334 0.1040856481481482
1 0.5111400462962963 0.6250752314814815 0.1346064814814815 0.14049768518518527
1 0.7418692129629629 0.2669097222222222 0.11533564814814809 0.12532407407407406
1 0.6505787037037037 0.2856655092592592 0.11053240740740744 0.12192129629629633
1 0.7683449074074075 0.37137731481481484 0.12349537037037024 0.13516203703703705
1 0.7195601851851852 0.6117013888888889 0.13506944444444446 0.15299768518518525
1 0.15538194444444448 0.6593402777777777 0.1267939814814815 0.1400347222222223
1 0.798755787037037 0.4768576388888889 0.13315972222222214 0.14353009259259258
1 0.4775752314814815 0.3081539351851852 0.10850694444444446 0.10932870370370366
1 0.6385416666666666 0.76046875 0.1340856481481481 0.1685300925925926
1 0.23394097222222224 0.7809259259259259 0.1445601851851852 0.15667824074074072
1 0.42225115740740743 0.7718171296296297 0.15271990740740726 0.1665162037037037
1 0.831394675925926 0.6003993055555557 0.1413773148148149 0.15493055555555557
1 0.3169849537037037 0.32903935185185185 0.11018518518518512 0.11254629629629634
1 0.23544560185185187 0.6531712962962963 0.1283564814814815 0.14012731481481494
1 0.695486111111111 0.4878877314814815 0.1267939814814813 0.1400347222222223
1 0.5799479166666666 0.39918981481481486 0.1122106481481481 0.1251388888888889
1 0.6155381944444445 0.6234664351851851 0.1271412037037038 0.1494097222222223
1 0.32450810185185186 0.5321643518518518 0.1234375 0.13359953703703695
1 0.14840856481481482 0.7867708333333333 0.13327546296296294 0.1466550925925926
1 0.40353009259259254 0.4136805555555555 0.11846064814814809 0.12550925925925932
1 0.8694444444444445 0.74375 0.16105324074074084 0.1810416666666665
1 0.4181423611111111 0.6398321759259259 0.1364583333333332 0.14840277777777774
1 0.7505787037037036 0.7546354166666667 0.146875 0.1770833333333332
1 0.32896412037037037 0.7787615740740741 0.1401041666666667 0.1626504629629629
1 0.5296585648148148 0.7672685185185185 0.14328703703703702 0.16439814814814807
1 0.49910300925925927 0.5105497685185185 0.12505787037037042 0.1352546296296296
1 0.5461805555555556 0.9086892361111112 0.15717592592592594 0.1826215277777777
1 0.33055555555555555 0.9158564814814815 0.16296296296296298 0.168287037037037
1 0.43559027777777776 0.9128703703703703 0.1536458333333334 0.1742592592592594
1 0.23310185185185187 0.9186400462962963 0.14849537037037033 0.1627199074074074
1 0.7859375 0.9032725694444445 0.1604166666666668 0.19345486111111115
1 0.6638599537037037 0.9091753472222223 0.1492476851851851 0.18164930555555542
1 0.14415509259259257 0.9192650462962962 0.1388888888888889 0.16146990740740746
1 0.9113715277777779 0.9017592592592593 0.17141203703703703 0.19648148148148153
1 0.08689236111111112 0.1571585648148148 0.090625 0.08956018518518519
1 0.1480267015625 0.1613016515625 0.1433968875 0.23709189687499999 0.21001569999999997 0.2233775421875 0.212052096875 0.1481498125 0.1480267015625 0.1613016515625
1 0.2784114484375 0.13605166875000002 0.2793684890625 0.21089902343750003 0.351826875 0.1976814609375 0.3485580921875 0.1239958046875 0.2784114484375 0.13605166875000002
1 0.4188800171875 0.1108927015625 0.426931546875 0.18522049375 0.5053284046875001 0.17881493125 0.49356008281249997 0.10381689999999999 0.4188800171875 0.1108927015625