1 0.3125 0.1078125 0.07890625 0.06953125
1 0.596875 0.10625 0.07578125 0.06328125
1 0.53046875 0.171875 0.07578125 0.06953125
1 0.6109375 0.24453125 0.08359375 0.0765625
1 0.67578125 0.17421875 0.0828125 0.0703125
1 0.7625 0.24765625 0.0890625 0.07734375
1 0.734375 0.1125 0.08125 0.0640625
1 0.3828125 0.103125 0.07421875 0.07109375
1 0.525 0.10234375 0.0703125 0.06796875
1 0.23671875 0.103125 0.0796875 0.07734375
1 0.45390625 0.10234375 0.0703125 0.06796875
1 0.66640625 0.10625 0.07578125 0.06953125
1 0.45390625 0.16953125 0.075 0.07109375
1 0.3046875 0.175 0.07734375 0.07734375
1 0.6046875 0.16953125 0.0796875 0.0703125
1 0.2265625 0.1734375 0.08515625 0.08046875
1 0.62265625 0.32578125 0.09296875 0.08984375
1 0.38046875 0.17109375 0.078125 0.071875
1 0.74921875 0.1734375 0.0828125 0.0734375
1 0.45546875 0.32265625 0.08515625 0.0875
1 0.53671875 0.24140625 0.08359375 0.0765625
1 0.4546875 0.51875 0.1015625 0.11015625
1 0.36953125 0.41640625 0.09921875 0.09765625
1 0.3796875 0.24375 0.08828125 0.08203125
1 0.2140625 0.2453125 0.090625 0.08671875
1 0.29453125 0.24609375 0.08671875 0.07890625
1 0.284375 0.328125 0.0890625 0.09140625
1 0.78203125 0.3265625 0.0953125 0.08984375
1 0.690625 0.24375 0.0859375 0.078125
1 0.6421875 0.515625 0.11171875 0.1109375
1 0.45390625 0.2421875 0.0796875 0.078125
1 0.71796875 0.4171875 0.10234375 0.0984375
1 0.55703125 0.6328125 0.10859375 0.12265625
1 0.196875 0.33203125 0.09765625 0.09609375
1 0.5453125 0.41640625 0.09375 0.09765625
1 0.7015625 0.32734375 0.090625 0.0890625
1 0.80078125 0.41796875 0.09921875 0.0953125
1 0.82109375 0.515625 0.109375 0.10859375
1 0.16328125 0.5234375 0.11328125 0.11015625
1 0.37265625 0.32421875 0.09140625 0.0890625
1 0.259375 0.52109375 0.109375 0.11328125
1 0.7546875 0.63046875 0.11796875 0.11875
1 0.18046875 0.41875 0.10859375 0.1078125
1 0.53828125 0.325 0.08671875 0.0875
1 0.2734375 0.4203125 0.1015625 0.09921875
1 0.45390625 0.42109375 0.09375 0.0984375
1 0.35078125 0.640625 0.11484375 0.1296875
1 0.7328125 0.51796875 0.1078125 0.10625
1 0.8453125 0.6296875 0.11484375 0.11328125
1 0.628125 0.4140625 0.09921875 0.0984375
1 0.359375 0.5203125 0.103125 0.1109375
1 0.65625 0.6296875 0.1125 0.1234375
1 0.2453125 0.64453125 0.1203125 0.12734375
1 0.13828125 0.64296875 0.12421875 0.1265625
1 0.55 0.51796875 0.1015625 0.109375
1 0.45625 0.6390625 0.1015625 0.1234375
1 0.67421875 0.7640625 0.125 0.14296875
1 0.4515625 0.7703125 0.1140625 0.15234375
1 0.56171875 0.76796875 0.1140625 0.14609375
1 0.77734375 0.76171875 0.1296875 0.1453125
1 0.3390625 0.77578125 0.121875 0.153125
1 0.8765625 0.76171875 0.13203125 0.14375
1 0.228125 0.77890625 0.128125 0.15
1 0.1125 0.7828125 0.1359375 0.14765625