1 0.2302604166666667 0.45636574074074077 0.08197916666666671 0.08578703703703709
1 0.46875 0.5091550925925926 0.11333333333333329 0.11254629629629634
1 0.29901041666666667 0.5223263888888889 0.09187499999999993 0.09415509259259255
1 0.37567708333333333 0.43451967592592594 0.09833333333333324 0.09765046296296305
1 0.38104166666666667 0.5991724537037036 0.1036458333333334 0.10730324074074069
1 0.5665625000000001 0.40764467592592596 0.12791666666666668 0.12119212962962962
1 0.46520833333333333 0.32883101851851854 0.11635416666666672 0.1111689814814815
1 0.29942708333333334 0.21259259259259258 0.0953125 0.0990277777777778
1 0.5672395833333332 0.595920138888889 0.12875000000000014 0.13369212962962962
1 0.3846354166666667 0.7553703703703704 0.10395833333333329 0.1119907407407407
1 0.2983854166666667 0.368287037037037 0.09656250000000002 0.09443287037037038
1 0.47062499999999996 0.6794618055555556 0.11541666666666668 0.12045138888888882
1 0.3044791666666667 0.6737442129629629 0.09385416666666666 0.10049768518518505
1 0.37838541666666664 0.2654976851851852 0.10343749999999999 0.1041782407407407
1 0.5710416666666667 0.772337962962963 0.12572916666666673 0.1350694444444443
1 0.6847395833333334 0.49090856481481476 0.14291666666666672 0.1360879629629629
1 0.5653125 0.21629050925925924 0.12791666666666668 0.12119212962962962
1 0.3771875 0.5169155092592593 0.10010416666666666 0.10086805555555571
1 0.4614062499999999 0.15241319444444446 0.12177083333333343 0.12238425925925922
1 0.37734375 0.3511574074074074 0.10333333333333332 0.10261574074074069
1 0.6838541666666667 0.28241319444444446 0.14229166666666657 0.12671296296296292
1 0.5738541666666667 0.6834606481481481 0.12541666666666665 0.13038194444444445
1 0.6877604166666667 0.6907175925925926 0.1404166666666667 0.14527777777777776
1 0.4677604166666667 0.2438599537037037 0.11645833333333329 0.11273148148148149
1 0.6922395833333332 0.7869444444444444 0.13229166666666678 0.14012731481481477
1 0.5614583333333334 0.3091203703703703 0.12458333333333335 0.11788194444444447
1 0.6867708333333333 0.18030092592592592 0.1414583333333333 0.13755787037037032
1 0.4646354166666667 0.4191319444444444 0.11281250000000007 0.10473379629629634
1 0.68125 0.07635416666666668 0.146875 0.14877314814814815
1 0.5681770833333333 0.500150462962963 0.12802083333333342 0.12275462962962962
1 0.68421875 0.5921006944444445 0.14468749999999986 0.13930555555555557
1 0.6813541666666667 0.38994791666666667 0.13583333333333342 0.1232175925925926
1 0.8212499999999998 0.5909837962962963 0.17406250000000015 0.15972222222222215
1 0.8192708333333334 0.36387731481481483 0.17124999999999985 0.14087962962962966
1 0.81859375 0.4790856481481482 0.16989583333333336 0.14391203703703717
1 0.8234895833333333 0.6974594907407408 0.1710416666666667 0.16109953703703717
1 0.8272916666666668 0.8038425925925926 0.17645833333333344 0.1723148148148148
1 0.8214062500000001 0.2501388888888889 0.17124999999999985 0.14087962962962966
1 0.8209375 0.14044560185185184 0.171875 0.15025462962962965
1 0.8181770833333333 0.05657118055555556 0.1760416666666668 0.11314236111111112
1 0.4289712625 0.797109003125 0.5244282890624999 0.808796515625 0.521484690625 0.7204801578125 0.428007596875 0.7143985015625 0.4289712625 0.797109003125
1 0.5167162046875 0.63386005625 0.5123779374999999 0.546121771875 0.4208660703125 0.5509199125 0.4221451078125 0.6328655546874999 0.5167162046875 0.63386005625
1 0.42671203750000003 0.7142745453125 0.42262904375000004 0.6331361671875 0.3386116359375 0.6335946984375 0.3409852015625 0.7097380484375 0.42671203750000003 0.7142745453125
1 0.20263057187500003 0.7019517625 0.2692033796875 0.7059650515625 0.2650928796875 0.6327134375 0.20117744062499998 0.6339251015625 0.20263057187500003 0.7019517625
1 0.2638923453125 0.560404453125 0.20050296093750003 0.5643746140625 0.2001950109375 0.564661003125 0.20028902343750002 0.633135615625 0.2654643921875 0.634070390625 0.2638923453125 0.560404453125
1 0.2651473671875 0.6341221359375 0.34013338437499996 0.6327464078125 0.335895821875 0.556209765625 0.2640039828125 0.560784225 0.2651473671875 0.6341221359375
1 0.2691709890625 0.77941978125 0.346387109375 0.7861831015625 0.3434369265625 0.7099085859375001 0.269176153125 0.7052611171875001 0.2691709890625 0.77941978125
1 0.20530845000000003 0.771186103125 0.2704129890625 0.7785086812500001 0.269556709375 0.7068518874999999 0.2020800703125 0.702641528125 0.20530845000000003 0.771186103125
1 0.1475215171875 0.7631413984375001 0.20692305156250002 0.771630946875 0.2029668703125 0.7023691249999999 0.1440457578125 0.6980522687499999 0.1475215171875 0.7631413984375001
1 0.1423197953125 0.6338139468749999 0.2011217 0.634116090625 0.2004842890625 0.563367240625 0.1409082875 0.567242303125 0.1423197953125 0.6338139468749999
1 0.1453711265625 0.6991217046875 0.20319612343750001 0.7013304640625 0.20055489999999998 0.633043825 0.1428960640625 0.6335571875 0.1453711265625 0.6991217046875
1 0.14093319843750002 0.5015801265625 0.2010005125 0.4939110984375 0.200140534375 0.42416978125 0.1383666015625 0.4352228828125 0.14093319843750002 0.5015801265625
1 0.19863870781249998 0.49390861093750005 0.140690453125 0.5019201203125 0.140412290625 0.50166515 0.1408471203125 0.5672055625 0.199744784375 0.563221778125 0.19863870781249998 0.49390861093750005
1 0.1995285390625 0.5644218546875 0.2652454078125 0.5602954109375 0.26370670937499996 0.48658815000000005 0.1986823828125 0.494163475 0.1995285390625 0.5644218546875
1 0.1457690671875 0.3021585953125 0.20390581718749998 0.285292875 0.19329168125 0.214426090625 0.13302615625 0.2366146078125 0.1457690671875 0.3021585953125
1 0.1997736953125 0.35487863124999997 0.20388343281250002 0.284714140625 0.14577653906250002 0.3023517828125 0.1407281859375 0.36859275468749997 0.1997736953125 0.35487863124999997
1 0.1398695125 0.3687762921875 0.139635375 0.43535371093749997 0.1990773265625 0.42506921875000003 0.1992602578125 0.35515684375 0.1391632171875 0.3688481875 0.1398695125 0.3687762921875
1 0.20416682968750002 0.28525027187499996 0.26899598125 0.2649634984375 0.25955033906249997 0.190410825 0.1943271484375 0.2140626765625 0.20416682968750002 0.28525027187499996
1 0.1985097953125 0.42488150156250004 0.2636970640625 0.41385366718750005 0.262641978125 0.3390971015625 0.1989612125 0.3551197140625 0.1985097953125 0.42488150156250004
1 0.26419947499999996 0.3386484796875 0.267683853125 0.265868521875 0.2041486828125 0.284810184375 0.20024278125 0.3543281484375 0.26419947499999996 0.3386484796875
1 0.420119396875 0.21754226875 0.41266929843750005 0.13270653125 0.33177426250000003 0.1621870609375 0.338861503125 0.24285845312499998 0.420119396875 0.21754226875
1 0.3373040734375 0.3201949359375 0.338483984375 0.24292007031249999 0.26907753125 0.264944346875 0.26415903281249997 0.339701378125 0.3373040734375 0.3201949359375
1 0.2638153125 0.48703516718750006 0.336043465625 0.478011196875 0.3351992703125 0.39981765468749997 0.262633834375 0.41236264218749996 0.2638153125 0.48703516718750006
1 0.620784165625 0.1534676140625 0.6192424359375 0.052722309375 0.5091000421875 0.096384090625 0.5144194140625 0.1882408828125 0.620784165625 0.1534676140625