1 0.5271643518518518 0.7619212962962962 0.08909722222222224 0.08468749999999989
1 0.40409143518518514 0.5500057870370371 0.11751157407407398 0.11751157407407416
1 0.4416145833333333 0.7105960648148149 0.09746527777777772 0.09452546296296305
1 0.5024537037037037 0.6232581018518518 0.10261574074074069 0.10261574074074069
1 0.343431712962963 0.6475462962962963 0.11070601851851851 0.10776620370370367
1 0.47174189814814815 0.4403356481481482 0.12771990740740743 0.13212962962962962
1 0.5767187500000001 0.5210358796296296 0.1176967592592593 0.12063657407407398
1 0.7382465277777778 0.6529108796296297 0.10243055555555554 0.09949074074074069
1 0.29097800925925926 0.47431134259259256 0.13874999999999993 0.13434027777777774
1 0.19295717592592593 0.673125 0.11548611111111114 0.10960648148148149
1 0.5898842592592592 0.6825347222222222 0.09930555555555554 0.09930555555555572
1 0.24005787037037035 0.5794849537037037 0.12541666666666665 0.11953703703703696
1 0.2952777777777778 0.7325 0.10380787037037038 0.09645833333333335
1 0.66359375 0.5896874999999999 0.1075810185185185 0.1075810185185185
1 0.12147569444444443 0.5034664351851852 0.13865740740740745 0.13277777777777774
1 0.356568287037037 0.34648726851851847 0.14105324074074072 0.14693287037037042
1 0.654068287037037 0.4064525462962963 0.12771990740740727 0.13212962962962962
1 0.42404513888888895 0.6366435185185185 0.10574074074074069 0.10280092592592602
1 0.7470023148148148 0.4919270833333334 0.12578703703703714 0.12578703703703695
1 0.58265625 0.6060590277777778 0.10601851851851851 0.10748842592592603
1 0.5555324074074074 0.30967013888888884 0.13314814814814824 0.14490740740740743
1 0.20494212962962965 0.4841087962962963 0.13543981481481476 0.1310300925925926
1 0.16403935185185187 0.3805497685185185 0.15199074074074076 0.14758101851851854
1 0.6577025462962963 0.5038831018518518 0.11760416666666665 0.11907407407407397
1 0.07205729166666666 0.39383680555555556 0.14411458333333332 0.13792824074074073
1 0.5673379629629629 0.42796874999999995 0.12440972222222228 0.12881944444444446
1 0.6532465277777778 0.2880208333333333 0.14261574074074074 0.1470254629629629
1 0.49026620370370366 0.5378645833333333 0.10960648148148149 0.115486111111111
1 0.7536689814814814 0.27358796296296295 0.15226851851851855 0.15226851851851855
1 0.38138310185185187 0.4569328703703704 0.12928240740740743 0.1322222222222223
1 0.2597743055555556 0.36583912037037036 0.14583333333333331 0.14877314814814824
1 0.45391203703703703 0.33108796296296295 0.12974537037037043 0.14003472222222219
1 0.21952546296296296 0.2380150462962963 0.16790509259259262 0.17966435185185184
1 0.4374710648148148 0.19840277777777776 0.15053240740740748 0.17552083333333335
1 0.3280381944444445 0.21935763888888887 0.15356481481481482 0.17414351851851856
1 0.11735532407407408 0.25548032407407406 0.16928240740740738 0.1766319444444444
1 0.05161458333333333 0.2729108796296297 0.10322916666666666 0.18019675925925932
1 0.5453877314814815 0.17657407407407408 0.15053240740740748 0.1755208333333333
1 0.6508680555555555 0.15616898148148148 0.15999999999999998 0.1776388888888889
1 0.7569444444444444 0.13893518518518516 0.17581018518518512 0.1816898148148148
1 0.100432040625 0.553148640625 0.1403397703125 0.63951589375 0.2197354125 0.6253217906249999 0.1857851140625 0.539767571875 0.100432040625 0.553148640625
1 0.355285040625 0.5164051828125 0.27006509218749997 0.52838779375 0.299479221875 0.6158842390625 0.378238259375 0.6021220421875 0.355285040625 0.5164051828125
1 0.299074753125 0.6154849390625 0.220243890625 0.62650030625 0.2503837890625 0.7051510359375001 0.3239228453125 0.6934620046875 0.299074753125 0.6154849390625
1 0.27559644843750003 0.771012471875 0.2994711734375 0.832000740625 0.3649702796875 0.820938959375 0.3468925640625 0.7614612609375 0.27559644843750003 0.771012471875
1 0.3454829390625 0.76136435625 0.3659927421875 0.8216186078125001 0.43151122031250005 0.8092150640625 0.4316924453125 0.8088773171874999 0.41641132656249996 0.7493841406249999 0.3454829390625 0.76136435625
1 0.3242761640625 0.6918964359374999 0.345528865625 0.7616677125 0.4160145078125 0.7493499171875 0.398752375 0.681863790625 0.3242761640625 0.6918964359374999
1 0.17564474531250002 0.7140874953125 0.20535295156250002 0.7844416484375001 0.2762778984375 0.77090930625 0.24948279218749997 0.7029091249999999 0.17564474531250002 0.7140874953125
1 0.20585053593749997 0.7831239796875 0.2324484140625 0.84214734375 0.29897715625 0.832636940625 0.274641925 0.7708466671875 0.20585053593749997 0.7831239796875
1 0.231537015625 0.8407315750000001 0.25753457343749997 0.8942547515625 0.3208329265625 0.885604015625 0.29897078593750004 0.8317650890625 0.231537015625 0.8407315750000001
1 0.3648043890625 0.821025478125 0.3827909171875 0.8754862250000001 0.4468858921875 0.8646512703125 0.43266153125000006 0.8087108703125001 0.3648043890625 0.821025478125
1 0.2998951796875 0.8313630812499999 0.31941120624999997 0.884570334375 0.382863046875 0.8749051250000001 0.366000509375 0.8213553671874999 0.2998951796875 0.8313630812499999
1 0.4989350984375 0.795562521875 0.5096787218750001 0.85265049375 0.5739162906249999 0.8429255421875 0.56589560625 0.78363804375 0.4989350984375 0.795562521875
1 0.433023221875 0.8093699359375 0.446939440625 0.864701278125 0.5097541828125001 0.8531489453125 0.50942660625 0.8529375671875 0.49964830937500004 0.7977517234375 0.433023221875 0.8093699359375
1 0.4161083859375 0.7481098125 0.43194053437499996 0.8097893296875001 0.499391409375 0.7977577203124999 0.48706625781249996 0.7360911421874999 0.4161083859375 0.7481098125
1 0.6975864078125 0.7548141640625 0.6989531328125 0.81178989375 0.7654756421875 0.811647859375 0.7685590296875 0.7517275671875 0.6975864078125 0.7548141640625
1 0.6981466562499999 0.7547293484375001 0.632277146875 0.7713384921875 0.63693161875 0.8285818468749999 0.698766115625 0.8118182062500001 0.6981466562499999 0.7547293484375001
1 0.6371583249999999 0.830079340625 0.6321655921875 0.77186525625 0.5653553640625 0.7847878265625 0.5734093015624999 0.8417731171874999 0.6370145125 0.8294114109375 0.6371583249999999 0.830079340625
1 0.69743961875 0.6907600328125 0.697548596875 0.7545644031250001 0.7685949625 0.750701284375 0.7715857984375 0.6859177578125 0.69743961875 0.6907600328125
1 0.5566335515625 0.72283231875 0.5657057062499999 0.78527975 0.6322911062500001 0.7721357296875 0.62844944375 0.710173878125 0.5566335515625 0.72283231875
1 0.6969689484375 0.692141609375 0.6284097546875 0.708648071875 0.6326624609375 0.77080318125 0.697974965625 0.7545009515625 0.6969689484375 0.692141609375
1 0.78069101875 0.533433509375 0.6973105515625 0.54200164375 0.69755386875 0.621954709375 0.77684228125 0.6138098000000001 0.78069101875 0.533433509375
1 0.6976085578125 0.6223159515625001 0.6240567890625 0.6375058515625 0.6274149171875 0.7088776296875 0.6974333890625 0.69068093125 0.6976085578125 0.6223159515625001
1 0.4734982671875 0.6674624203125 0.4866060390625 0.736072 0.558379590625 0.7235460671875 0.5485378625 0.6539815109375 0.4734982671875 0.6674624203125
1 0.7950170562500001 0.3273271640625 0.698198665625 0.344275134375 0.6969534671875001 0.4492301328125 0.786407696875 0.43740584218749995 0.7950170562500001 0.3273271640625