1 0.20087244218750003 0.634135665625 0.19312462187499999 0.6990671359375 0.24494026562500001 0.7076771921875 0.2583635140625 0.6410295390625 0.20087244218750003 0.634135665625
1 0.2585556953125 0.6426462515625 0.26705485625000003 0.5758514124999999 0.2093474203125 0.57196981875 0.20149069531250002 0.634125184375 0.2585556953125 0.6426462515625
1 0.21585296875 0.5114566609375 0.2090554234375 0.5717427734375 0.26648744999999996 0.5751663765624999 0.27353468125 0.5114040984375 0.21585296875 0.5114566609375
1 0.2222540890625 0.4496512984375 0.2158696046875 0.51122505 0.2738599984375 0.5111672546875 0.2784880328125 0.44802130937499995 0.2222540890625 0.4496512984375
1 0.22570484531249999 0.38905393125 0.22156499531249998 0.4498316453125 0.278061328125 0.44769055 0.280651628125 0.38338783906249996 0.22570484531249999 0.38905393125
1 0.22781380625 0.328310646875 0.2247654484375 0.3895771796875 0.28086544999999996 0.383552878125 0.283906765625 0.319242521875 0.22781380625 0.328310646875
1 0.23244204375000002 0.26701733125 0.2285150765625 0.327960765625 0.2841205375 0.319408228125 0.2889311953125 0.2555752015625 0.23244204375000002 0.26701733125
1 0.22020190468749998 0.208377275 0.23285657187500003 0.26751762968750004 0.2899983796875 0.2564024265625 0.27916591562500004 0.19384924375 0.22020190468749998 0.208377275
1 0.3403067046875 0.17725568281249998 0.27827606718750003 0.193695 0.2907361359375 0.2555446015625 0.349968734375 0.2435486359375 0.3403067046875 0.17725568281249998
1 0.28914408125 0.2557409203125 0.28364521875 0.31975427968750003 0.342933478125 0.3101253265625 0.3497558046875 0.2433835828125 0.28914408125 0.2557409203125
1 0.34354965000000004 0.3109602 0.28339491250000004 0.3200971828125 0.28063949843749997 0.3835567078125 0.339611575 0.3783297 0.34354965000000004 0.3109602
1 0.34077692656249997 0.3778026203125 0.280627321875 0.38372624375000003 0.278061328125 0.44769055 0.3379555890625 0.445321853125 0.34077692656249997 0.3778026203125
1 0.3375401703125 0.44482157187500004 0.2785123390625 0.44768290312500003 0.2737025703125 0.5115159171875 0.3335786328125 0.51253013125 0.3375401703125 0.44482157187500004
1 0.33310331249999997 0.512876184375 0.2739398078125 0.5113425640625 0.2663613953125 0.5760678328125 0.32665903125 0.5806261671875 0.33310331249999997 0.512876184375
1 0.3259577609375 0.5809760500000001 0.266538684375 0.5767414796875 0.2592218171875 0.6409549906249999 0.3181351953125 0.649088059375 0.3259577609375 0.5809760500000001
1 0.3179223125 0.6489223375 0.2578435359375 0.641317015625 0.24516666874999998 0.70798868125 0.30363608124999997 0.7191732234375 0.3179223125 0.6489223375
1 0.3848376671875 0.6586103859375 0.3172209953125 0.6492728875 0.30366043593750003 0.7188341484375 0.36807657968749996 0.73194716875 0.3848376671875 0.6586103859375
1 0.326634725 0.580964571875 0.317635521875 0.649773184375 0.3848376671875 0.6586103859375 0.3923480625 0.5854310968750001 0.326634725 0.580964571875
1 0.33148695 0.5134109109375 0.3259942453125 0.5804681078125 0.39231157968749997 0.5859390375 0.3972540375 0.5139872624999999 0.33148695 0.5134109109375
1 0.3372907546875 0.4451644609375 0.33285305625 0.51321841875 0.3972540375 0.5139872624999999 0.4037034515625 0.4430239203125 0.3372907546875 0.4451644609375
1 0.34007565624999997 0.3781525015625 0.3372664484375 0.44550286562499997 0.40347750312499997 0.44302775 0.40795681874999995 0.3712524875 0.34007565624999997 0.3781525015625
1 0.343586134375 0.31045225468750004 0.3395993984375 0.3784992359375 0.40771957968750006 0.3714258375 0.4132903875 0.3001393984375 0.343586134375 0.31045225468750004
1 0.3502068171875 0.24337593750000003 0.343586134375 0.31045225468750004 0.41237534374999996 0.3003235734375 0.419191515625 0.23053798906249998 0.3502068171875 0.24337593750000003
1 0.3400451578125 0.177767440625 0.350384153125 0.2440489171875 0.42011784687500003 0.2301842921875 0.41013156562499997 0.15899226093750002 0.3400451578125 0.177767440625
1 0.40944242500000005 0.1591732734375 0.4196425265625 0.23053034375 0.4967072078125 0.21501946562500002 0.48259126406249997 0.141699484375 0.40944242500000005 0.1591732734375
1 0.49646912656250003 0.215192165625 0.4182886 0.2305532984375 0.41302800156249997 0.3006505046875 0.4902275109375 0.2895339234375 0.49646912656250003 0.215192165625
1 0.4902153328125 0.28970345937499997 0.4130036453125 0.3009895765625 0.4075179828125 0.371090596875 0.48395030156249996 0.36438360625 0.4902153328125 0.28970345937499997
1 0.48415105468749997 0.364718196875 0.40681666562499996 0.37144114687499996 0.40347750312499997 0.44302775 0.4796422984375 0.44004522343749997 0.48415105468749997 0.364718196875
1 0.4794649609375 0.43937224375 0.40282484687500003 0.4427008203125 0.3968030265625 0.5139949078125 0.47333989218749994 0.5152333296875 0.4794649609375 0.43937224375
1 0.47406546875 0.5145450421875 0.3968030265625 0.5139949078125 0.39231157968749997 0.5859390375 0.467440725 0.591091253125 0.47406546875 0.5145450421875
1 0.46675158437500003 0.5912722671874999 0.39161030937499997 0.5862889203125 0.3848497984375 0.6584415156250001 0.46006605 0.668664825 0.46675158437500003 0.5912722671874999
1 0.4594863625 0.6673220125 0.3848133125 0.6589494593749999 0.3685154609375 0.7321083921875 0.44273852031249994 0.7467457890625 0.4594863625 0.6673220125
1 0.5297135374999999 0.762688975 0.542856634375 0.6801130359374999 0.45965152187499997 0.6681645296875 0.44364054687500004 0.7467304968749999 0.5297135374999999 0.762688975
1 0.550809928125 0.5976257453125 0.4663370578125 0.5907719703125001 0.45942557187500005 0.6681683609375 0.5422161562500001 0.67961656875 0.550809928125 0.5976257453125
1 0.5575492578125 0.5163423484375 0.47287670156250006 0.5154105109375 0.467202596875 0.591264621875 0.55079775 0.5977952828124999 0.5575492578125 0.5163423484375
1 0.47852645312500003 0.43989547812499996 0.4735536640625 0.5153990359375 0.5579889812500001 0.516504221875 0.565308 0.43656363750000005 0.47852645312500003 0.43989547812499996
1 0.48392599374999995 0.3647220125 0.479428478125 0.4398801875 0.564216509375 0.43607481875 0.57019461875 0.355988303125 0.48392599374999995 0.3647220125
1 0.48932548750000004 0.2895492140625 0.4843405203125 0.365222309375 0.570431809375 0.3558156171875 0.5756965187499999 0.276247853125 0.48932548750000004 0.2895492140625
1 0.4969444453125 0.2148461125 0.4890995359375 0.28955304531250003 0.5752333296875001 0.2764250375 0.5820161875000001 0.19767752031250002 0.4969444453125 0.2148461125
1 0.48310309062499995 0.141859471875 0.49716948437499997 0.215856946875 0.5820161875000001 0.19767752031250002 0.5675768359375 0.1194591125 0.48310309062499995 0.141859471875
1 0.6663309796875 0.09377205 0.5680035421875 0.11978987187500001 0.5826809749999999 0.197835578125 0.6781495359374999 0.177108125 0.6663309796875 0.09377205
1 0.67772283125 0.176777365625 0.5821934765625 0.1983511671875 0.5754462140625 0.27659075781250003 0.6722949703125 0.2617584609375 0.67772283125 0.176777365625
1 0.6705265140625001 0.26128111718749997 0.5754219078125 0.2769291640625 0.5708594031249999 0.3561463625 0.6650621203125 0.3467708234375 0.6705265140625001 0.26128111718749997
1 0.6659398390625 0.3470939375 0.57059696875 0.3566581375 0.5646431656249999 0.43640624531250005 0.6591458734375 0.43226752187499995 0.6659398390625 0.3470939375
1 0.6548833390625 0.43200179062500005 0.56488129375 0.43623287812499995 0.5577508531250001 0.5166775890624999 0.650474 0.518487590625 0.6548833390625 0.43200179062500005
1 0.650510484375 0.517979646875 0.5577630328125001 0.516508053125 0.551034990625 0.5976219296874999 0.6449609921875 0.6046541078125001 0.650510484375 0.517979646875
1 0.643808709375 0.6050116359375 0.551034990625 0.5976219296874999 0.54310689375 0.6797707984375 0.6373076890625 0.6923782125 0.643808709375 0.6050116359375
1 0.5340803937499999 0.7646442390625 0.6299359953125 0.7824655 0.6372712046875 0.6928861546875 0.542868765625 0.6799441671875 0.5340803937499999 0.7646442390625
1 0.7433775921875 0.709181659375 0.63709475625 0.6922131578124999 0.62992381875 0.7826350359375 0.7351161859374999 0.8053719171875 0.7433775921875 0.709181659375
1 0.64447349375 0.6051696953125 0.63724685 0.693225228125 0.7429387578125 0.709019771875 0.7500113515625 0.6136956515625 0.64447349375 0.6051696953125
1 0.6502368078125 0.518660275 0.644010353125 0.6053462109375001 0.7490963046875 0.613879828125 0.75717524375 0.5202299515625 0.6502368078125 0.518660275
1 0.657804125 0.43212093749999997 0.6497849062500001 0.5186679375 0.7565104578125 0.5200718906249999 0.7620832359375 0.4268018265625 0.657804125 0.43212093749999997
1 0.7684850187500001 0.334533021875 0.665275053125 0.3469358765625 0.6577798171875 0.43245934375 0.7625098921875 0.42713325312499995 0.7684850187500001 0.334533021875
1 0.7771193375000001 0.242564365625 0.6709288640625 0.26195095 0.6650742984375 0.3466012859375 0.769625171875 0.3343443640625 0.7771193375000001 0.242564365625
1 0.7858823312500001 0.1519461671875 0.6774603953125 0.1772891390625 0.6718682625 0.2614277015625 0.77732098125 0.24289893906249999 0.7858823312500001 0.1519461671875
1 0.7802238578125 0.06128446093749999 0.666569059375 0.09359935 0.677924475 0.177111940625 0.78624824375 0.1531232734375 0.7802238578125 0.06128446093749999
1 0.9116744921875 0.022817323437500002 0.7795870218750001 0.0607372671875 0.7863090359375 0.1522769265625 0.9085977078124999 0.12213295625000001 0.9116744921875 0.022817323437500002
1 0.9075175046874999 0.1214746171875 0.7876629625 0.1522539734375 0.7780101234375 0.24271792812499998 0.8981473453125 0.22055828125 0.9075175046874999 0.1214746171875
1 0.8972687374999999 0.22023518437499998 0.7771072078125 0.242733234375 0.769174159375 0.3343520109375 0.8887884703125 0.319472428125 0.8972687374999999 0.22023518437499998
1 0.8894411265625 0.3197993578125 0.7689482078125 0.334355840625 0.762534246875 0.4267941796875 0.8826198156249999 0.42103843750000003 0.8894411265625 0.3197993578125
1 0.882168803125 0.421046084375 0.762485584375 0.4274716609375 0.7571874203125 0.5200604125 0.8752623937499999 0.5234699203125001 0.882168803125 0.421046084375
1 0.865487934375 0.7285871203125 0.743627896875 0.70883875625 0.735817503125 0.8050213671875 0.8463059078124999 0.835616315625 0.865487934375 0.7285871203125
1 0.871101209375 0.6253398906250001 0.749748915625 0.614207425 0.7436157203125 0.70900829375 0.8647623093749999 0.7292760765625 0.871101209375 0.6253398906250001
1 0.8757507796875 0.522954315625 0.756712103125 0.5204064640625 0.7495716265625 0.613533775 0.870612825 0.6258554937499999 0.8757507796875 0.522954315625
0 0.88598806875 0 0.1926265375 0.1957763375 0.161814796875 0.712815684375 0.863223278125 0.8720494953125 0.9443562453125001 0 0.88598806875 0