1 0.1974050515625 0.2593508890625 0.20488493124999999 0.185649284375 0.14466538125 0.19637218750000002 0.13410248281249998 0.2658738390625 0.1974050515625 0.2593508890625
1 0.183869771875 0.3344342984375 0.1949640078125 0.26008015625 0.133326284375 0.2660474109375 0.1211951828125 0.3352221796875 0.183869771875 0.3344342984375
1 0.17033216874999998 0.407380496875 0.1824674859375 0.3341368203125 0.12053372031250001 0.336035771875 0.11064875468749999 0.40572934062500005 0.17033216874999998 0.407380496875
1 0.09878775937499999 0.476457521875 0.16138702656249998 0.48223950625 0.1718179953125 0.40747766093750004 0.108791471875 0.4056078875 0.09878775937499999 0.476457521875
1 0.0878773125 0.5460131890625 0.148622334375 0.5550523968750001 0.161439315625 0.48241665781250004 0.099243334375 0.4763785203125 0.0878773125 0.5460131890625
1 0.07773258281249999 0.6178335796875001 0.136593846875 0.6304097609375 0.14959559218750001 0.5560968640625 0.087826871875 0.5461465140625 0.07773258281249999 0.6178335796875001
1 0.1387613375 0.6311148609375 0.20412637031249997 0.6458047437500001 0.2142429828125 0.5670805015625 0.14822566875 0.5565267859375 0.1387613375 0.6311148609375
1 0.1492536484375 0.5557928234375 0.2142429828125 0.5670805015625 0.2261250046875 0.489316746875 0.161049153125 0.4822460875 0.1492536484375 0.5557928234375
1 0.1608589625 0.48167113281249996 0.22711043437499998 0.48825530937500006 0.23868224843750002 0.40990790937500005 0.1719105484375 0.4078497296875 0.1608589625 0.48167113281249996
1 0.1710417015625 0.4081226625 0.2391779484375 0.41117077812499997 0.25009863125 0.3319366 0.18251113593749999 0.333584746875 0.1710417015625 0.4081226625
1 0.18306261562499998 0.3334993671875 0.250542378125 0.33228271875000004 0.263229671875 0.254008265625 0.194454928125 0.2602079453125 0.18306261562499998 0.3334993671875
1 0.195569296875 0.26028081875 0.26403383593749996 0.2534974890625 0.274058575 0.17561228125 0.20553814374999999 0.18633295 0.195569296875 0.26028081875
1 0.24976893281249998 0.33251297812499997 0.3260393203125 0.3296185796875 0.3373579328125 0.24675026562500002 0.2633201328125 0.25306962187500004 0.24976893281249998 0.33251297812499997
1 0.2624867609375 0.25395968281250003 0.33779054375 0.24621603749999998 0.349974475 0.16227843125000002 0.27306555781249997 0.175341565625 0.2624867609375 0.25395968281250003
1 0.2381258265625 0.4097315265625 0.3129789140625 0.412937196875 0.3265273796875 0.3302147 0.25034877187500004 0.3322709015625 0.2381258265625 0.4097315265625
1 0.2268643125 0.4886617359375 0.3005459328125 0.495732640625 0.3130095390625 0.4126575203125 0.23865867187499998 0.41066538750000003 0.2268643125 0.4886617359375
1 0.288736125 0.578729071875 0.3000853625 0.495581078125 0.22571306249999998 0.48756515 0.213717465625 0.5667855390625001 0.288736125 0.578729071875
1 0.20307525625 0.6468829703125001 0.2803280078125 0.66235023125 0.288889490625 0.5793539062499999 0.21331538437500003 0.5670409265624999 0.20307525625 0.6468829703125001
1 0.1955320234375 0.7252753843749999 0.20425468281249998 0.6456149453125 0.13743555937500002 0.6305482953125 0.129325109375 0.704617690625 0.1955320234375 0.7252753843749999
1 0.06909618281249999 0.687448559375 0.12991499374999999 0.706063825 0.13777639218749999 0.6308522640625001 0.0776434890625 0.61622285 0.06909618281249999 0.687448559375
1 0.062808240625 0.7585403375 0.12369235781250001 0.7799758328124999 0.12963531718750002 0.7052013374999999 0.068496228125 0.6872912578125 0.062808240625 0.7585403375
1 0.121677896875 0.77787318125 0.18593998750000001 0.802625528125 0.1947891109375 0.725226803125 0.12957406875 0.7057606937500001 0.121677896875 0.77787318125
1 0.1867746828125 0.801835915625 0.2610683234375 0.8272442625 0.2716134 0.7446070421875 0.19518900156250002 0.725001634375 0.1867746828125 0.801835915625
1 0.1939105859375 0.72412528125 0.2706418921875 0.74434448125 0.2789276046875 0.6618411937500001 0.20377623749999998 0.646577975 0.1939105859375 0.72412528125
1 0.2720061109375 0.7442633328125 0.35456357656250004 0.769367884375 0.36361443437499996 0.6798768390625 0.2799816140625 0.6611764 0.2720061109375 0.7442633328125
1 0.2594813453125 0.827896971875 0.3423532640625 0.85696308125 0.352487865625 0.7678245859375 0.2726572421875 0.7451501125 0.2594813453125 0.827896971875
1 0.34157424375 0.8574181515625 0.4348828296875 0.8902635484375001 0.4481685890625 0.7962634015625001 0.3545275625 0.7698706984375 0.34157424375 0.8574181515625
1 0.35425158125 0.7685243671875 0.4483600859375 0.7974810796875 0.460343671875 0.701706540625 0.36355149062500003 0.6801754875 0.35425158125 0.7685243671875
1 0.3635977375 0.6808886171874999 0.461443040625 0.7030518953125 0.46921810781250006 0.6081288687499999 0.372805771875 0.5933787703125 0.3635977375 0.6808886171874999
1 0.287953521875 0.5787360859375 0.3741823875 0.5942278109375 0.38527418281250003 0.503180990625 0.30053395625 0.4955555953125 0.287953521875 0.5787360859375
1 0.28072093124999997 0.6618716015625 0.3624659359375 0.680729425 0.37343947499999997 0.594179228125 0.28766501718750004 0.5792738328125 0.28072093124999997 0.6618716015625
1 0.300222028125 0.495243396875 0.38507908125 0.502763421875 0.39700980937499997 0.41430490156250005 0.3133704484375 0.41214390468750006 0.300222028125 0.495243396875
1 0.3119427203125 0.4121196953125 0.39914676718750003 0.41528884374999997 0.41070706250000005 0.326806940625 0.326479203125 0.3299897484375 0.3119427203125 0.4121196953125
1 0.3255096359375 0.329484428125 0.410323615625 0.32714788125 0.42408100312499997 0.23909049218749998 0.3372725953125 0.24644529375 0.3255096359375 0.329484428125
1 0.337139625 0.24685152968750002 0.424453534375 0.238767390625 0.43294513281249997 0.1475505359375 0.349801971875 0.1620841421875 0.337139625 0.24685152968750002
1 0.42448415937500006 0.2384877125 0.52235299375 0.22968624218749997 0.5333752390625001 0.1324412796875 0.43279979218750003 0.14799812968749998 0.42448415937500006 0.2384877125
1 0.40908791562499996 0.3278454921875 0.507922334375 0.3238923546875 0.5226632921875 0.230269053125 0.422899296875 0.23841527812500002 0.40908791562499996 0.3278454921875
1 0.396225359375 0.4145538359375 0.4952559703125 0.41905888437499994 0.509469315625 0.32343100156250004 0.4090148390625 0.3276433671875 0.396225359375 0.4145538359375
1 0.38589393125 0.50465100625 0.482297875 0.5126444421875 0.49515092968749996 0.41917936093749997 0.39699985625 0.41482544375 0.38589393125 0.50465100625
1 0.374767365625 0.592598753125 0.46960209218750004 0.6080898859375 0.4810611015625 0.5136894437499999 0.3851921515625 0.5038789859375 0.374767365625 0.592598753125
1 0.460992971875 0.7023747671875 0.570232228125 0.726408175 0.5804766953125 0.626016396875 0.4694191734375 0.6083385203125 0.460992971875 0.7023747671875
1 0.44724397656250003 0.7971888203125 0.5571426640625 0.828866503125 0.569489315625 0.72635959375 0.4601006234375 0.7026782140625001 0.44724397656250003 0.7971888203125
1 0.434614678125 0.8919554921874999 0.54312761875 0.9294553156250001 0.5587572421875 0.8277264515624999 0.44839420468749996 0.7968626015625 0.434614678125 0.8919554921874999
1 0.557310384375 0.827038115625 0.682570609375 0.8653514234375 0.6960232359375 0.7561607234375 0.570576290625 0.7269383734375 0.557310384375 0.827038115625
1 0.5424848328125 0.928257040625 0.666050396875 0.971807240625 0.6815174875000001 0.8647191937500001 0.5578633890625 0.8280129328125 0.5424848328125 0.928257040625
1 0.6961032609375 0.7560436703125 0.838868971875 0.7926958843749999 0.854165453125 0.6719444578125 0.7091379124999999 0.6473046640625 0.6961032609375 0.7560436703125
1 0.681691765625 0.8639766328125 0.823396909375 0.9103145734375 0.8394687062499999 0.7919549984375001 0.6951582265625 0.75520176875 0.681691765625 0.8639766328125
1 0.8144431234375 0.9814074375 0.8229667968750001 0.9095063453125001 0.681839528125 0.86535843125 0.6646209328125 0.9725149500000001 0.6968893359375 0.98401974375 0.8144431234375 0.9814074375
1 0.5913009421875 0.523910040625 0.7212368515625001 0.5353983921875 0.735738075 0.42716769218749995 0.605080925 0.42138638124999994 0.5913009421875 0.523910040625
1 0.4809926953125 0.5147029 0.592670796875 0.5235011984375 0.6044944437499999 0.4215765796875 0.49732028437500003 0.42005156875000005 0.4809926953125 0.5147029
1 0.47135302343749996 0.6087938890625 0.58013559375 0.6258785515625 0.5918497515625 0.5249436171874999 0.48282901093749997 0.51322566875 0.47135302343749996 0.6087938890625
1 0.5781615359375001 0.6257494593749999 0.708221809375 0.648213771875 0.721732584375 0.5369269234375 0.590856184375 0.5246779265625 0.5781615359375001 0.6257494593749999
1 0.5705027578124999 0.7259527453125 0.6976675890624999 0.75670258125 0.7088790875 0.648256753125 0.5804281375 0.626572365625 0.5705027578124999 0.7259527453125
1 0.706959309375 0.647631946875 0.85385334375 0.6736900328125001 0.869268003125 0.5510614359375 0.7220922609375 0.5370997171874999 0.706959309375 0.647631946875
1 0.618208503125 0.321076878125 0.7505371937499999 0.31676880937499996 0.7675545421875001 0.20371673281249997 0.63408753125 0.218420609375 0.618208503125 0.321076878125
1 0.50846514375 0.32486819218749996 0.62023675 0.3207110890625 0.633537609375 0.2173869625 0.522269775 0.22905503125 0.50846514375 0.32486819218749996
1 0.49756278906249995 0.4183790296875 0.6072600015625 0.42106503437500004 0.6202909375 0.3202162109375 0.5078625546875 0.32452011875000003 0.49756278906249995 0.4183790296875
1 0.6071515328125 0.42205562968750004 0.734556534375 0.426398875 0.7519070515624999 0.31635996718750004 0.6195783609375 0.320668034375 0.6071515328125 0.42205562968750004
1 0.736368028125 0.428012603125 0.8863584546875 0.4318382578125 0.9030357062500001 0.30979065 0.750644375 0.316260528125 0.736368028125 0.428012603125
1 0.9205049843750001 0.187158946875 0.9337298531249999 0.0663816859375 0.7790633546875 0.093159190625 0.765227446875 0.2074153125 0.9205049843750001 0.187158946875
1 0.7663183234375001 0.2034984265625 0.7809832234375 0.09378315937500001 0.6473063859375 0.11644891875 0.6361410390625 0.21841743125000002 0.7663183234375001 0.2034984265625
1 0.520980390625 0.2293325125 0.636907896875 0.21746988906250003 0.6503182421875 0.1131560734375 0.53397796875 0.13259370312500002 0.520980390625 0.2293325125
1 0.749352740625 0.3162005203125 0.9022927953125001 0.3112457703125 0.9179254125 0.1866368953125 0.7672106265624999 0.20489349375 0.749352740625 0.3162005203125
1 0.7206623265625 0.5383538890625 0.8687488703125 0.5535212890625 0.885480309375 0.4309788015625 0.73486181875 0.4271297859375 0.7206623265625 0.5383538890625