1 0.26640625 0.1859375 0.07734375 0.06328125
1 0.40234375 0.1953125 0.06875 0.059375
1 0.559375 0.4671875 0.09453125 0.0875
1 0.6328125 0.38671875 0.09765625 0.084375
1 0.46328125 0.384375 0.0796875 0.0796875
1 0.615625 0.24921875 0.07578125 0.06328125
1 0.328125 0.25 0.078125 0.06796875
1 0.46015625 0.56953125 0.09453125 0.08984375
1 0.7296875 0.4703125 0.11015625 0.0921875
1 0.54765625 0.31484375 0.08203125 0.07421875
1 0.37734375 0.47109375 0.096875 0.0890625
1 0.79296875 0.39296875 0.09765625 0.08671875
1 0.6984375 0.31640625 0.08515625 0.07421875
1 0.23671875 0.3078125 0.0859375 0.0765625
1 0.39453125 0.31796875 0.08125 0.07421875
1 0.21640625 0.3828125 0.09609375 0.08359375
1 0.30625 0.38671875 0.0921875 0.08359375
1 0.6578125 0.5671875 0.10859375 0.10390625
1 0.565625 0.6765625 0.11015625 0.11484375
1 0.840625 0.56953125 0.12109375 0.1046875
1 0.315625 0.31640625 0.08359375 0.08046875
1 0.1984375 0.46640625 0.1109375 0.09453125
1 0.17421875 0.5625 0.11640625 0.10546875
1 0.2875 0.4671875 0.09921875 0.09140625
1 0.2671875 0.5640625 0.1171875 0.1078125
1 0.5484375 0.384375 0.08515625 0.08046875
1 0.38515625 0.38671875 0.08828125 0.0828125
1 0.74921875 0.56796875 0.11328125 0.1046875
1 0.77890625 0.68203125 0.13125 0.1234375
1 0.35390625 0.68125 0.11875 0.1234375
1 0.459375 0.46875 0.0890625 0.0921875
1 0.36875 0.56640625 0.10546875 0.10546875
1 0.55625 0.56015625 0.0984375 0.0984375
1 0.87109375 0.68046875 0.128125 0.11953125
1 0.1453125 0.678125 0.13046875 0.12109375
1 0.25 0.68125 0.128125 0.12421875
1 0.66875 0.68203125 0.11875 0.12265625
1 0.45546875 0.67890625 0.10859375 0.12109375
1 0.4515625 0.81796875 0.121875 0.153125
1 0.69375 0.81875 0.14296875 0.15390625
1 0.57265625 0.81796875 0.1203125 0.15546875
1 0.7984375 0.81875 0.1421875 0.153125
1 0.33984375 0.81484375 0.13125 0.15546875
1 0.22421875 0.8171875 0.14296875 0.15390625
1 0.915625 0.825 0.1453125 0.15234375
1 0.11015625 0.81796875 0.1515625 0.1484375
1 0.8265625 0.1578125 0.07578125 0.053125
1 0.75718359375 0.4284552078125 0.77922890625 0.5209833328125 0.8691437499999999 0.5209833328125 0.84199140625 0.430709375 0.75718359375 0.4284552078125
1 0.6631484375000001 0.3507458328125 0.675515625 0.4271458328125 0.7587531249999999 0.430709375 0.73961328125 0.3493427078125 0.6631484375000001 0.3507458328125
1 0.5909421874999999 0.4259572921875 0.5980640625 0.51266875 0.6893140625 0.5150447921875 0.674625 0.4265520828125 0.5909421874999999 0.4259572921875
1 0.4363890625 0.2255072921875 0.43313671875 0.2845260421875 0.5059921875 0.2806208328125 0.50469140625 0.21943125000000002 0.4363890625 0.2255072921875
1 0.439821875 0.17182916718750002 0.4360640625 0.2255072921875 0.50469140625 0.22116666718750003 0.503715625 0.1686572921875 0.439821875 0.17182916718750002
1 0.5045968750000001 0.168965625 0.50534140625 0.2216010421875 0.57429453125 0.219865625 0.569415625 0.1677895828125 0.5045968750000001 0.168965625
1 0.50534140625 0.2216010421875 0.5063171875 0.2797520828125 0.57884765625 0.2797520828125 0.5739687499999999 0.21943125000000002 0.50534140625 0.2216010421875
1 0.5787484375 0.28137500000000004 0.5842328125 0.3475375 0.66284140625 0.3499770828125 0.651415625 0.28137500000000004 0.5787484375 0.28137500000000004
1 0.642384375 0.22069375 0.6341578125 0.1676416671875 0.56903125 0.1676416671875 0.5738296875 0.22069375 0.642384375 0.22069375
1 0.6343695312500001 0.1673239578125 0.642384375 0.22008437500000003 0.7111671875 0.22038854218749998 0.7001984375 0.166421875 0.6343695312500001 0.1673239578125
1 0.7002453125 0.1669885421875 0.712309375 0.22069375 0.77995 0.22221875 0.7641828125 0.167946875 0.7002453125 0.1669885421875
1 0.71253828125 0.22160833281249998 0.724878125 0.2822833328125 0.79800234375 0.2838083328125 0.78040703125 0.22160833281249998 0.71253828125 0.22160833281249998
1 0.64284140625 0.2209989578125 0.65198203125 0.2816739578125 0.72533515625 0.28258854218749996 0.71208125 0.22008437500000003 0.64284140625 0.2209989578125
1 0.7251578125 0.2823052078125 0.7391546875 0.35195 0.81726328125 0.3522833328125 0.79705 0.28335937499999997 0.7251578125 0.2823052078125
1 0.368965625 0.22581770781250002 0.36120390625 0.2823052078125 0.43270390625 0.2851291671875 0.43717265625 0.2239354171875 0.368965625 0.22581770781250002
1 0.43372734375000005 0.2843583328125 0.42894062499999996 0.349146875 0.5063203125 0.3469510421875 0.50585 0.28010833281249997 0.43372734375000005 0.2843583328125
1 0.3089953125 0.1635947921875 0.298540625 0.2175135421875 0.36830390625 0.22556145781249998 0.37554140625 0.171375 0.3089953125 0.1635947921875
1 0.22829140625000002 0.2109208328125 0.2114875 0.2741145828125 0.285875 0.2762604171875 0.29833984375 0.21778229218749998 0.22829140625000002 0.2109208328125