1 0.32556625 0.23921386875 0.2659875 0.229747703125 0.246334375 0.274855471875 0.308738125 0.284703425 0.32556625 0.23921386875
1 0.32539562499999997 0.2374828734375 0.30926437500000004 0.284703425 0.373420625 0.284 0.386041875 0.235227234375 0.32539562499999997 0.2374828734375
1 0.448546875 0.23539264843750002 0.386346875 0.235162071875 0.37317125 0.28275856250000003 0.438905625 0.28369674218749996 0.448546875 0.23539264843750002
1 0.512369375 0.2349214703125 0.44884124999999997 0.2349039265625 0.438746875 0.2832255640625 0.50623375 0.286742690625 0.512369375 0.2349214703125
1 0.5762968749999999 0.23471094374999998 0.5123 0.2346466171875 0.50583 0.28676608125 0.574018125 0.2877042609375 0.5762968749999999 0.23471094374999998
1 0.642960625 0.2349916453125 0.576700625 0.2345229734375 0.573895625 0.288923140625 0.6440125 0.2907986640625 0.642960625 0.2349916453125
1 0.7103937499999999 0.23629991718749999 0.6432675 0.2354202171875 0.64395875 0.2904653296875 0.7154775 0.2899966578125 0.7103937499999999 0.23629991718749999
1 0.7155987500000001 0.29007852968750003 0.790509375 0.27754553125000003 0.77929125 0.22009690937499998 0.709525 0.236511278125 0.7155987500000001 0.29007852968750003
1 0.715985 0.2908521296875 0.7231975 0.348593984375 0.8029556250000001 0.3415597328125 0.790159375 0.2773116125 0.715985 0.2908521296875
1 0.644231875 0.29007852968750003 0.64642 0.3497669171875 0.7231975 0.3490634921875 0.7154849999999999 0.29020802031250004 0.644231875 0.29007852968750003
1 0.574215625 0.2887894734375 0.571835 0.34657309999999997 0.646684375 0.35009022500000003 0.644055 0.29053132812500004 0.574215625 0.2887894734375
1 0.505934375 0.28672681718750004 0.49908062500000006 0.343079365625 0.572878125 0.346596490625 0.574280625 0.2891478703125 0.505934375 0.28672681718750004
1 0.43903187499999996 0.2843851296875 0.42816375000000007 0.339488721875 0.49933249999999996 0.3430058484375 0.5054675 0.2871988296875 0.43903187499999996 0.2843851296875
1 0.373038125 0.284406015625 0.357591875 0.3381503765625 0.42840937500000004 0.3400267328125 0.4391025 0.2839849625 0.373038125 0.284406015625
1 0.309579375 0.2846641609375 0.290233125 0.3385221390625 0.35824625 0.3385221390625 0.373496875 0.2836524640625 0.309579375 0.2846641609375
1 0.24650625 0.2748663328125 0.22226062500000002 0.32855555625 0.290975 0.3398111953125 0.30938 0.285411028125 0.24650625 0.2748663328125
1 0.22261250000000002 0.328383459375 0.197195 0.38700417656249997 0.26994125 0.3987284875 0.29080062500000003 0.33940434375 0.22261250000000002 0.328383459375
1 0.358435625 0.33871428593749997 0.290098125 0.3388070171875 0.26868625 0.3992113625 0.341081875 0.3985079359375 0.358435625 0.33871428593749997
1 0.41476187500000006 0.40242021718750004 0.428395625 0.3393224734375 0.35849312499999997 0.33793734375 0.34043812500000004 0.39866917343749997 0.41476187500000006 0.40242021718750004
1 0.49147562499999997 0.40715037656249997 0.499569375 0.3429314953125 0.42766937499999996 0.339619046875 0.414873125 0.4017568921875 0.49147562499999997 0.40715037656249997
1 0.56882875 0.409703425 0.571515 0.3473149546875 0.49976374999999995 0.34310944062500004 0.49117437500000005 0.40735839531250007 0.56882875 0.409703425
1 0.6494325 0.41326399374999995 0.6465468750000001 0.3506666671875 0.57195375 0.3466700078125 0.569324375 0.409277359375 0.6494325 0.41326399374999995
1 0.64616125 0.350408521875 0.6492575 0.4134979109375 0.730943125 0.4156081875 0.723055 0.349483709375 0.64616125 0.350408521875
1 0.731694375 0.4161787796875 0.816710625 0.408909775 0.8028625 0.3411436921875 0.722754375 0.3491161234375 0.731694375 0.4161787796875
1 0.649054375 0.41357560624999995 0.65193625 0.4898061828125 0.740809375 0.493792815625 0.73151875 0.4159440265625 0.649054375 0.41357560624999995
1 0.731994375 0.4166691734375 0.740809375 0.4935580625 0.8338887500000001 0.4820685046875 0.8175868749999999 0.40867502031249997 0.731994375 0.4166691734375
1 0.56958625 0.40945029218749995 0.5663125 0.48285797812500003 0.65273125 0.4887192984375 0.648875 0.4129816203125 0.56958625 0.40945029218749995
1 0.49166125000000005 0.40712949062500003 0.48262937499999997 0.477269840625 0.566243125 0.482428571875 0.5692231249999999 0.40926984062500005 0.49166125000000005 0.40712949062500003
1 0.41624375 0.4014578109375 0.4004175 0.4714076859375 0.483155 0.477269840625 0.491569375 0.4066900578125 0.41624375 0.4014578109375
1 0.341019375 0.3996533 0.32029 0.46725396874999997 0.401274375 0.4710058484375 0.4152975 0.4023024234375 0.341019375 0.3996533
1 0.26849500000000004 0.398621553125 0.24473937499999998 0.46725396874999997 0.32099125 0.46701921406249997 0.34079875 0.39925396874999997 0.26849500000000004 0.398621553125
1 0.19751375 0.38727735937499996 0.16605875 0.45623224687499997 0.24529 0.466783625 0.269655625 0.3990183796875 0.19751375 0.38727735937499996
1 0.166390625 0.456094403125 0.132725625 0.537614034375 0.21455375000000002 0.5461604015625 0.24477875 0.46759899687499995 0.166390625 0.456094403125
1 0.213798125 0.546563075 0.29749375 0.549546365625 0.32101999999999997 0.4674995828125 0.24540125000000002 0.46778111874999995 0.213798125 0.546563075
1 0.383338125 0.553478696875 0.40055312499999995 0.471488721875 0.32095250000000003 0.46637426875 0.297006875 0.5487017546875 0.383338125 0.553478696875
1 0.40055312499999995 0.47087050937499997 0.383550625 0.5535304921875001 0.471981875 0.5599933171875 0.482484375 0.4771035921875 0.40055312499999995 0.47087050937499997
1 0.563239375 0.5656399328124999 0.56618 0.48303091093750006 0.48321 0.47684962343750004 0.47207687500000006 0.5586148703125 0.563239375 0.5656399328124999
1 0.6525925 0.489601503125 0.5658125 0.4823015875 0.56206 0.5663099421875 0.655113125 0.5764252296875 0.6525925 0.489601503125
1 0.652850625 0.4892631578125 0.65600125 0.5763675859374999 0.75096 0.583104428125 0.739601875 0.4940401 0.652850625 0.4892631578125
1 0.74101 0.49373266562499996 0.75159 0.5836666671875 0.854095 0.5724277359375 0.83309 0.48223224687500005 0.74101 0.49373266562499996
1 0.752798125 0.5836365921875 0.7660837500000001 0.6881913109375 0.8782506250000001 0.6822907265625 0.853885 0.5721461984375 0.752798125 0.5836365921875
1 0.6560168749999999 0.5772038421875 0.6604275000000001 0.6772330828124999 0.76671375 0.6873483703125001 0.7518 0.583104428125 0.6560168749999999 0.5772038421875
1 0.5630925 0.5665204671875 0.55805125 0.6685162906250001 0.66055625 0.6769456968750001 0.655935 0.5769164578125 0.5630925 0.5665204671875
1 0.4597225 0.6596382625 0.55836 0.6684553046875 0.5625606249999999 0.5661779453125 0.47202875000000005 0.5599966578125 0.4597225 0.6596382625
1 0.38391125000000004 0.5530509609375 0.362411875 0.6508546359375 0.45945562500000003 0.660408521875 0.47205874999999997 0.5598170421875001 0.38391125000000004 0.5530509609375
1 0.29708625 0.5497017546875 0.268729375 0.64270593125 0.362411875 0.650573934375 0.383206875 0.5530735171875001 0.29708625 0.5497017546875
1 0.21551125 0.5463283203125 0.13212125 0.5367752718750001 0.088850625 0.626126984375 0.1785425 0.638209690625 0.21551125 0.5463283203125
1 0.21551125 0.5463283203125 0.1783325 0.6379281531250001 0.26886437500000004 0.64242439375 0.29743125 0.548576440625 0.21551125 0.5463283203125
1 0.088986875 0.62658061875 0.037670625 0.727868003125 0.136605 0.7483801171875 0.177985 0.638234753125 0.088986875 0.62658061875
1 0.23504 0.7580634921875 0.26950124999999997 0.6426457812499999 0.17832625 0.6386466171875 0.13547562500000002 0.7485104421875 0.23504 0.7580634921875
1 0.3627725 0.65072598125 0.2688075 0.6423366749999999 0.23674187500000002 0.7549707609375 0.33672625 0.7664903921875 0.3627725 0.65072598125
1 0.459864375 0.6599415203125 0.362185 0.65160568125 0.337404375 0.76559064375 0.444320625 0.7773918125 0.459864375 0.6599415203125
1 0.55168125 0.79026399375 0.55795375 0.6682882203125 0.45988875 0.6596574765625001 0.442874375 0.7781812859375 0.55168125 0.79026399375
1 0.6655575 0.80210776875 0.66103875 0.6766299078125 0.55864125 0.6683600671875001 0.55255 0.7905873015625 0.6655575 0.80210776875
1 0.78236375 0.815106934375 0.76551 0.6877518796875 0.66074375 0.677426065625 0.664945 0.802182121875 0.78236375 0.815106934375
1 0.782845 0.8150392640625 0.9077343750000001 0.8187243109375 0.877486875 0.682167084375 0.765949375 0.687506265625 0.782845 0.8150392640625
1 0.7833075 0.8153475359375 0.80541875 0.9695304921875 0.944045 0.98387719375 0.90728625 0.8178170421875001 0.7833075 0.8153475359375
1 0.665566875 0.8021228062500001 0.67249875 0.9535722640625 0.80588125 0.9684644953125 0.782775625 0.8142055140625001 0.665566875 0.8021228062500001
1 0.55286875 0.7903233078125 0.547335625 0.9358872187499999 0.67357625 0.9535889718749999 0.665804375 0.8032639937500001 0.55286875 0.7903233078125
1 0.44354375 0.7779649125 0.42433750000000003 0.9216148703125 0.5470075 0.9359448625000001 0.55246875 0.7901152875 0.44354375 0.7779649125
1 0.3372225 0.766224728125 0.30711750000000004 0.9065079359375 0.42537624999999996 0.9202756890625 0.443860625 0.7780994156250001 0.3372225 0.766224728125
1 0.2346 0.75572096875 0.194011875 0.8932255640625 0.307439375 0.9069941515625001 0.337056875 0.766222221875 0.2346 0.75572096875
1 0.1370625 0.7492330828125 0.08447375 0.881096909375 0.194750625 0.8937410187499999 0.23499875 0.7566223890625 0.1370625 0.7492330828125
1 0.136064375 0.7507218046874999 0.037476875 0.727915621875 0 0.865643275 0.08481187500000001 0.8805346703125 0.136064375 0.7507218046874999
0 0.79881625 0.1878496234375 0.25625624999999996 0.1978671671875 0 0.8817969921875 0.9748950000000001 0.999164578125 0.79881625 0.1878496234375