1 0.1765625 0.18744791666666666 0.0859375 0.1041666666666667
1 0.153125 0.33510416666666665 0.0796875 0.09281249999999996
1 0.40234375 0.5513020833333334 0.115625 0.12958333333333344
1 0.29921875 0.6159895833333333 0.1140625 0.1326041666666667
1 0.33828125 0.4336979166666667 0.1046875 0.11166666666666672
1 0.15859375 0.5730208333333333 0.0859375 0.10104166666666678
1 0.22890625 0.2652083333333334 0.090625 0.10447916666666668
1 0.53515625 0.4619791666666667 0.1171875 0.1296875
1 0.3640625 0.7335416666666668 0.1234375 0.14572916666666663
1 0.24375 0.5118750000000001 0.0984375 0.10968750000000008
1 0.45078125 0.3558854166666666 0.1171875 0.13125
1 0.26640625 0.7884895833333333 0.115625 0.13270833333333343
1 0.20859375 0.67359375 0.1 0.11447916666666665
1 0.31328125 0.17677083333333335 0.1015625 0.11614583333333335
1 0.284375 0.3482291666666667 0.0984375 0.1096874999999999
1 0.396875 0.16729166666666667 0.1109375 0.12770833333333337
1 0.37890625 0.2653645833333333 0.1109375 0.12458333333333335
1 0.484375 0.6731770833333334 0.1359375 0.14968749999999992
1 0.62265625 0.5944270833333334 0.1484375 0.1536458333333334
1 0.4421875 0.8705208333333333 0.1390625 0.16239583333333343
1 0.30234375 0.26265625000000004 0.10625 0.11489583333333328
1 0.48984375 0.16265625 0.128125 0.14916666666666667
1 0.59765625 0.15390625 0.1390625 0.15770833333333334
1 0.46875 0.259375 0.121875 0.13624999999999998
1 0.57578125 0.2538020833333333 0.1421875 0.16104166666666667
1 0.3171875 0.5249479166666667 0.10625 0.11645833333333329
1 0.36015625 0.35020833333333334 0.109375 0.12135416666666661
1 0.46328125 0.7714583333333334 0.1390625 0.15302083333333344
1 0.57578125 0.8233333333333335 0.1625 0.17958333333333343
1 0.67890625 0.36802083333333335 0.159375 0.16531250000000003
1 0.42890625 0.44406249999999997 0.11875 0.12510416666666674
1 0.55390625 0.3630729166666667 0.1390625 0.14833333333333326
1 0.5015625 0.56421875 0.128125 0.13666666666666671
1 0.55078125 0.90078125 0.1578125 0.13552083333333337
1 0.7265625 0.1421875 0.159375 0.1778125
1 0.7046875 0.25536458333333334 0.1625 0.17645833333333333
1 0.60390625 0.7050520833333334 0.1578125 0.16520833333333335
1 0.6515625 0.47609375 0.1546875 0.15406250000000005
1 0.79921875 0.49671875 0.190625 0.1783333333333335
1 0.74140625 0.7560416666666667 0.1984375 0.2022916666666667
1 0.7703125 0.6259895833333333 0.19375 0.17854166666666665
1 0.715625 0.8632291666666667 0.196875 0.19125000000000014
1 0.82421875 0.37552083333333336 0.196875 0.19125000000000006
1 0.8546875 0.2516145833333333 0.1984375 0.20229166666666662
1 0.69921875 0.9252604166666668 0.1828125 0.06843750000000029
1 0.8828125 0.12942708333333333 0.1953125 0.20989583333333334
1 0.0234375 0.78203125 0.046875 0.0953125
1 0.29501264531250004 0.8476595140625 0.383909509375 0.8924846484375 0.405850053125 0.795987009375 0.3133217765625 0.756251140625 0.29501264531250004 0.8476595140625
1 0.2338971328125 0.7236488328124999 0.3153240109375 0.7583272375 0.3318644609375 0.668376640625 0.2540403828125 0.6418296781249999 0.2338971328125 0.7236488328124999
1 0.331453515625 0.6673176484375001 0.4215067921875 0.698457559375 0.4412589515625 0.60011418125 0.35124397812499997 0.5774049515625 0.331453515625 0.6673176484375001
1 0.15375708906250002 0.44895611874999997 0.218186790625 0.46098370468749994 0.2400968515625 0.3834729046875 0.1768531640625 0.3767089609375 0.15375708906250002 0.44895611874999997
1 0.100269265625 0.43908701875 0.1555934015625 0.44925764375000005 0.17693246875 0.3763601671875 0.119216565625 0.3710666234375 0.100269265625 0.43908701875
1 0.08331934375 0.5094462484375 0.13723253124999998 0.5237304593750001 0.1558944203125 0.45003070312500004 0.10038048749999999 0.44008635781249994 0.08331934375 0.5094462484375
1 0.1368523984375 0.5233053562500001 0.1994897265625 0.5390220828125 0.21718822656249998 0.46118155468750005 0.1558944203125 0.45003070312500004 0.1368523984375 0.5233053562500001
1 0.1834993453125 0.6171848375 0.25330185625 0.6413666 0.269902090625 0.5565790828125 0.20123120781249998 0.5391975796875 0.1834993453125 0.6171848375
1 0.13822223281249998 0.5233754687500001 0.0832566203125 0.5090080328125001 0.06736478125 0.578902603125 0.12149388125 0.5969491453125 0.13822223281249998 0.5233754687500001
1 0.0499591875 0.6495662234374999 0.10438690937499999 0.6707146171875 0.12084907656249999 0.5968432671875 0.06697693906249999 0.579074621875 0.0499591875 0.6495662234374999
1 0.035959721875 0.718499953125 0.0895395078125 0.7448511140625 0.104431153125 0.6719934546874999 0.050547362500000005 0.6497149875 0.035959721875 0.718499953125
1 0.0887820796875 0.745235546875 0.1503048375 0.77492616875 0.16653456093750002 0.6961834546875 0.105343053125 0.6723980265625 0.0887820796875 0.745235546875
1 0.1038420140625 0.67164275 0.1667459890625 0.696726975 0.18367747343750002 0.6178446546874999 0.1217053109375 0.597492665625 0.1038420140625 0.67164275
1 0.15006216249999998 0.7738260984374999 0.21806098281250003 0.8074946296875 0.236767915625 0.7236096765625 0.1664894578125 0.6964874203125 0.15006216249999998 0.7738260984374999
1 0.1749986921875 0.3772768125 0.24084065312499997 0.383113196875 0.25529956249999997 0.305887921875 0.19363393906249998 0.3044032890625 0.1749986921875 0.3772768125
1 0.2176791890625 0.46074206249999994 0.28829333125 0.4728606015625 0.30949861093750003 0.3901973578125 0.2397752703125 0.38407762968750003 0.2176791890625 0.46074206249999994
1 0.134421375 0.30200117656250003 0.193524259375 0.30364860312499997 0.20203170781250002 0.22737954062500002 0.1424270546875 0.22923135 0.134421375 0.30200117656250003
1 0.20236507499999998 0.22721075468750002 0.26728469062500004 0.22399380624999998 0.2831657453125 0.14378745625 0.2121975453125 0.1508418046875 0.20236507499999998 0.22721075468750002