1 0.42978985312500007 0.1591755125 0.368276478125 0.14191818750000001 0.350054871875 0.202356584375 0.41400197656250004 0.22159289843750002 0.42978985312500007 0.1591755125
1 0.4929538921875 0.1715262265625 0.4295434671875 0.1596005875 0.41502320781249996 0.22086011249999998 0.480266059375 0.232712921875 0.4929538921875 0.1715262265625
1 0.556012365625 0.183372790625 0.49305890625000004 0.17082985625 0.47959758125 0.2335240484375 0.54579016875 0.24390941093750002 0.556012365625 0.183372790625
1 0.6190000265625 0.195684334375 0.5558359890625 0.1833336203125 0.5454389 0.245029978125 0.6106832343749999 0.25808169687500004 0.6190000265625 0.195684334375
1 0.6822690796875001 0.2073386765625 0.6770893671875 0.27067265625000003 0.7436048296875 0.28616485156250004 0.7462124046875 0.22297840781249997 0.6822690796875001 0.2073386765625
1 0.6193952734375 0.1955403953125 0.6112173765625 0.25802857968750004 0.67729625 0.27051868749999997 0.6824748359374999 0.2077278640625 0.6193952734375 0.1955403953125
1 0.8091227453125001 0.2380415984375 0.7463874359375 0.2226510734375 0.7428708640624999 0.286357146875 0.8080977562499999 0.302665421875 0.8091227453125001 0.2380415984375
1 0.8079901218750001 0.30245886718750004 0.8728162484374999 0.31958865625 0.8709991234375 0.2517838015625 0.808105728125 0.238361859375 0.8079901218750001 0.30245886718750004
1 0.8083124890625 0.30307750312500004 0.8061396249999999 0.37163642812500003 0.876746340625 0.38531386875 0.8729225890625001 0.31888349374999997 0.8083124890625 0.30307750312500004
1 0.73927870625 0.35423646875000003 0.807371509375 0.37172736875 0.8078837796875 0.30316403125 0.7435136390625 0.2866825515625 0.73927870625 0.35423646875000003
1 0.6775908046875 0.27040145625 0.671640684375 0.337392703125 0.7399746515625 0.354209290625 0.7429240359375 0.2860045671875 0.6775908046875 0.27040145625
1 0.6105213015625 0.2580566375 0.602321609375 0.3252770546875 0.6722309546874999 0.3380708359375 0.67748370625 0.2701959296875 0.6105213015625 0.2580566375
1 0.5453783343749999 0.2448638640625 0.5344729984375001 0.3107546015625 0.6030169296875 0.3243383078125 0.6111096109374999 0.2578229046875 0.5453783343749999 0.2448638640625
1 0.4800492 0.232905565625 0.4660360328125 0.2973773015625 0.534793403125 0.310461371875 0.5452972171875 0.244481459375 0.4800492 0.232905565625
1 0.4148544875 0.22097621250000002 0.3982692484375 0.2850593609375 0.466544653125 0.29767200312500003 0.4800492 0.232905565625 0.4148544875 0.22097621250000002
1 0.35018916718750004 0.20370039687500002 0.3303121109375 0.2694205453125 0.39907295781249996 0.2852378578125 0.4145334125 0.2212692953125 0.35018916718750004 0.20370039687500002
1 0.31036019375 0.3372304421875 0.38070990781249997 0.3544847125 0.39852654374999996 0.28471304062499997 0.33015095156249996 0.27079596875 0.31036019375 0.3372304421875
1 0.3812687609375 0.3544279984375 0.451721228125 0.36826291875 0.46612948281250005 0.29827768125 0.39844725 0.2852388359375 0.3812687609375 0.3544279984375
1 0.4516939578125 0.36753262656249996 0.52244013125 0.382157925 0.5343161640625 0.30979834375 0.46631520625 0.2979572640625 0.4516939578125 0.36753262656249996
1 0.5939845859374999 0.396054534375 0.6030904687499999 0.323804875 0.5343161640625 0.30979834375 0.52228079375 0.38230336875000004 0.5939845859374999 0.396054534375
1 0.59382525 0.3961999796875 0.665928559375 0.410039875 0.6721585296875 0.3376949046875 0.602745278125 0.324271615625 0.59382525 0.3961999796875
1 0.6652624734375 0.40989194375000004 0.7372373109375 0.427326309375 0.739764396875 0.35397812812499996 0.6720784859375 0.33731455625 0.6652624734375 0.40989194375000004
1 0.7369443546875 0.427442078125 0.8078279546875 0.4457209 0.8076377125 0.37122581875 0.740004578125 0.354212303125 0.7369443546875 0.427442078125
1 0.8079623249999999 0.44665671875 0.8809168203125 0.4594171046875 0.876730740625 0.38403458437500004 0.807558421875 0.3717516140625 0.8079623249999999 0.44665671875
1 0.8079359390624999 0.446831690625 0.8076517984375 0.5262947078125 0.88439064375 0.541344946875 0.8806237359375 0.4595337546875 0.8079359390624999 0.446831690625
1 0.736970740625 0.4272671078125 0.7336522375000001 0.5076855234375001 0.8081048875000001 0.5260327625000001 0.8073212078124999 0.445427521875 0.736970740625 0.4272671078125
1 0.665688378125 0.4098057 0.659626159375 0.4892521921875 0.7338651484375001 0.5071894046875001 0.7368650640625 0.4279678734375 0.665688378125 0.4098057
1 0.59382525 0.3961999796875 0.584245115625 0.47341669687500004 0.6598662078124999 0.48948724375 0.665928559375 0.410039875 0.59382525 0.3961999796875
1 0.5220142265625001 0.3822441671875 0.5095045265625 0.45881025312499996 0.5839520312500001 0.47353334687500004 0.5936916328125 0.3961703046875 0.5220142265625001 0.3822441671875
1 0.4516146640625 0.368058421875 0.43497617499999996 0.4437075390625 0.508945003125 0.4588668203125 0.5221471765625 0.38227369375000003 0.4516146640625 0.368058421875
1 0.3807899515625 0.3548650640625 0.36106188906250003 0.430008846875 0.4351098765625 0.44464321093750003 0.45092219531250005 0.3680854609375 0.3807899515625 0.3548650640625
1 0.31038658125 0.3370554703125 0.2868492859375 0.4118966609375 0.36111479375 0.4296580234375 0.38076268125 0.3541347703125 0.31038658125 0.3370554703125
1 0.2870894671875 0.412130834375 0.26108175624999996 0.4924017296875 0.3383846828125 0.5119253968749999 0.361246859375 0.428782284375 0.2870894671875 0.412130834375
1 0.33865124999999996 0.5119845984375 0.41730839062499997 0.528004278125 0.43497617499999996 0.4437075390625 0.36124774375 0.42968755156249994 0.33865124999999996 0.5119845984375
1 0.41757353750000004 0.5271571890625 0.4949255625 0.542706184375 0.5089993296875 0.45942229062499995 0.43486894375 0.44350289218750005 0.41757353750000004 0.5271571890625
1 0.4952457859375 0.5433207062500001 0.5736098390625 0.5594570359375 0.58411216875 0.47338717187499996 0.5090506828125 0.458166053125 0.4952457859375 0.5433207062500001
1 0.573583453125 0.5596320078125 0.6517617828125 0.5760887546875 0.65912008125 0.4889589640625 0.5842715046875 0.4732417265625 0.573583453125 0.5596320078125
1 0.65178816875 0.5759137812499999 0.7314067359374999 0.59468318125 0.7335720625000001 0.507306053125 0.6594932109375 0.48922266406250003 0.65178816875 0.5759137812499999
1 0.7314610609375001 0.59523865 0.8085752921875 0.6132710265625 0.8075453671874999 0.5260893296875 0.7341310484375 0.5072484578124999 0.7314610609375001 0.59523865
1 0.8086825234375 0.6134756734375 0.888301090625 0.632245071875 0.8842049203125001 0.5416653640625 0.8081056390624999 0.5269389078125 0.8086825234375 0.6134756734375
1 0.80889551875 0.61388555 0.8098325265625 0.7126398515625 0.8923291765625001 0.7333169984375 0.8881945265625 0.632040571875 0.80889551875 0.61388555
1 0.7309279265625 0.595120246875 0.727282303125 0.69231338125 0.809565959375 0.71258065 0.8090291359374999 0.6139152250000001 0.7309279265625 0.595120246875
1 0.6517352640625 0.5762646046875 0.6444396609374999 0.672103709375 0.7278947312499999 0.691905990625 0.7306340875 0.59433075 0.6517352640625 0.5762646046875
1 0.5736098390625 0.5594570359375 0.5621583109375 0.6536479984375 0.6447327484375001 0.6719870593749999 0.6516545515625001 0.57588410625 0.5736098390625 0.5594570359375
1 0.49513855625 0.543116059375 0.47905215625 0.636096825 0.56162584375 0.6535297421874999 0.573396178125 0.5590470109375001 0.49513855625 0.543116059375
1 0.41680164218750004 0.527710903125 0.3964535046875 0.6197451734375 0.47939876875 0.6365363765625001 0.49516507499999995 0.542940209375 0.41680164218750004 0.527710903125
1 0.3387314265625 0.5123640671875 0.314333659375 0.60295645625 0.39642711875000003 0.619920146875 0.41698816406250006 0.5273897546875 0.3387314265625 0.5123640671875
1 0.2610831765625 0.49330802343749997 0.23231657343749998 0.5827483906250001 0.3151592140625 0.6029580640625001 0.339556846875 0.5123665546875 0.2610831765625 0.49330802343749997
1 0.2323702296875 0.5833037125 0.19962285156249998 0.684540034375 0.2874966921875 0.7033318093750001 0.31497335937500004 0.603279359375 0.2323702296875 0.5833037125
1 0.2874966921875 0.7033318093750001 0.37446506562500004 0.72174075 0.3965420359375 0.6200692515624999 0.31434214531250004 0.6029001843749999 0.2874966921875 0.7033318093750001
1 0.374705246875 0.7219749234374999 0.46132687656250004 0.7399451874999999 0.4789992515625 0.636447646875 0.3965071625 0.620300496875 0.374705246875 0.7219749234374999
1 0.461113215625 0.7395351625 0.548350328125 0.759815740625 0.5617851796875 0.6533842984375 0.47859973437500003 0.63635891875 0.461113215625 0.7395351625
1 0.54877623125 0.7597295 0.6369960625 0.7780538031249999 0.6443868875 0.6724536515625 0.5609861453125 0.6532068390625 0.54877623125 0.7597295
1 0.6363827515625 0.7775559265624999 0.7247127359375 0.7988034609375 0.727014984375 0.6913480359374999 0.6448384265625 0.6712862921875 0.6363827515625 0.7775559265624999
1 0.7276281625000001 0.6918467890625 0.7240739234375 0.799385821875 0.8124832015625 0.8201075609374999 0.8087933109375 0.7122282203125 0.7276281625000001 0.6918467890625
1 0.8094859140624999 0.7122003 0.811949315625 0.8190830109375 0.90022484375 0.839775953125 0.8916352015625 0.73153175 0.8094859140624999 0.7122003
1 0.81272325 0.8203426140625 0.81677184375 0.939533196875 0.9109951640625 0.9613653515625 0.8998340171875 0.8400508171875 0.81272325 0.8203426140625
1 0.724580671875 0.7996791984375 0.7230617453125 0.9174524515625 0.8169311796875001 0.939387753125 0.8122158828125 0.8191422140625001 0.724580671875 0.7996791984375
1 0.6368902515625 0.7787554484375 0.63030838125 0.8935923125 0.7234325734375 0.915904596875 0.7246312734375 0.7975168171875 0.6368902515625 0.7787554484375
1 0.5488827953125 0.759933996875 0.53505604375 0.8735244078125 0.630414059375 0.8928915453125 0.6364092718750001 0.7773800765625001 0.5488827953125 0.759933996875
1 0.4616198296875 0.7398294187500001 0.442068525 0.853959503125 0.535429040625 0.8737889890625 0.54880275 0.7595536468749999 0.4616198296875 0.7398294187500001
1 0.3749174890625 0.7214786546874999 0.34827975312500004 0.8333115765624999 0.441505784375 0.85329111875 0.461403834375 0.73959970625 0.3749174890625 0.7214786546874999
1 0.28701788281249996 0.7037688765625 0.25547884375 0.814331521875 0.34878650312500004 0.8336049546875 0.374224884375 0.721506575 0.28701788281249996 0.7037688765625
1 0.199702896875 0.684920384375 0.16224972499999998 0.7936261484375 0.2550785765625 0.813336646875 0.2873901296875 0.7031273125 0.199702896875 0.684920384375
0 0.9459963265625 1 0.891137203125 0.23369863125 0.352720446875 0.109611075 0.1169718125 0.8179611250000001 0.9245501703125001 1 0.9459963265625 1