1 0.664211321875 0.734962503125 0.6028351578125 0.7222862218749999 0.5823584671875001 0.7746621859375 0.6423144546875 0.7837736671875 0.664211321875 0.734962503125
1 0.6011283796875 0.7258681 0.5372706015625 0.723389703125 0.5207932828125 0.7745769828125 0.58226303125 0.7739130796875 0.6011283796875 0.7258681
1 0.5368584703125 0.72533635 0.47109144843750006 0.7234594265625 0.45712717812500003 0.7735959171875 0.5200357484375 0.774768553125 0.5368584703125 0.72533635
1 0.47109144843750006 0.7234594265625 0.4029169546875 0.720169346875 0.3927035375 0.7728064234375001 0.4567724328125 0.775053009375 0.47109144843750006 0.7234594265625
1 0.328106834375 0.7734874015625001 0.39303883906250003 0.7730784765625 0.4024280296875 0.7196386234375 0.333860159375 0.7165659953125 0.328106834375 0.7734874015625001
1 0.260786109375 0.770753978125 0.3267067546875 0.772889575 0.333860159375 0.7165659953125 0.263892096875 0.7128964734375 0.260786109375 0.770753978125
1 0.1925742171875 0.7709213593750001 0.2608535984375 0.7717474484375 0.26386335 0.7131417140625 0.1918819578125 0.712536775 0.1925742171875 0.7709213593750001
1 0.120748990625 0.7846644328125 0.1919315640625 0.7701328921874999 0.191756975 0.7120337921875 0.11619964375 0.721547084375 0.120748990625 0.7846644328125
1 0.10982813124999999 0.6535985359375001 0.1162383859375 0.7227857953125 0.1919968390625 0.7115567375 0.1906806765625 0.650654490625 0.10982813124999999 0.6535985359375001
1 0.18944352343749998 0.651799240625 0.19185321093750002 0.7127820171875 0.263892096875 0.7128964734375 0.267275346875 0.6511044546875 0.18944352343749998 0.651799240625
1 0.26755384375 0.651867040625 0.2641705953125 0.7136590593750001 0.33364904218749997 0.71679780625 0.340898028125 0.656526334375 0.26755384375 0.651867040625
1 0.3406581625 0.6570033890625 0.3339562859375 0.717315153125 0.40294569999999996 0.7199241062499999 0.4145393515625 0.6602199515625 0.3406581625 0.6570033890625
1 0.41352330937500004 0.6626168390625 0.40306058125 0.7189440671875 0.47084227968750003 0.7224525765625 0.48587954375000003 0.6647316640625001 0.41352330937500004 0.6626168390625
1 0.48512200937500005 0.664923234375 0.47090907812499994 0.7234459953125 0.536254559375 0.7257865921875 0.55535788125 0.667871340625 0.48512200937500005 0.664923234375
1 0.55545411875 0.6686195671874999 0.5368771156250001 0.723608084375 0.6012146203125 0.7251323765625 0.6233306 0.6681810640625 0.55545411875 0.6686195671874999
1 0.6229946078124999 0.6679089609375 0.601090328125 0.724629440625 0.6640864484375 0.7344585890625 0.6891375640625 0.6806898671875 0.6229946078124999 0.6679089609375
1 0.6469804015625 0.6091174140625 0.62387701875 0.6682213046875 0.68873488125 0.6794234171875 0.718580990625 0.6208170281250001 0.6469804015625 0.6091174140625
1 0.5758901765625 0.6056116734375 0.554207659375 0.6682804140624999 0.6232732140625 0.6686706171875 0.6480639328125 0.60771399375 0.5758901765625 0.6056116734375
1 0.485668428125 0.664963475 0.555176203125 0.6678579609375 0.5760725437499999 0.6056251031250001 0.501376328125 0.603090596875 0.485668428125 0.664963475
1 0.4140704171875 0.66265713125 0.4858220484375 0.6652221468749999 0.5016448312499999 0.6023692296875 0.42601746875 0.596799715625 0.4140704171875 0.66265713125
1 0.34159806718749997 0.6568252484375 0.41387805312500003 0.66115975 0.4258638453125 0.59654104375 0.348942634375 0.592605884375 0.34159806718749997 0.6568252484375
1 0.2672178515625 0.6515949375 0.3418091828125 0.6565934359375001 0.348942634375 0.592605884375 0.2702270578125 0.58829215625 0.2672178515625 0.6515949375
1 0.19102597187499998 0.652410496875 0.26713171875 0.6523297343750001 0.2702270578125 0.58829215625 0.1894787421875 0.5840760890625 0.19102597187499998 0.652410496875
1 0.11104902812499999 0.6539358078124999 0.190971665625 0.6526538562499999 0.1893570546875 0.583325053125 0.10409166406249999 0.5847082578125 0.11104902812499999 0.6539358078124999
1 0.095443015625 0.512885375 0.10451060000000001 0.5844926859374999 0.1888641453125 0.5830423296875 0.1877178171875 0.5065802234375 0.095443015625 0.512885375
1 0.1879001859375 0.506593653125 0.1889603828125 0.5837905578125 0.2702270578125 0.58829215625 0.27429770000000003 0.5112266890625 0.1879001859375 0.506593653125
1 0.273693896875 0.5116760031250001 0.2704668140625 0.5878160328125001 0.3493640671875 0.5921431390625 0.35834658125 0.51865225625 0.273693896875 0.5116760031250001
1 0.3584040765625 0.518161771875 0.3491529515625 0.59237495 0.4263822078125 0.5968265765625 0.4402084109375 0.525916759375 0.3584040765625 0.518161771875
1 0.43972999062499996 0.5255460937499999 0.4265683375 0.5952268296875001 0.5017032968749999 0.60183478125 0.5204738359375 0.5320292875 0.43972999062499996 0.5255460937499999
1 0.5205050859375 0.5317626796875 0.50190155625 0.60184938125 0.5761924875 0.605439984375 0.5991630171875 0.53728740625 0.5205050859375 0.5317626796875
1 0.6746936546875 0.5388199078125 0.59933013125 0.537567684375 0.5760254812500001 0.6051587765625001 0.647668359375 0.6074806046875 0.6746936546875 0.5388199078125
1 0.7507473859375 0.5495254109375 0.67495430625 0.5383022234375 0.64727184375 0.607451403125 0.718687221875 0.6202317515625 0.7507473859375 0.5495254109375
1 0.708092640625 0.460460646875 0.6745777625 0.538714865625 0.7515790890625 0.5491528453125001 0.7883745453125 0.471140221875 0.708092640625 0.460460646875
1 0.5992429703125 0.538251809375 0.6745777625 0.538714865625 0.70778463125 0.4610732265625 0.626455890625 0.45730913281249996 0.5992429703125 0.538251809375
1 0.5423400609375 0.4511144921875 0.520713284375 0.5327861875 0.5990826203124999 0.5376047374999999 0.626529828125 0.4566783765625 0.5423400609375 0.4511144921875
1 0.440728334375 0.5256243 0.521219246875 0.5325058171875 0.5423400609375 0.4511144921875 0.4562260875 0.44381886875000004 0.440728334375 0.5256243
1 0.358289359375 0.5192355203125001 0.4404202171875 0.526237809375 0.4559549953125 0.4441165359375 0.36749774375 0.43664928124999997 0.358289359375 0.5192355203125001
1 0.27354481875 0.5123593140625 0.358795321875 0.51895515 0.3675716828125 0.43601852656249995 0.2776096671875 0.42526226874999995 0.27354481875 0.5123593140625
1 0.18789920625 0.505098184375 0.27365567031250004 0.511413646875 0.2782752890625 0.4256289171875 0.185366565625 0.4178338390625 0.18789920625 0.505098184375
1 0.0959922375 0.5129492453125 0.18789920625 0.505098184375 0.1850954734375 0.41813150625000006 0.085382625 0.426042971875 0.0959922375 0.5129492453125
1 0.0727836640625 0.3218287328125 0.0856537171875 0.4257453046875 0.18466333906250001 0.4177820484375 0.1816106875 0.316812828125 0.0727836640625 0.3218287328125
1 0.1803651640625 0.317357303125 0.1845895109375 0.41841187656249995 0.2781149390625 0.424981846875 0.282424978125 0.32773303125000003 0.1803651640625 0.317357303125
1 0.2813767203125 0.3286096625 0.27769608125 0.42654009375 0.367263565625 0.436632034375 0.37999560625 0.3380967265625 0.2813767203125 0.3286096625
1 0.380032521875 0.3377818125 0.368003015625 0.4363688609375 0.45638633124999994 0.4444668703125 0.475210478125 0.3463802078125 0.380032521875 0.3377818125
1 0.47482853125 0.34762354218749997 0.456620509375 0.444484115625 0.54194495 0.45044919375000003 0.5676264046874999 0.3563642890625 0.47482853125 0.34762354218749997
1 0.567158046875 0.356329796875 0.5419079265625 0.4507650359375 0.6266900718749999 0.45732637968749995 0.658944684375 0.36563133593749997 0.567158046875 0.356329796875
1 0.6584763265625 0.36559684375 0.6262217125 0.4572918875 0.70750084375 0.45946417031250003 0.7456009515625001 0.372330696875 0.6584763265625 0.36559684375
1 0.832701828125 0.38128809218750004 0.7454531859375 0.37359127812500004 0.7069210546875 0.46037436718749997 0.7882512171875 0.470177309375 0.832701828125 0.38128809218750004
1 0.7902960234374999 0.2672509140625 0.7457618828125 0.372978746875 0.83273874375 0.3809731796875 0.88360143125 0.2877879578125 0.7902960234374999 0.2672509140625
1 0.6959682593750001 0.25744460625 0.6582790625 0.36526468749999996 0.74607 0.3723652375 0.790406765625 0.2663061765625 0.6959682593750001 0.25744460625
1 0.5971153046875 0.2479393703125 0.5674787484375 0.357623940625 0.657933340625 0.36619305468749996 0.6954260734375 0.258039940625 0.5971153046875 0.2479393703125
1 0.4752230625 0.348287859375 0.5675525765625 0.356994115625 0.5968071890625 0.24855287812500002 0.49664593593750006 0.236091675 0.4752230625 0.348287859375
1 0.3799586921875 0.3384116390625 0.47540774218750004 0.3467123671875 0.49637484218749994 0.236389340625 0.3938341953125 0.224070540625 0.3799586921875 0.3384116390625
1 0.2823141265625 0.32867869843749997 0.380192871875 0.3384288859375 0.393908021875 0.22344071406250002 0.2878895328125 0.2105481578125 0.2823141265625 0.32867869843749997
1 0.1809938734375 0.318038865625 0.28168483593750004 0.32799615625 0.28816062656249997 0.2102504921875 0.1775799203125 0.19797484999999998 0.1809938734375 0.318038865625
1 0.0745477359375 0.322911540625 0.18149983593750002 0.3177584953125 0.1769874359375 0.196978321875 0.05916963125 0.1940219046875 0.0745477359375 0.322911540625
1 0.176950521875 0.1972932359375 0.1709059265625 0.05733203906249999 0.059603415625 0.044723246875 0.0511690140625 0.11667665 0.060230365625000004 0.19505385 0.176950521875 0.1972932359375
1 0.1708690125 0.05764695156250001 0.17734574375 0.197957603125 0.28796336093749997 0.20991833437500002 0.2939915453125 0.07179912031249999 0.1708690125 0.05764695156250001
1 0.2940779578125 0.073076946875 0.2878526171875 0.21086307187500003 0.3939818515625 0.22281088906250002 0.4105055359375 0.089914259375 0.2940779578125 0.073076946875
1 0.4099500734375 0.08860188906250001 0.393168571875 0.223703890625 0.49653519218750003 0.23703641250000002 0.5231835984375001 0.106474503125 0.4099500734375 0.08860188906250001
1 0.5223945375 0.1051458671875 0.496696125 0.2376844640625 0.5973863984375 0.247641703125 0.6324087281249999 0.1202394078125 0.5223945375 0.1051458671875
1 0.632433165625 0.118015915625 0.5974728109375 0.24891953125000002 0.695499903125 0.257410115625 0.7392775203124999 0.131923121875 0.632433165625 0.118015915625
1 0.7388091625000001 0.13188862968749998 0.695265721875 0.25739286875 0.7898638890624999 0.2669014609375 0.8415839890625 0.1442246765625 0.7388091625000001 0.13188862968749998
1 0.8418927953124999 0.14361121875 0.7899377171874999 0.266271634375 0.8837490890625 0.2865283078125 0.9443248531249999 0.1689524046875 0.8418927953124999 0.14361121875
0 0.6484136296874999 0.8070463796875 0.9764484015624999 0.156580584375 0.063089415625 0.014984381250000001 0.0392247609375 0.2185724046875 0.1013089234375 0.7979956140625 0.6484136296874999 0.8070463796875