1 0.8024427125000001 0.77158444375 0.7898576453125 0.8400134125 0.8476967390624999 0.8394258953125 0.8628885484375 0.77545239375 0.8024427125000001 0.77158444375
1 0.8208664671875001 0.7028096734375 0.8048092468749999 0.7712823625 0.86363670625 0.775411421875 0.88028949375 0.711995128125 0.8208664671875001 0.7028096734375
1 0.8391329234375 0.6360539515625 0.8221724859374999 0.703312821875 0.8809767359375 0.711331453125 0.895540740625 0.6470692703125 0.8391329234375 0.6360539515625
1 0.9120536171875001 0.5821429265625 0.8531922375000001 0.5667639125 0.8377328281249999 0.635726775 0.8972908609375001 0.647478240625 0.9120536171875001 0.5821429265625
1 0.9275786500000001 0.5181734640625 0.8707166609374999 0.5000116515624999 0.8531559328125 0.5665883046875 0.9116162109375001 0.5821453671875 0.9275786500000001 0.5181734640625
1 0.9425474218750001 0.45194357343749997 0.887733653125 0.43073940000000005 0.8698727546875 0.49887091874999995 0.9276363765625 0.5180555250000001 0.9425474218750001 0.45194357343749997
1 0.885733265625 0.4297300046875 0.824916990625 0.4054989578125 0.809459625 0.478254259375 0.8712024062499999 0.4986818796875 0.885733265625 0.4297300046875
1 0.8701739484375001 0.49921227031250004 0.809459625 0.478254259375 0.7924017734375 0.5498226453124999 0.85351275625 0.5668112296875 0.8701739484375001 0.49921227031250004
1 0.8536499921875 0.567384428125 0.7913891796875 0.5506690921875 0.7745815953124999 0.6228379015625001 0.8376729296875001 0.635360678125 0.8536499921875 0.567384428125
1 0.8385162546875 0.6352405359375 0.7742063234375001 0.6215665390625 0.7579493015625001 0.694676103125 0.8220899421875 0.7038273609375 0.8385162546875 0.6352405359375
1 0.8215612171875 0.7038206328125 0.7575548234375 0.694278878125 0.73969611875 0.7662020625 0.8053009765624999 0.7712423140625 0.8215612171875 0.7038206328125
1 0.8042509046875 0.7709969328125 0.7388963125 0.766557103125 0.7235885828125 0.8385344609375001 0.78928995625 0.839264175 0.8042509046875 0.7709969328125
1 0.7583046 0.6941839265625 0.6858466765625 0.684834159375 0.66894153125 0.7613132625000001 0.7395403890625001 0.7670743125 0.7583046 0.6941839265625
1 0.7403961671875 0.76636565 0.6684919 0.761749321875 0.6506873375 0.83910131875 0.7245089453125 0.8389474859374999 0.7403961671875 0.76636565
1 0.7750954640625001 0.6230926578125 0.7044352218750001 0.6082056828125 0.685428884375 0.6841937765624999 0.7577373203125 0.6943207124999999 0.7750954640625001 0.6230926578125
1 0.7916526328125 0.5503242 0.722390440625 0.5319719593750001 0.7043853437500001 0.608464996875 0.77466045625 0.6221261703125001 0.7916526328125 0.5503242
1 0.7397703984375 0.45544966562500006 0.7228153734375 0.5321880859375 0.7926612390625001 0.5515423625 0.8099353703125001 0.47861611875000004 0.7397703984375 0.45544966562500006
1 0.8259930546875 0.40464706093749997 0.7539749609374999 0.37779835624999997 0.739671765625 0.4548351890625 0.8103352734374999 0.47843859999999994 0.8259930546875 0.40464706093749997
1 0.838988196875 0.33179747656249997 0.8247812906249999 0.4056579 0.8869467359375 0.43047519218749997 0.9001565171875001 0.361798734375 0.838988196875 0.33179747656249997
1 0.9559229437500001 0.38755780781250004 0.8997057125 0.3603393515625 0.8866465921875 0.430134084375 0.942511603125 0.45347908593749997 0.9559229437500001 0.38755780781250004
1 0.9671842625 0.3214050828125 0.91111564375 0.291512459375 0.8999062515625 0.3611983125 0.956479471875 0.38780143906250003 0.9671842625 0.3214050828125
1 0.9128667874999999 0.2938176515625 0.853846146875 0.2602569546875 0.8396882453125001 0.33196106406250003 0.900006009375 0.36067968281249996 0.9128667874999999 0.2938176515625
1 0.8529966109375 0.2608705328125 0.7845232249999999 0.2251009078125 0.7683680046875 0.3014842859375 0.8392926703124999 0.3321103921875 0.8529966109375 0.2608705328125
1 0.8404381609374999 0.33314068125 0.7692686046875 0.301886203125 0.7552634078125 0.3785010296875 0.825306334375 0.40482408437500006 0.8404381609374999 0.33314068125
1 0.7679703859375 0.3017467125 0.6916469843749999 0.26495478281249996 0.6763955671875 0.3480485953125 0.7542154578125 0.3789619640625 0.7679703859375 0.3017467125
1 0.7860750921874999 0.224735825 0.70974949375 0.1841522296875 0.6934978843749999 0.2667413453125 0.7674198249999999 0.3008059578125 0.7860750921874999 0.224735825
1 0.7105213296875 0.18384581875 0.6245923531249999 0.13803904375 0.60499320625 0.224720934375 0.691718621875 0.2644855625 0.7105213296875 0.18384581875
1 0.6918795515625 0.2658009484375 0.6049026984375 0.22354045312499998 0.5864045265625 0.31210463125 0.676477475 0.3477764828125 0.6918795515625 0.2658009484375
1 0.6764868921875 0.34709557968750004 0.5854636265625001 0.3106597140625 0.5710152328125 0.3990863703125 0.661234453125 0.42829317031249997 0.6764868921875 0.34709557968750004
1 0.7405121890624999 0.4555670296875 0.6599939109374999 0.42727311874999996 0.642693253125 0.5115130734375 0.7223885734375 0.5321410828124999 0.7405121890624999 0.4555670296875
1 0.7535670718749999 0.3781881921875 0.6775470328125001 0.347425253125 0.6606939609375 0.4274367078125 0.7408255890625 0.45510481562500005 0.7535670718749999 0.3781881921875
1 0.7226607265625 0.5324853859374999 0.642846884375 0.5119383921875 0.6249447640625 0.593600684375 0.704005165625 0.608892946875 0.7226607265625 0.5324853859374999
1 0.7053556765625 0.6091420109375 0.6229941046875 0.5923327515625 0.6054411078124999 0.674075815625 0.685457725 0.6844138859375 0.7053556765625 0.6091420109375
1 0.686338371875 0.685044790625 0.6058297453125 0.673814534375 0.58622738125 0.7548085390625 0.6689996015624999 0.761614840625 0.686338371875 0.685044790625
1 0.669155865625 0.761252203125 0.5858504140624999 0.7550547015625 0.570999921875 0.8398672125 0.6508362328125 0.8393121625 0.669155865625 0.761252203125
1 0.585800534375 0.7553140140625 0.49244411875000005 0.7481218296875001 0.474746775 0.8382271875 0.571170990625 0.83946746875 0.585800534375 0.7553140140625
1 0.6070522390625 0.6733513890625 0.5131430671875 0.661426784375 0.49219370468749996 0.7475221828125 0.587296284375 0.755633528125 0.6070522390625 0.6733513890625
1 0.625706359375 0.5934898343749999 0.5322425796875 0.57354506875 0.5116433625 0.661617459375 0.6071063718749999 0.6735538796875 0.625706359375 0.5934898343749999
1 0.6422159390625 0.5100264 0.551500428125 0.48720285625 0.5323510609375 0.5734479125 0.6249930375 0.5931105890625 0.6422159390625 0.5100264
1 0.65931825625 0.4287191484375 0.5706486203125001 0.3990623578125 0.552749865625 0.48641175625 0.642823040625 0.5108667875 0.65931825625 0.4287191484375
1 0.5858393890625 0.31137059375 0.48416354687499996 0.271363159375 0.46696805625 0.3645640328125 0.5708404328125 0.39885649375 0.5858393890625 0.31137059375
1 0.6059380453125 0.223993328125 0.504208084375 0.1766611078125 0.48486359375 0.2715267484375 0.5867072515625 0.311225353125 0.6059380453125 0.223993328125
1 0.624972609375 0.1364834203125 0.5249897015625 0.0838715078125 0.502593703125 0.1774821296875 0.6048242234375001 0.22411922343750001 0.624972609375 0.1364834203125
1 0.5039127703124999 0.17836151875 0.3881278515625 0.122327940625 0.3672369984375 0.2233314578125 0.4838772234375 0.2708078578125 0.5039127703124999 0.17836151875
1 0.5255091109375 0.08510516093750001 0.41172016562499997 0.024393625 0.38907816875 0.1230919515625 0.503461725 0.177353153125 0.5255091109375 0.08510516093750001
1 0.367152465625 0.2234293421875 0.23466270156250002 0.1661913078125 0.21116262031250002 0.27782225625 0.34669121875000003 0.3240724390625 0.367152465625 0.2234293421875
1 0.388857678125 0.12376571875 0.2580953 0.05754716875 0.23403935312500002 0.166796084375 0.3679847546875 0.224374275 0.388857678125 0.12376571875
1 0.2702293046875 0 0.258442375 0.058378715625 0.388820840625 0.12243714375 0.4131269421875 0.0239516375 0.36860026874999996 0 0.2702293046875 0
1 0.449095453125 0.459292534375 0.32687989375000004 0.4278553859375 0.30506747343749996 0.5277860203125 0.4283920859375 0.5539469109375 0.449095453125 0.459292534375
1 0.5528902921875 0.48546534843750005 0.44776743750000003 0.4594616734375 0.42896178437500004 0.5538601796875 0.53036138125 0.5722803859375001 0.5528902921875 0.48546534843750005
1 0.5690427109375 0.398119996875 0.4672808546875 0.3647482765625 0.448652765625 0.4582293328125 0.551040721875 0.48656971718750003 0.5690427109375 0.398119996875
1 0.4691410109375 0.365182959375 0.34762678125 0.32335889375 0.326524415625 0.42633309375 0.44957402343749997 0.45863770156249994 0.4691410109375 0.365182959375
1 0.4838733171875 0.2717504734375 0.365719934375 0.22255913437500002 0.3470074265625 0.3232141609375 0.467055540625 0.3640465921875 0.4838733171875 0.2717504734375
1 0.3487791765625 0.32410846875 0.2115885140625 0.2762229421875 0.1878364046875 0.38960822500000003 0.3261966328125 0.42611289843750005 0.3487791765625 0.32410846875
1 0.40847190468749994 0.646613296875 0.28281108125 0.6297173890625001 0.2582556203125 0.7338033625 0.3857704671875 0.741060375 0.40847190468749994 0.646613296875
1 0.512701753125 0.6604190703125 0.40652348906249997 0.6466374609375001 0.386214203125 0.7421238203125 0.4924758359375 0.7487312171875 0.512701753125 0.6604190703125
1 0.5300068640625 0.573821740625 0.42630412343749996 0.5539052015625 0.40643523281249994 0.6470963078125 0.5132465359375 0.66084330625 0.5300068640625 0.573821740625
1 0.426480790625 0.5529867312500001 0.3061292296875 0.528699390625 0.2814830671875 0.629886528125 0.4071438921875 0.6467824359375001 0.426480790625 0.5529867312500001
1 0.30453384843750003 0.5268881640624999 0.162751159375 0.4995114640625 0.13784650468749998 0.612147946875 0.2826716296875 0.6301805 0.30453384843750003 0.5268881640624999
1 0.11214806718749999 0.72521065 0.09060825156249999 0.8371942078125001 0.23910390625 0.8364058796875 0.260735821875 0.7306785953125 0.11214806718749999 0.72521065
1 0.25941025 0.73420541875 0.2373320078125 0.8355123484375 0.3656397828125 0.8352822968750001 0.383825184375 0.7407380375 0.25941025 0.73420541875
1 0.493717828125 0.7486734046875 0.38302811718749996 0.74151153125 0.3625412671875 0.83791534375 0.47418725625 0.837987725 0.493717828125 0.7486734046875
1 0.2838905640625 0.630441815625 0.13865876875 0.61089123125 0.11455242968749998 0.726112434375 0.2586691890625 0.7327463546875 0.2838905640625 0.630441815625
1 0.32764463906249996 0.42515482968749996 0.1885116953125 0.387367046875 0.1635187828125 0.500462378125 0.3058946171875 0.5279606484375 0.32764463906249996 0.42515482968749996