1 0.1826758359375 0.3718842625 0.1680239859375 0.307513546875 0.11061573281249999 0.3288251296875 0.1231005515625 0.3927318921875 0.1826758359375 0.3718842625
1 0.19402546874999999 0.438203334375 0.18115905937500001 0.37251980156250003 0.1223839046875 0.3929517859375 0.134210225 0.456005434375 0.19402546874999999 0.438203334375
1 0.20662525937499998 0.5045637015625 0.194547503125 0.43871079375 0.13494774062499998 0.45568289375 0.1453967453125 0.5177135390625 0.20662525937499998 0.5045637015625
1 0.1578472125 0.5800916171875 0.2189208453125 0.5700721078125001 0.2056596015625 0.5044733734375 0.1452704453125 0.51855415625 0.1578472125 0.5800916171875
1 0.2195207515625 0.5690139078125 0.28383111875 0.5567511234375 0.2721636625 0.4889521796875 0.20673630625 0.5043314484375 0.2195207515625 0.5690139078125
1 0.23126624375 0.6352479609375 0.29785640625 0.6259024046875 0.28435417812499997 0.5572583609375 0.219354934375 0.569435746875 0.23126624375 0.6352479609375
1 0.21964794843750002 0.5696061625 0.15764317187500002 0.5810647984374999 0.168434853125 0.642857703125 0.23232355937500002 0.634401309375 0.21964794843750002 0.5696061625
1 0.19473625 0.43825586562499996 0.25915114687499996 0.4207050609375 0.2455853234375 0.3517648890625 0.18215654375 0.372958140625 0.19473625 0.43825586562499996
1 0.18172837343749998 0.3738418640625 0.24656579375 0.3524836765625 0.23287277187500002 0.2829512515625 0.1672258796875 0.307668859375 0.18172837343749998 0.3738418640625
1 0.2069536640625 0.5049888296875 0.2724760640625 0.48874829843749995 0.2583739328125 0.42116245625 0.19468511093750002 0.4382475375 0.2069536640625 0.5049888296875
1 0.1826042578125 0.705666425 0.24467677031249999 0.7002779359375 0.232396471875 0.6348756765625 0.1699640765625 0.6435189859375 0.1826042578125 0.705666425
1 0.24506852656250003 0.700458528125 0.311477078125 0.693874078125 0.297356996875 0.6264844 0.231786846875 0.63530915 0.24506852656250003 0.700458528125
1 0.3284603140625 0.761442221875 0.312990771875 0.69434316875 0.24578064375 0.7004673218749999 0.26111755625 0.7653153125000001 0.3284603140625 0.761442221875
1 0.195245465625 0.7678136453125 0.2606171078125 0.7646286109375 0.244165003125 0.7011820281250001 0.1819837921875 0.7060644078125 0.195245465625 0.7678136453125
1 0.21149166562500002 0.8286579828124999 0.27571872656249996 0.8283660390625001 0.2616836734375 0.764664275 0.1950690859375 0.7681613140625 0.21149166562500002 0.8286579828124999
1 0.276001784375 0.8280405203125 0.3435936421875 0.8286142890624999 0.3284603140625 0.761442221875 0.2595950453125 0.7647901828125 0.276001784375 0.8280405203125
1 0.343822353125 0.828035715625 0.42108616093749995 0.8275911812500001 0.40451715468750005 0.7570212734374999 0.32838517500000003 0.761377090625 0.343822353125 0.828035715625
1 0.32820533749999997 0.7610592578125 0.4049369890625 0.75649338125 0.3884768421875 0.6864303515625 0.312341990625 0.693780053125 0.32820533749999997 0.7610592578125
1 0.31255938125 0.694792271875 0.3887597359375 0.686104065625 0.3722452421875 0.6157879796875 0.2985603390625 0.6263176890625 0.31255938125 0.694792271875
1 0.297796578125 0.6260834234375 0.370915196875 0.61620398125 0.356764434375 0.5453794421875 0.2841349453125 0.557536378125 0.297796578125 0.6260834234375
1 0.2844723515625 0.5574639140625 0.35727620312499997 0.5444753484375 0.34392129374999997 0.47242097968749996 0.27221571875 0.488879846875 0.2844723515625 0.5574639140625
1 0.2718783109375 0.48895231250000004 0.3429623984375 0.47289164531249994 0.3285942421875 0.40105488593749994 0.25839590156250003 0.421024971875 0.2718783109375 0.48895231250000004
1 0.25852673125000003 0.42019545156250004 0.32859296250000003 0.4006592765625 0.31514340625 0.3287386875 0.24630423750000002 0.3522099484375 0.25852673125000003 0.42019545156250004
1 0.246134475 0.3513395765625 0.3156478125 0.32922901250000003 0.3000440671875 0.2565745703125 0.232340071875 0.28310347343750003 0.246134475 0.3513395765625
1 0.315327759375 0.3295970765625 0.3935086921875 0.3032303890625 0.37654055625 0.2260813578125 0.2998525984375 0.256092675 0.315327759375 0.3295970765625
1 0.3296770515625 0.40012712500000003 0.4073150140625 0.3786654703125 0.39300445 0.3027408359375 0.31476195156250003 0.3296051390625 0.3296770515625 0.40012712500000003
1 0.34178374843750003 0.47323329062499997 0.42232611093749994 0.454140328125 0.40705521874999995 0.37931911406249996 0.3291316578125 0.4005999078125 0.34178374843750003 0.47323329062499997
1 0.357584646875 0.5449474125 0.43752242187499996 0.5304725828125 0.42244884687499995 0.45471181562499996 0.34195766562499996 0.4725844125 0.357584646875 0.5449474125
1 0.37167738125 0.616395940625 0.4531766984375 0.60547538125 0.4372786640625 0.5295923546875 0.355825428125 0.545333278125 0.37167738125 0.616395940625
1 0.3888339390625 0.6851257765625001 0.46940775468749996 0.679192403125 0.4542597625 0.6049434484375 0.3723789421875 0.61594594375 0.3888339390625 0.6851257765625001
1 0.405139409375 0.757330990625 0.48767009687499996 0.7530710234375 0.46985071093749997 0.6793965984375 0.3897813015625 0.68582029375 0.405139409375 0.757330990625
1 0.421798521875 0.8281655859375 0.5026524718750001 0.8272581859375 0.48718459062499997 0.7533780625000001 0.4048078890625 0.7570561953125 0.421798521875 0.8281655859375
1 0.502093215625 0.8272567953125 0.5955776515625 0.8275272296875 0.57798118125 0.7493158375 0.4865404953125 0.753331325 0.502093215625 0.8272567953125
1 0.4867782390625 0.753234403125 0.57863968125 0.7496644390625 0.5610442390625 0.6714528265624999 0.4693965484375 0.679639778125 0.4867782390625 0.753234403125
1 0.47111313906249996 0.6800644874999999 0.560920571875 0.6706522140625 0.5426850187500001 0.593176728125 0.45272789375 0.6056136125 0.47111313906249996 0.6800644874999999
1 0.4536405375 0.605287253125 0.5425748593749999 0.5936678828125 0.525939578125 0.5143520796875001 0.4381854578125 0.5296084203125 0.4536405375 0.605287253125
1 0.43808045937499995 0.5298538578125 0.5264144281250001 0.513575809375 0.5110475890624999 0.43458623906250005 0.4219735078125 0.4547414859375 0.43808045937499995 0.5298538578125
1 0.4229480703125 0.45420388906250003 0.511369253125 0.43461532187499996 0.494931290625 0.354359965625 0.4071114859375 0.3786069921875 0.4229480703125 0.45420388906250003
1 0.407266446875 0.3787990109375 0.4955292078125 0.35475617812500004 0.47808242968750003 0.2735201765625 0.39302135625 0.3035788578125 0.407266446875 0.3787990109375
1 0.3923780859375 0.3038956421875 0.47858786093749994 0.274010278125 0.46120253437500003 0.19306040468750002 0.3764315640625 0.2259285484375 0.3923780859375 0.3038956421875
1 0.4783895203125 0.27495005156249996 0.575162640625 0.24219738125 0.558075671875 0.1551985078125 0.460377046875 0.1929383640625 0.4783895203125 0.27495005156249996
1 0.4953448546875 0.353897790625 0.5923863375 0.32796958125 0.5751011890625 0.2419112515625 0.4775650578125 0.27482779062499996 0.4953448546875 0.353897790625
1 0.5106997546875001 0.4346850796875 0.6103858421874999 0.41177920625000003 0.5924605859375001 0.3264570015625 0.49413493593749996 0.35330954999999997 0.5106997546875001 0.4346850796875
1 0.5268910531250001 0.5137969109375 0.6264769625 0.49599949375 0.6093651484375 0.41153253125000006 0.5112041609375 0.43517540312499997 0.5268910531250001 0.5137969109375
1 0.54374229375 0.5939184484375 0.6444815484374999 0.5796229609375 0.6270177515625 0.4960297953125 0.52749593125 0.5141505921875 0.54374229375 0.5939184484375
1 0.561798025 0.6711461015625 0.662972690625 0.6611609046875 0.6444815484374999 0.5796229609375 0.542945771875 0.5936115578125001 0.561798025 0.6711461015625
1 0.5775124218750001 0.748876596875 0.6818394421875 0.7444527609375 0.6640586468749999 0.661661509375 0.5607863703125 0.6709964562499999 0.5775124218750001 0.748876596875
1 0.595250128125 0.8269063843750001 0.6982917468750001 0.82789705 0.680134153125 0.743351334375 0.5789282328125 0.7486151734375001 0.595250128125 0.8269063843750001
1 0.6969786171875 0.8263436796875 0.810786478125 0.8250221156249999 0.7944262156249999 0.739723478125 0.6807102796875 0.74371601875 0.6969786171875 0.8263436796875
1 0.681260690625 0.7437611515625 0.7938235828125 0.7393902359375 0.7772697203125001 0.6511270359375 0.664004271875 0.6609087796875001 0.681260690625 0.7437611515625
1 0.7945827390625 0.7401275875 0.9203296812499999 0.7356255515625 0.9006480375000001 0.6439835328125 0.7771772140625 0.6506963046875 0.7945827390625 0.7401275875
1 0.810397375 0.8249487765625 0.9381047406249999 0.826777453125 0.920606871875 0.7369162078125 0.7951560234375 0.740004465625 0.810397375 0.8249487765625
1 0.6630374109375 0.6617070359375 0.7761211015625 0.6513737203125001 0.7567900859375001 0.56415675625 0.6452554265625 0.5797544734375 0.6630374109375 0.6617070359375
1 0.77688009375 0.6521103046875 0.90246228125 0.6440436875 0.8814671015625001 0.549083003125 0.757646265625 0.565026153125 0.77688009375 0.6521103046875
1 0.7564835000000001 0.563903159375 0.8836277109375 0.548123315625 0.8639714390625001 0.4531076203125 0.7377264296875 0.4765661484375 0.7564835000000001 0.563903159375
1 0.6454500828125 0.5795968 0.7562976781249999 0.56478633125 0.73787895 0.4768616859375 0.6266676046875 0.49563830312499996 0.6454500828125 0.5795968
1 0.626421871875 0.495922815625 0.738613128125 0.47688827187499994 0.7205981593749999 0.386018021875 0.6088884828125 0.4125401234375 0.626421871875 0.495922815625
1 0.7388567671875 0.47627430625 0.8642567453125001 0.45412134687499994 0.8451452390625 0.35814538906250004 0.7209560765624999 0.385941153125 0.7388567671875 0.47627430625
1 0.5922521609375 0.32749469375 0.701372903125 0.29590658125 0.683241440625 0.2044989046875 0.5738202218749999 0.2429853703125 0.5922521609375 0.32749469375
1 0.6085817390625 0.4122608109375 0.7200470812499999 0.386354434375 0.70167316875 0.2955612734375 0.5915872734375001 0.32763587968749996 0.6085817390625 0.4122608109375
1 0.72034820625 0.3860081375 0.84531188125 0.3583268515625 0.8254373796875001 0.260546609375 0.7014305546874999 0.29617501874999996 0.72034820625 0.3860081375
1 0.7019742953125 0.295214978125 0.8272878609375001 0.2604308109375 0.8076558046875 0.1620360515625 0.6836582 0.20469102499999997 0.7019742953125 0.295214978125
1 0.8068812921875 0.1619215734375 0.7867054984374999 0.06448685625 0.6653536171875001 0.1124772671875 0.6836582 0.20469102499999997 0.8068812921875 0.1619215734375
1 0.5753327015624999 0.24173037343749998 0.6849071234374999 0.20526606093750002 0.665480175 0.1128717171875 0.5569218703125001 0.15600553125 0.5753327015624999 0.24173037343749998