1 0.5271667171875001 0.6892533234375 0.47526593281249996 0.7111905468749999 0.5206683937500001 0.7450747578125 0.574791365625 0.7223507140625001 0.5271667171875001 0.6892533234375
1 0.41900474687499994 0.691991034375 0.474899815625 0.7109083484375 0.5260683640625 0.68840673125 0.47203317343749995 0.668144859375 0.41900474687499994 0.691991034375
1 0.3612946125 0.6702849750000001 0.4197369828125 0.692555428125 0.47166119687499997 0.668413771875 0.41251586875 0.642824690625 0.3612946125 0.6702849750000001
1 0.2965939703125 0.646524490625 0.3620239203125 0.671124925 0.4132598203125 0.6422868703125 0.3504093875 0.618008475 0.2965939703125 0.646524490625
1 0.228592403125 0.620775996875 0.2973320625 0.646537778125 0.35040353125 0.618559584375 0.279848803125 0.590009059375 0.228592403125 0.620775996875
1 0.15324973749999998 0.591312465625 0.22895852031250002 0.6210581953125 0.279113640625 0.5897202171875 0.20528229374999998 0.55697791875 0.15324973749999998 0.591312465625
1 0.0720392171875 0.5584373390625 0.1532555953125 0.5907613578124999 0.2037973265625 0.5577773546875 0.124082615625 0.5229999015625 0.0720392171875 0.5584373390625
1 0.0323599078125 0.54607343125 0.07315133593749999 0.55790614375 0.12371356874999999 0.522993259375 0.031395340625000004 0.49350042812500006 0.0293407421875 0.495125034375 0.0323599078125 0.54607343125
1 0.032882365625 0.4924247640625 0.12335038125 0.5224355093749999 0.1783821625 0.483745890625 0.0846190890625 0.4511953703125 0.032882365625 0.4924247640625
1 0.179119378125 0.483759159375 0.12334745312499999 0.5227110625 0.20564255937499998 0.5578105703125 0.262471840625 0.5235623656249999 0.179119378125 0.483759159375
1 0.2609897984375 0.5240869046875 0.20564255937499998 0.5578105703125 0.2805839671875 0.5902979 0.335899003125 0.55960401875 0.2609897984375 0.5240869046875
1 0.279848803125 0.590009059375 0.3500432703125 0.6177262781249999 0.40533487187499995 0.5892368328125 0.335904853125 0.5590535671875 0.279848803125 0.590009059375
1 0.4053407296875 0.5886857234375 0.350040340625 0.6180018328125 0.4121526796875 0.642266940625 0.470744328125 0.6157654906250001 0.4053407296875 0.5886857234375
1 0.4700033046875 0.6160277609375 0.4117807046875 0.6425358515624999 0.4723963609375 0.6687026125 0.5298729625 0.6430079125 0.4700033046875 0.6160277609375
1 0.5280277296875 0.642974696875 0.472399290625 0.6684270578125 0.5264374078125 0.688413375 0.5827541578125001 0.6676580703125 0.5280277296875 0.642974696875
1 0.5831290625000001 0.6671136046874999 0.5256934578125 0.6889511984375 0.5758985046875 0.7223706421875 0.6337265796875 0.6983359124999999 0.5831290625000001 0.6671136046874999
1 0.5846052484375 0.6671401765625 0.63371779375 0.6991625781249999 0.6933931484375 0.6748854921875 0.6428102765625 0.642285409375 0.5846052484375 0.6671401765625
1 0.6431793234375001 0.642292053125 0.6937709828124999 0.674065471875 0.7590250859375 0.6457553546875 0.7076982609375 0.6136930953124999 0.6431793234375001 0.642292053125
1 0.8540962640625 0.5551540312500001 0.9046439968750001 0.5910601078125 0.9853602796875001 0.566334946875 0.9367397734375 0.5227478703124999 0.8540962640625 0.5551540312500001
1 0.7762767125 0.5851672125 0.82612735625 0.6172022453125 0.903905903125 0.591046821875 0.8533561203125 0.5554163125 0.7762767125 0.5851672125
1 0.7784871843750001 0.585482609375 0.7076953328125 0.6139686515625 0.7586589671875 0.645473159375 0.8257553828124999 0.6174711562499999 0.7784871843750001 0.585482609375
1 1 0.49951266250000004 0.9367251281250001 0.5241256437499999 0.9860983718749999 0.5663482328125 1 0.5623764062500001 1 0.49951266250000004
1 1 0.46724946093749997 0.9806716859375 0.45189327500000004 0.88838581875 0.48881053124999996 0.9374749375 0.5230367125 1 0.49947762500000004 1 0.46724946093749997
1 0.8533619781249999 0.5548652046875 0.9363648703124999 0.5232923375 0.88727575 0.4890661578125 0.8012853468750001 0.5238918796875 0.8533619781249999 0.5548652046875
1 0.776651615625 0.5846227484375001 0.8533619781249999 0.5548652046875 0.8005472546875 0.5238785921875 0.7252691515625 0.5577953671875 0.776651615625 0.5846227484375001
1 0.7062288125 0.61311543125 0.7770206640625 0.584629390625 0.7256440578125 0.5572509015625 0.6533525953125 0.58791415 0.7062288125 0.61311543125
1 0.6442893921875 0.6420364296875001 0.707329215625 0.6136864546874999 0.6537216421875 0.5879207937500001 0.5899437187500001 0.6162581359375 0.6442893921875 0.6420364296875001
1 0.5846052484375 0.6671401765625 0.6446613671875 0.6417675171874999 0.5895746734375 0.6162514921875 0.5276498953125001 0.6437947171875 0.5846052484375 0.6671401765625
1 0.529870034375 0.6432834671875 0.5892056250000001 0.6162448515625 0.531553178125 0.589029 0.46890290312499994 0.6154567359375 0.529870034375 0.6432834671875
1 0.4057068484375 0.5889679203125 0.4703664953125 0.6165855109375 0.5300808 0.588726890625 0.46878854687500005 0.55676085625 0.4057068484375 0.5889679203125
1 0.33701199375 0.5590734953125 0.4060729671875 0.58925011875 0.46656255468749996 0.5578232171875 0.396795703125 0.524602209375 0.33701199375 0.5590734953125
1 0.2606207515625 0.5240802609374999 0.33664001718750003 0.5593424078125 0.39643251562500004 0.52404445625 0.32080571875 0.4865851734375 0.2606207515625 0.5240802609374999
1 0.17875413906249998 0.48347697968750003 0.26211158125 0.5227290609375 0.32079986250000003 0.487136284375 0.23784368437499998 0.444859746875 0.17875413906249998 0.48347697968750003
1 0.0857291578125 0.4509397453125 0.1791135203125 0.4843102703125 0.2382215078125 0.44404038281249997 0.1460429671875 0.40132289062500004 0.0857291578125 0.4509397453125
1 0.14420447187500002 0.40073858125 0.2382244390625 0.44376482812500007 0.30291908125 0.3986352296875 0.2071095234375 0.35034089218750003 0.14420447187500002 0.40073858125
1 0.30329691406250003 0.3978152109375 0.2374863453125 0.4437515421875 0.3200676265625 0.48657188749999997 0.387661928125 0.4464547578125 0.30329691406250003 0.3978152109375
1 0.388013409375 0.44811407187499996 0.32117769531249996 0.48631626250000004 0.397170609375 0.52405774375 0.4639828921875 0.4880599890625 0.388013409375 0.44811407187499996
1 0.3960605390625 0.52431336875 0.46619350624999994 0.5578165734375 0.533342625 0.524855903125 0.46323308281250003 0.4891489203125 0.3960605390625 0.52431336875
1 0.5300837281249999 0.5884513359375 0.5961081421875 0.5571234078125 0.5318576609375001 0.5256553390625001 0.4673065046875 0.5572853953125 0.5300837281249999 0.5884513359375
1 0.5300837281249999 0.5884513359375 0.58957174375 0.6165270484375001 0.6533643046875001 0.5868125875 0.59573909375 0.557116765625 0.5300837281249999 0.5884513359375
1 0.595372978125 0.5568345671875 0.6540936109375 0.5876525375 0.7237958953125 0.557493240625 0.668419225 0.5245312609375 0.595372978125 0.5568345671875
1 0.66695855625 0.5231275906249999 0.7252632953125 0.5583464765625 0.8012853468750001 0.5238918796875 0.7463070046875 0.488181653125 0.66695855625 0.5231275906249999
1 0.745565984375 0.4884439234375 0.8016514656249999 0.524174075 0.88616568125 0.48932178437499996 0.8312195499999999 0.4505811140625 0.745565984375 0.4884439234375
1 0.8301124109375 0.45056118593749994 0.8880109125000001 0.4893549984375 0.98067754375 0.45134216406250005 0.9279925390624999 0.408233796875 0.8301124109375 0.45056118593749994
1 0.7722616421875 0.407359178125 0.8323237625000001 0.45087659843749994 0.927254446875 0.40822051249999997 0.8690814859374999 0.3606036453125 0.7722616421875 0.407359178125
1 0.7463046 0.48840800156249997 0.8315949843749999 0.4499867875 0.7726219000000001 0.40819248437500005 0.68323394375 0.45012152031249997 0.7463046 0.48840800156249997
1 0.6687999812500001 0.52343634375 0.7459350296875 0.4884505671875 0.6847042734375 0.45069920156250004 0.606055853125 0.48923931875 0.6687999812500001 0.52343634375
1 0.5946319546875001 0.5570968359374999 0.6684250765625 0.523980809375 0.6053089734375 0.49005269531250006 0.531485684375 0.52592425 0.5946319546875001 0.5570968359374999
1 0.4621347296875 0.48830232812499996 0.534443915625 0.525426284375 0.6045767375 0.4894883 0.5381948515625 0.45026617968749993 0.4621347296875 0.48830232812499996
1 0.605004915625 0.4898024578125 0.68371535 0.450058003125 0.6156426374999999 0.4042131859375 0.5368835421875 0.44845309687499996 0.605004915625 0.4898024578125
1 0.6165577453125 0.40526712187499997 0.684182090625 0.4497205828125 0.7712634171875 0.40701441718750003 0.70414624375 0.3584195734375 0.6165577453125 0.40526712187499997
1 0.703683178125 0.35841123750000004 0.77171913125 0.40771426406250005 0.86857438125 0.36068704218750003 0.804294409375 0.306609471875 0.703683178125 0.35841123750000004
1 0.6287436 0.304832778125 0.705531765625 0.3587903359375 0.8038350265625 0.30625472343750004 0.7303655078125 0.24509334218749998 0.6287436 0.304832778125
1 0.6158403828125001 0.40570108749999995 0.704578590625 0.35809334531250003 0.6289944843749999 0.30479398281250003 0.5394856890625 0.3559418734375 0.6158403828125001 0.40570108749999995
1 0.5366772828124999 0.44801432031250005 0.61475365 0.40458828437500005 0.5394827875 0.356214803125 0.458794796875 0.4042410890625 0.5366772828124999 0.44801432031250005
1 0.4622954953125 0.48822582031249995 0.538138265625 0.4483136 0.45953254687499995 0.40370774843749996 0.3869432859375 0.447505534375 0.4622954953125 0.48822582031249995
1 0.3039915125 0.3984478296875 0.3873155046875 0.4469656140625 0.4576964421875 0.4042213171875 0.3736878734375 0.3513169328125 0.3039915125 0.3984478296875
1 0.20930948593749998 0.35081818125 0.3036230796875 0.3987141796875 0.3736878734375 0.3513169328125 0.27939460625 0.30150845312499996 0.20930948593749998 0.35081818125
1 0.37441690625 0.3516036921875 0.4587889890625 0.4047876046875 0.5398579078125 0.355401953125 0.4536933 0.29863175468750003 0.37441690625 0.3516036921875
1 0.4551513765625 0.299204621875 0.5387624625 0.3551085953125 0.6279019406249999 0.304227696875 0.5425389953125 0.24091116562499998 0.4551513765625 0.299204621875
1 0.5440125874999999 0.24010693437500003 0.629720728125 0.305343178125 0.7299368515625 0.24565127812499998 0.64538236875 0.17523141874999998 0.5440125874999999 0.24010693437500003
1 0.4491383296875 0.17608373125000001 0.5425448046875 0.24036465156250003 0.6453880671875 0.17469539843749998 0.5499068921875 0.0988961296875 0.4491383296875 0.17608373125000001
1 0.280123646875 0.3017945609375 0.374796965625 0.350243653125 0.45295555 0.29916509687500004 0.3572448828125 0.2449568265625 0.280123646875 0.3017945609375
1 0.35871167656249997 0.244709590625 0.451857196875 0.299145325 0.5414560484375001 0.23952479375000002 0.4487632 0.1768972390625 0.35871167656249997 0.244709590625
0 1 0.50314406875 0.559031271875 0.049188603125 0.028967659375 0.48882924687499996 0.0325996828125 0.5501196484374999 0.5182417421875 0.758814059375 1 0.5507072625 1 0.50314406875