1 0.357784375 0.183142021875 0.2997475 0.1798362578125 0.29150375 0.2391211359375 0.35201375 0.24374937343749997 0.357784375 0.183142021875
1 0.416645625 0.1815998328125 0.35761937499999996 0.183583125 0.352838125 0.2428671671875 0.413513125 0.2404427734375 0.416645625 0.1815998328125
1 0.4753425 0.17961570625 0.416645625 0.180938178125 0.41301875 0.24132497968750002 0.47435312500000004 0.2373575609375 0.4753425 0.17961570625
1 0.53403875 0.1780735171875 0.47517750000000003 0.17961570625 0.47418812499999996 0.2384594828125 0.535028125 0.23713700937499999 0.53403875 0.1780735171875
1 0.5929 0.17586967343749998 0.5968568750000001 0.2351537171875 0.6591806250000001 0.235815371875 0.652915625 0.177192146875 0.5929 0.17586967343749998
1 0.534376875 0.177860484375 0.535504375 0.2369791140625 0.597023125 0.234969925 0.593139375 0.1761854640625 0.534376875 0.177860484375
1 0.7119175 0.1781954890625 0.653029375 0.176855471875 0.6585425 0.23614202187500002 0.71981125 0.23781704218750002 0.7119175 0.1781954890625
1 0.719685625 0.2376491234375 0.78070375 0.2401612359375 0.7698031249999999 0.1781954890625 0.711040625 0.17869757656250002 0.719685625 0.2376491234375
1 0.7200618750000001 0.23815204687499997 0.72745375 0.30162573125000003 0.793233125 0.299783625 0.78070375 0.23949122812499998 0.7200618750000001 0.23815204687499997
1 0.6645568749999999 0.2992807015625 0.72858125 0.3014578109375 0.719685625 0.23831913125 0.65916875 0.23630994218749998 0.6645568749999999 0.2992807015625
1 0.59727375 0.23480200468749998 0.6010325 0.29760568125 0.665183125 0.2991136171875 0.6585425 0.23580701718750002 0.59727375 0.23480200468749998
1 0.534878125 0.237147034375 0.536631875 0.30062071874999996 0.601659375 0.2981086046875 0.59714875 0.2346349203125 0.534878125 0.237147034375
1 0.47411062499999995 0.23831913125 0.47323375 0.30112280625 0.537133125 0.29961570625 0.53537875 0.23681202968749998 0.47411062499999995 0.23831913125
1 0.41334312500000003 0.24066416093749998 0.40945937499999996 0.302797828125 0.47348375000000004 0.30078780312500003 0.473985 0.2379841265625 0.41334312500000003 0.24066416093749998
1 0.35270125 0.2430083546875 0.34643625 0.30530994218749996 0.40996 0.3029649125 0.41334312500000003 0.24066416093749998 0.35270125 0.2430083546875
1 0.29180875 0.24032915625 0.2827875 0.304807853125 0.347188125 0.30530994218749996 0.352450625 0.2433433578125 0.29180875 0.24032915625
1 0.27398375 0.3712230578125 0.34001875 0.3727218046875 0.34662187499999997 0.3049390140625 0.282829375 0.3061052625 0.27398375 0.3712230578125
1 0.340516875 0.37255555625 0.406178125 0.370889725 0.409666875 0.30360651562499996 0.34662187499999997 0.305438596875 0.340516875 0.37255555625
1 0.40605375 0.37022389375000003 0.47208875 0.36922472812499996 0.47296125 0.3002756890625 0.40979124999999994 0.30327401875 0.40605375 0.37022389375000003
1 0.538746875 0.36739264843749997 0.537126875 0.299110275 0.47296125 0.3002756890625 0.47196437500000005 0.369390978125 0.538746875 0.36739264843749997
1 0.5386225 0.367558896875 0.60577875 0.36556056875 0.6015425 0.297777778125 0.536878125 0.2996098578125 0.5386225 0.367558896875
1 0.605155625 0.36556056875 0.67268625 0.366893065625 0.66496125 0.29894402656249996 0.601418125 0.29744444375 0.605155625 0.36556056875
1 0.672436875 0.367059315625 0.7390950000000001 0.369390978125 0.72875375 0.30094235625 0.665210625 0.299110275 0.672436875 0.367059315625
1 0.739344375 0.37022389375000003 0.80712375 0.367059315625 0.793044375 0.29861069375 0.72875375 0.30144193750000003 0.739344375 0.37022389375000003
1 0.739344375 0.3703901421875 0.749934375 0.44350292343750003 0.8214518749999999 0.44167084375 0.8068743749999999 0.3672264 0.739344375 0.3703901421875
1 0.672436875 0.366893065625 0.680410625 0.441503759375 0.7503087500000001 0.443169590625 0.73859625 0.36922472812499996 0.672436875 0.366893065625
1 0.6055293749999999 0.36539431875 0.610886875 0.43967167968750004 0.680535625 0.4410041765625 0.672436875 0.367558896875 0.6055293749999999 0.36539431875
1 0.5386225 0.367558896875 0.54049125 0.44050459531249997 0.61113625 0.4398387640625 0.60577875 0.36556056875 0.5386225 0.367558896875
1 0.471715 0.369390978125 0.47084312500000003 0.44233667499999996 0.540241875 0.4406716796875 0.5384975 0.367558896875 0.471715 0.369390978125
1 0.40605375 0.370723475 0.40131937500000003 0.44366917343749995 0.470344375 0.4425029234375 0.47183937499999995 0.369390978125 0.40605375 0.370723475
1 0.340143125 0.3730551375 0.332543125 0.446167084375 0.401568125 0.4445020890625 0.405430625 0.370889725 0.340143125 0.3730551375
1 0.27398375 0.371056809375 0.262894375 0.4446683375 0.332543125 0.4458337515625 0.34001875 0.37238930625 0.27398375 0.371056809375
1 0.26314375 0.4448345859375 0.25055937500000003 0.52394235625 0.323198125 0.52610776875 0.332543125 0.4450016703125 0.26314375 0.4448345859375
1 0.3234475 0.52610776875 0.39683375 0.5247752718750001 0.40131937500000003 0.44366917343749995 0.3326675 0.4458337515625 0.3234475 0.52610776875
1 0.396958125 0.52394235625 0.46909875 0.522443609375 0.47046937499999997 0.44300250625000004 0.40119437500000005 0.44350292343750003 0.396958125 0.52394235625
1 0.4694725 0.522943190625 0.542609375 0.5217777781249999 0.5403668749999999 0.44050459531249997 0.470344375 0.4418370921875 0.4694725 0.522943190625
1 0.542609375 0.5219440265624999 0.615621875 0.5211111109375001 0.61038875 0.4395054296875 0.54049125 0.44033834531249993 0.542609375 0.5219440265624999
1 0.615621875 0.5209448625 0.69025375 0.5219440265624999 0.68028625 0.4411712609375 0.6107625 0.43967167968750004 0.615621875 0.5209448625
1 0.69037875 0.522443609375 0.7626431250000001 0.523276525 0.74981 0.4433358390625 0.680784375 0.4410041765625 0.69037875 0.522443609375
1 0.762768125 0.5234427734375 0.8374 0.5244419375 0.8213275 0.4420033421875 0.750433125 0.44400250625000004 0.762768125 0.5234427734375
1 0.763016875 0.5237761062499999 0.7773456249999999 0.6143751046875 0.854843125 0.6165405171875 0.837275625 0.5242756890625 0.763016875 0.5237761062499999
1 0.6898799999999999 0.522443609375 0.6998475 0.612543025 0.77709625 0.6143751046875 0.763141875 0.5237761062499999 0.6898799999999999 0.522443609375
1 0.615621875 0.5212781953125 0.6221006250000001 0.6108780281249999 0.7003462500000001 0.6120434421875001 0.68950625 0.5217777781249999 0.615621875 0.5212781953125
1 0.542609375 0.5217777781249999 0.54510125 0.61071094375 0.62235 0.61071094375 0.615496875 0.5209448625 0.542609375 0.5217777781249999
1 0.46934750000000003 0.5227769421875 0.46747875 0.611543859375 0.544603125 0.61071094375 0.5423600000000001 0.52144444375 0.46934750000000003 0.5227769421875
1 0.396335 0.524609021875 0.390479375 0.613375940625 0.46785249999999995 0.61187719375 0.46934750000000003 0.5226098578125 0.396335 0.524609021875
1 0.323571875 0.5264402671874999 0.31385375 0.6147084375 0.390479375 0.6135421890625 0.39646 0.5242756890625 0.323571875 0.5264402671874999
1 0.25068437499999996 0.5247752718750001 0.236854375 0.6128763578124999 0.31460125 0.614541353125 0.324319375 0.52627401875 0.25068437499999996 0.5247752718750001
1 0.23697875000000002 0.613375940625 0.22115562500000002 0.713134503125 0.303263125 0.712468671875 0.314476875 0.6148746859374999 0.23697875000000002 0.613375940625
1 0.303263125 0.712468671875 0.38449875 0.71163575625 0.39060375 0.6136558062499999 0.31385375 0.6146549703125 0.303263125 0.712468671875
1 0.384748125 0.7118020046875 0.46561 0.7106365921875 0.46747875 0.61187719375 0.39060375 0.613875521875 0.384748125 0.7118020046875
1 0.465360625 0.7103032578125 0.547095 0.7111361734375 0.5447275 0.6105446953125 0.467105 0.61187719375 0.465360625 0.7103032578125
1 0.54746875 0.710969925 0.629825625 0.7098036765625 0.6221006250000001 0.6112105265625 0.54398 0.6105446953125 0.54746875 0.710969925
1 0.6292025 0.709471178125 0.712058125 0.710969925 0.69947375 0.6117101093749999 0.62235 0.6100451125 0.6292025 0.709471178125
1 0.7000968750000001 0.6120434421875001 0.711559375 0.71163575625 0.794415 0.7126349203125 0.77634875 0.61420885625 0.7000968750000001 0.6120434421875001
1 0.776971875 0.614041771875 0.7937918749999999 0.7118020046875 0.8765224999999999 0.7128020046875 0.8539712500000001 0.6150409359375 0.776971875 0.614041771875
1 0.794664375 0.7128020046875 0.814599375 0.821553884375 0.9028693750000001 0.8223868 0.8762062500000001 0.713134503125 0.794664375 0.7128020046875
1 0.712058125 0.7118020046875 0.72676 0.8203876359375 0.81472375 0.8213876359375 0.79404125 0.7118020046875 0.712058125 0.7118020046875
1 0.629825625 0.7104703421874999 0.63954375 0.8173901421875 0.726884375 0.8188888890625 0.71180875 0.7098036765625 0.629825625 0.7104703421874999
1 0.547593125 0.7111361734375 0.550583125 0.81838930625 0.63954375 0.8167243109375001 0.6292025 0.7093040937499999 0.547593125 0.7111361734375
1 0.46585937499999996 0.7104703421874999 0.46374125 0.8193884718750001 0.550956875 0.818556390625 0.54746875 0.710802840625 0.46585937499999996 0.7104703421874999
1 0.3848725 0.7113024234374999 0.37602625 0.8195555562499999 0.46314062500000003 0.8188888890625 0.4656325 0.7103032578125 0.3848725 0.7113024234374999
1 0.302889375 0.7129682546875 0.289433125 0.8210543031249999 0.376525 0.8197218046874999 0.384249375 0.7114695078125 0.302889375 0.7129682546875
1 0.22128 0.7134678359375 0.20221687500000002 0.8210543031249999 0.288935 0.8202213875 0.30313875 0.7123024234375 0.22128 0.7134678359375
0 0.785563125 0.157456975 0.28125625 0.1533107765625 0.16455375 0.8526716796875 0.940815 0.855204678125 0.785563125 0.157456975