1 0.31510859375 0.050943749999999996 0.24528984375000001 0.0458583328125 0.23472656249999999 0.10919791718750001 0.306434375 0.11266979218749999 0.31510859375 0.050943749999999996
1 0.31528203125 0.050948957812499994 0.3061453125 0.11421354218749999 0.37698515625 0.12154374999999999 0.38247890625 0.058659375 0.31528203125 0.050948957812499994
1 0.38276796874999997 0.0602020828125 0.37785234375 0.120771875 0.44782578125 0.12154374999999999 0.44869296875 0.05904479218749999 0.38276796874999997 0.0602020828125
1 0.44922109375 0.059433332812499996 0.447246875 0.1211572921875 0.51693046875 0.11691354218750001 0.51548515625 0.056344792187500006 0.44922109375 0.059433332812499996
1 0.4476296875 0.1213645828125 0.4452234375 0.187128125 0.518665625 0.1840427078125 0.51664140625 0.1161427078125 0.4476296875 0.1213645828125
1 0.37732031250000003 0.1200927078125 0.37264765624999996 0.1875145828125 0.4455125 0.1879 0.4469578125 0.1211572921875 0.37732031250000003 0.1200927078125
1 0.30701015625 0.1137291671875 0.29776015624999996 0.18095624999999999 0.37264765624999996 0.1867427078125 0.37785234375 0.120771875 0.30701015625 0.1137291671875
1 0.23472656249999999 0.10842708281249999 0.22200390625000002 0.1767125 0.29718125 0.18095624999999999 0.306434375 0.1118989578125 0.23472656249999999 0.10842708281249999
1 0.28693828125 0.25649687499999996 0.29714765625 0.1807520828125 0.22101406250000002 0.177409375 0.20742421875 0.252253125 0.28693828125 0.25649687499999996
1 0.29734765625000004 0.180109375 0.28722734375000003 0.2561114578125 0.366453125 0.260740625 0.3722359375 0.18782604218750001 0.29734765625000004 0.180109375
1 0.372865625 0.18711458281249999 0.366453125 0.2595833328125 0.44336562500000004 0.2588114578125 0.44509999999999994 0.1870541671875 0.372865625 0.18711458281249999
1 0.445403125 0.18838749999999999 0.44278671875000003 0.25996874999999997 0.51969921875 0.2576541671875 0.51912109375 0.1839677078125 0.445403125 0.18838749999999999
1 0.59160390625 0.1847583328125 0.5192125 0.18414583281250002 0.51989609375 0.2572875 0.59680859375 0.25767291718749996 0.59160390625 0.1847583328125
1 0.58739375 0.1165239578125 0.5166984375 0.11670208281250001 0.5176968750000001 0.18451666718749998 0.5921929687499999 0.18421145781249998 0.58739375 0.1165239578125
1 0.51609765625 0.056154167187500006 0.51723984375 0.1153041671875 0.587165625 0.11621875 0.5832804687500001 0.0558489578125 0.51609765625 0.056154167187500006
1 0.5823101562499999 0.0562885421875 0.586828125 0.11784583281250001 0.6568703124999999 0.1170635421875 0.64963125 0.056499999999999995 0.5823101562499999 0.0562885421875
1 0.5866328125 0.116996875 0.59230625 0.18356354218749998 0.66547890625 0.1853916671875 0.65745703125 0.116996875 0.5866328125 0.116996875
1 0.673696875 0.2592635421875 0.6650890625 0.1848645828125 0.5917203125 0.1846041671875 0.597003125 0.2597854171875 0.673696875 0.2592635421875
1 0.7384570312500001 0.18643125 0.6650890625 0.1851260421875 0.6738929687499999 0.2603072921875 0.7507828125 0.26161249999999997 0.7384570312500001 0.18643125
1 0.7273046875 0.1167322921875 0.65743984375 0.11570416718750001 0.6652843749999999 0.1846041671875 0.7388484375 0.186953125 0.7273046875 0.1167322921875
1 0.649475 0.0557145828125 0.6573179687499999 0.11681458281249998 0.72755625 0.11629166718749999 0.7160124999999999 0.0549458328125 0.649475 0.0557145828125
1 0.716209375 0.05542708281249999 0.7269687499999999 0.11733645781249999 0.79564140625 0.1196854171875 0.78214140625 0.0583395828125 0.716209375 0.05542708281249999
1 0.72761875 0.1168520828125 0.7387078125000001 0.1862520828125 0.8099234375 0.1870354171875 0.79564140625 0.1191635421875 0.72761875 0.1168520828125
1 0.7389476562499999 0.18674583281249998 0.75046796875 0.2612166671875 0.8275039062499999 0.262828125 0.81059921875 0.1874302078125 0.7389476562499999 0.18674583281249998
1 0.8468234375 0.3456364578125 0.82702109375 0.26250625 0.7512479671875 0.261866009375 0.7651992187500001 0.3446697921875 0.8468234375 0.3456364578125
1 0.67384765625 0.2607916671875 0.6847828125000001 0.3424145828125 0.765440625 0.3446697921875 0.7509515625 0.2608947921875 0.67384765625 0.2607916671875
1 0.59732265625 0.258665625 0.6029171875 0.3411260421875 0.6845414062499999 0.3417697921875 0.67415703125 0.259928125 0.59732265625 0.258665625
1 0.52 0.25760312500000004 0.52198671875 0.3397364578125 0.603128125 0.3416697921875 0.59733203125 0.26015 0.52 0.25760312500000004
1 0.519571875 0.257571875 0.44350234374999997 0.260471875 0.43963828125 0.341346875 0.52150390625 0.338446875 0.519571875 0.257571875
1 0.36656171875 0.2615677078125 0.35883359375 0.342121875 0.44021640624999997 0.342121875 0.44335546875 0.2609239578125 0.36656171875 0.2615677078125
1 0.2872359375 0.2565395828125 0.2754671875 0.339834375 0.35878125 0.3420895828125 0.36675078125 0.2621802078125 0.2872359375 0.2565395828125
1 0.20724296875 0.25445625 0.19202890625 0.3391989578125 0.2751015625 0.3404875 0.286934375 0.2560677078125 0.20724296875 0.25445625
1 0.1923765625 0.3390875 0.1742515625 0.43192812500000005 0.26287890625 0.43224999999999997 0.27591953125 0.3407416671875 0.1923765625 0.3390875
1 0.35923359375 0.342353125 0.27634140625 0.340859375 0.26167109375000003 0.43224999999999997 0.35053984374999997 0.4328947921875 0.35923359375 0.342353125
1 0.44044531249999996 0.3416135421875 0.3595453125 0.34193645781250004 0.35061015625 0.43344479218750004 0.43730546875 0.433121875 0.44044531249999996 0.3416135421875
1 0.5215390625 0.3394239578125 0.43967343750000004 0.3420020828125 0.43653437500000003 0.4331875 0.5237125 0.43254374999999995 0.5215390625 0.3394239578125
1 0.6031859374999999 0.3413895828125 0.5223914062499999 0.3394427078125 0.5232523437500001 0.431609375 0.6092234375000001 0.43257604218749995 0.6031859374999999 0.3413895828125
1 0.6037 0.340859375 0.6096125 0.431934375 0.69606640625 0.43354479218749997 0.6842328125 0.3413927078125 0.6037 0.340859375
1 0.6847421875 0.3422760421875 0.6963078125 0.43290104218750003 0.7817953125 0.43547812500000005 0.76537421875 0.3439697921875 0.6847421875 0.3422760421875
1 0.765253125 0.34475625 0.7815640625 0.4356354171875 0.8670515625 0.43789166718750006 0.845559375 0.34541666718749997 0.765253125 0.34475625
1 0.781640625 0.4351822921875 0.8012445312500001 0.5376624999999999 0.89219140625 0.5410927078125 0.8658390624999999 0.43775520781250005 0.781640625 0.4351822921875
1 0.6958875 0.4342739578125 0.70997578125 0.53551875 0.80220859375 0.5372343749999999 0.7813195312500001 0.43646874999999996 0.6958875 0.4342739578125
1 0.6099625 0.43238750000000004 0.6177953125 0.5338427078125 0.7106703125 0.5355572921875 0.69620859375 0.4335052078125 0.6099625 0.43238750000000004
1 0.6177953125 0.5342708328125 0.6274359375 0.6513312499999999 0.7264171875 0.6526177078125001 0.71034921875 0.5347000000000001 0.6177953125 0.5342708328125
1 0.70938515625 0.536415625 0.725453125 0.653475 0.8260414062500001 0.6551895828125 0.8019390625 0.5372729171875 0.70938515625 0.536415625
1 0.802675 0.5384677078125 0.82507734375 0.6564760421875 0.9198812500000001 0.65561875 0.8919218750000001 0.5402739578125 0.802675 0.5384677078125
1 0.8260132812500001 0.6544489578125 0.84821640625 0.7906875 0.95105390625 0.7915447921875 0.92020234375 0.6569052078125 0.8260132812500001 0.6544489578125
1 0.72629765625 0.6520916671875 0.7444140625 0.7894010421875 0.84789453125 0.7915447921875 0.82507734375 0.65561875 0.72629765625 0.6520916671875
1 0.62693515625 0.6511489578125 0.6371445312499999 0.7888145828125 0.745125 0.7901010421875 0.7252 0.6520302078125 0.62693515625 0.6511489578125
1 0.5229765625 0.4314447921875 0.5250078125 0.5341895828125 0.6178828125 0.5341895828125 0.6098484375 0.433853125 0.5229765625 0.4314447921875
1 0.5254515625 0.534225 0.5288640625000001 0.649534375 0.62816640625 0.6525354171875 0.61820390625 0.5341895828125 0.5254515625 0.534225
1 0.5289875 0.649734375 0.53111328125 0.786746875 0.6368437499999999 0.7884625 0.62720234375 0.651678125 0.5289875 0.649734375
1 0.341078125 0.5353666671874999 0.3290015625 0.6537843750000001 0.42775546875000003 0.6537843750000001 0.43210703125 0.5358677078125 0.341078125 0.5353666671874999
1 0.3400484375 0.5367604171875 0.24765546875000002 0.5354208328125 0.22924375000000002 0.655125 0.3293359375 0.6533385421875 0.3400484375 0.5367604171875
1 0.26271953125 0.43224375000000004 0.24765546875000002 0.5363145828125 0.341053125 0.5372072921875 0.35009140625 0.4331364578125 0.26271953125 0.43224375000000004
1 0.3506546875 0.43223229218750003 0.3413875 0.5367604171875 0.43378125 0.5363145828125 0.437128125 0.43135 0.3506546875 0.43223229218750003
1 0.5256984375 0.534559375 0.43353046875 0.5358572921875 0.42861796874999997 0.650690625 0.5283765625 0.65024375 0.5256984375 0.534559375
1 0.4283734375 0.6522510421875001 0.42426640625 0.7873666671875 0.53071953125 0.7873666671875 0.5280414062500001 0.649796875 0.4283734375 0.6522510421875001
1 0.32892343749999997 0.653725 0.31714375 0.790046875 0.42393125 0.7869197921875 0.42928750000000004 0.6533697921875 0.32892343749999997 0.653725
1 0.22984062500000002 0.6551979171875 0.20767734375 0.7931739578125 0.31781328124999997 0.7918333328125 0.33019921874999997 0.6538166671875 0.22984062500000002 0.6551979171875
1 0.23010625 0.6547104171875 0.13135234375 0.656496875 0.10256328125 0.7913864578124999 0.20868203125 0.79049375 0.23010625 0.6547104171875
1 0.17422265625 0.43174166718749996 0.15438593750000001 0.5366947921875 0.24778359375 0.5366947921875 0.2638515625 0.43217708281249995 0.17422265625 0.43174166718749996
1 0.15237734375 0.538034375 0.12961328125 0.6568458328125 0.229371875 0.6555052078125 0.248453125 0.5371416671875 0.15237734375 0.538034375
1 0.43709375 0.4326791671875 0.43326640625 0.5353197921875 0.5262875 0.534565625 0.52289453125 0.4315760421875 0.43709375 0.4326791671875