1 0.3939605390625 0.72955585625 0.44730471875 0.726858596875 0.43847971093749993 0.6759459265625 0.387835509375 0.6807213187500001 0.3939605390625 0.72955585625
1 0.388331775 0.68020705 0.439619540625 0.6757725578125 0.42896169687499996 0.62440711875 0.37742499375 0.6307827546875 0.388331775 0.68020705
1 0.36752519375000003 0.5826683890625 0.3772097875 0.63066875625 0.42849021093750006 0.6250643484375 0.41646091875 0.57478578125 0.36752519375000003 0.5826683890625
1 0.3565689703125 0.532958853125 0.365815903125 0.582928371875 0.41610575625 0.57498653125 0.40568687031249995 0.5238775015625 0.3565689703125 0.532958853125
1 0.40552213593750003 0.5240492890625 0.3956067390625 0.4735952265625 0.346050265625 0.48464586406250004 0.3556690078125 0.5333884953125 0.40552213593750003 0.5240492890625
1 0.3950117078125 0.473539703125 0.38670774531249996 0.422255725 0.3376126609375 0.43484600625000003 0.346050265625 0.48464586406250004 0.3950117078125 0.473539703125
1 0.38670774531249996 0.422255725 0.378692065625 0.371512715625 0.32949728125 0.38689971875 0.3374231453125 0.43487483125 0.38670774531249996 0.422255725
1 0.3785264203125 0.37168463906250004 0.37082483125 0.3216261046875 0.32137365 0.3377836515625 0.3300173 0.386527865625 0.3785264203125 0.37168463906250004
1 0.3785264203125 0.37168463906250004 0.43074343125 0.3568629625 0.41911967812500006 0.303302365625 0.37027912343749997 0.32185513593750004 0.3785264203125 0.37168463906250004
1 0.387112353125 0.4223402140625 0.439716646875 0.40863066249999996 0.4304796921875 0.3564635890625 0.379047346875 0.3713126484375 0.387112353125 0.4223402140625
1 0.39536686875 0.47333895156250005 0.44731841718750004 0.4614852359375 0.4390977453125 0.4084320390625 0.387062909375 0.4220549734375 0.39536686875 0.47333895156250005
1 0.405926740625 0.5241337765625 0.45895948750000004 0.514018190625 0.44762425625 0.46099993125000005 0.395672709375 0.47285364531249996 0.405926740625 0.5241337765625
1 0.41679154062499996 0.5744434359375 0.46983976250000004 0.5666668640625 0.4589100453125 0.5137329515625 0.40673606875 0.5243034375 0.41679154062499996 0.5744434359375
1 0.42865597656250004 0.6248931062499999 0.482529240625 0.6196265750000001 0.47019504375 0.5664667953125 0.41646091875 0.57478578125 0.42865597656250004 0.6248931062499999
1 0.4391407125 0.6752598703125 0.49361635000000004 0.6712187796875 0.482810296875 0.6189983078125 0.4295147453125 0.6253480046875 0.4391407125 0.6752598703125
1 0.447470365625 0.726686671875 0.50421659375 0.724496265625 0.49364112968749996 0.6713617421875 0.4392395953125 0.6758303484375 0.447470365625 0.726686671875
1 0.5043566687500001 0.7241822 0.5598475359374999 0.7226208187500001 0.5510162390625 0.6671724015625 0.4939551046875 0.6720455328125 0.5043566687500001 0.7241822
1 0.49378945625000004 0.6722174562500001 0.5518007859375 0.6671990984375 0.540144240625 0.61232713125 0.4816456890625 0.6190287171875 0.49378945625000004 0.6722174562500001
1 0.48205040937500004 0.6191138875 0.5393101312499999 0.6120145109374999 0.5283236312499999 0.55762544375 0.47019504375 0.5664667953125 0.48205040937500004 0.6191138875
1 0.5280343203125 0.55708393125 0.5167164078125001 0.5030380296875 0.4587938421875 0.514190115625 0.46981510000000004 0.5665245859375 0.5280343203125 0.55708393125
1 0.45945484375 0.5135040609375 0.5160728453125001 0.5026971296875 0.5047548140625 0.4486505453125 0.4471783421875 0.46179930156250004 0.45945484375 0.5135040609375
1 0.4468890296875 0.4612577875 0.5045643875 0.44867951093749997 0.49556823593750005 0.3934021921875 0.43874246406250006 0.40863210624999996 0.4468890296875 0.4612577875
1 0.439048303125 0.4081468015625 0.49454381875 0.3931192203125 0.4859596125 0.3390963109375 0.43121491562500003 0.35620573125 0.439048303125 0.4081468015625
1 0.4871663234375 0.338181225 0.474774434375 0.2835664296875 0.41826916093750005 0.304017246875 0.43071865000000004 0.3567200015625 0.4871663234375 0.338181225
1 0.4871663234375 0.338181225 0.5468430625 0.3191513078125 0.5333699703125 0.2627983828125 0.47510505312499995 0.283224084375 0.4871663234375 0.338181225
1 0.495328484375 0.393146603125 0.557019296875 0.37673723125 0.5467020765624999 0.31946551093750003 0.4868358234375 0.338524253125 0.495328484375 0.393146603125
1 0.50465605 0.4480807515625 0.566172028125 0.43404004062499996 0.5569451937500001 0.37630971406249997 0.49502264531250006 0.393631909375 0.50465605 0.4480807515625
1 0.515981184375 0.5032958875 0.5779422609375 0.4918230046875 0.5663624546875 0.434011078125 0.5047301531249999 0.44850826875000005 0.515981184375 0.5032958875
1 0.5278942468750001 0.5573979953125 0.5888050734375 0.5488650093749999 0.5769928578125 0.49196740937500005 0.5161963921875 0.5034098859375 0.5278942468750001 0.5573979953125
1 0.5398136203125 0.612669475 0.6025171234375 0.6054743484375 0.591060071875 0.548375996875 0.5286789125 0.557425378125 0.5398136203125 0.612669475
1 0.5522301734374999 0.6674265484374999 0.6153036390625 0.6623711890624999 0.602657196875 0.6051602843749999 0.540004046875 0.6126405109374999 0.5522301734374999 0.6674265484374999
1 0.5609627046875 0.7223051734375 0.6234647484375 0.7207023984375 0.6151132125000001 0.662400153125 0.5520645265625 0.6675984734375 0.5609627046875 0.7223051734375
1 0.6236551734375 0.7206734359375 0.690980275 0.7187765625 0.6842318046875 0.6584739390625 0.6160955296874999 0.66356780625 0.6236551734375 0.7206734359375
1 0.684537525 0.6579879515625 0.67096739375 0.5976978953125001 0.6023266953124999 0.6055033125 0.6152367578125 0.6631129078125 0.684537525 0.6579879515625
1 0.6917155 0.7185187078124999 0.7676464453125 0.7167759765625 0.7596116625 0.6524243546874999 0.6843480093750001 0.6580167765625 0.6917155 0.7185187078124999
1 0.6715872046875 0.59789638125 0.683968065625 0.6580745671875 0.759305825 0.652909659375 0.7464799859375 0.590164328125 0.6715872046875 0.59789638125
1 0.670753215625 0.59758444375 0.6581159609375 0.538176803125 0.59076328125 0.548713896875 0.6026250578125001 0.6058974203124999 0.670753215625 0.59758444375
1 0.7328448187500001 0.5272493375 0.658000546875 0.53863314375 0.670381525 0.5988120125 0.7457200984375 0.5902799078125 0.7328448187500001 0.5272493375
1 0.64566913125 0.478740196875 0.577793934375 0.490967290625 0.5896144015625 0.5490346703125 0.6566950703125001 0.5389784359375 0.64566913125 0.478740196875
1 0.6454787046875 0.4787691609375 0.6335272296875 0.418818425 0.5652720671875 0.4344696828125 0.5770587093749999 0.4912251453125 0.6454787046875 0.4787691609375
1 0.633668215625 0.41850422343749993 0.6230214265625 0.358209015625 0.55618530625 0.37642529375 0.565436803125 0.43429789531249996 0.633668215625 0.41850422343749993
1 0.6230955296875 0.35863653125 0.61207705 0.29956889375 0.547156121875 0.3198352390625 0.5568297828125 0.37676605625000004 0.6230955296875 0.35863653125
1 0.6127380515625 0.2988828390625 0.601901628125 0.238615771875 0.5326100828125 0.2629139625 0.54663610625 0.32020709062499997 0.6127380515625 0.2988828390625
1 0.6230955296875 0.35863653125 0.6962671390625 0.33872508125 0.685390459375 0.2759760421875 0.6132589828125 0.2985108453125 0.6230955296875 0.35863653125
1 0.6129037 0.2987109140625 0.685365796875 0.27583376406250004 0.67401854375 0.2137418171875 0.6009522265625 0.238760178125 0.6129037 0.2987109140625
1 0.6347586015625 0.418045615625 0.706194415625 0.40161852500000006 0.694392084375 0.3391563046875 0.6231697515625 0.35906473125 0.6347586015625 0.418045615625
1 0.645595028125 0.47831268125 0.7192592109375 0.46462026874999995 0.7066896546875 0.40110371093749997 0.6334531265625001 0.41839090937499995 0.645595028125 0.47831268125
1 0.658165403125 0.538462040625 0.732464875 0.5273071265625 0.7191191390625 0.4649343328125 0.6454540421875 0.47862688281250004 0.658165403125 0.538462040625
1 0.768786275 0.716602609375 0.8521825625 0.7151888984375 0.84229923125 0.648044121875 0.76016459375 0.6533645578125 0.768786275 0.716602609375
1 0.7599000625000001 0.65296600625 0.84327329375 0.6480419937499999 0.829375440625 0.5813618 0.7462895578125 0.5901932921874999 0.7599000625000001 0.65296600625
1 0.828640215625 0.5816196546875 0.8148421609375 0.515509796875 0.7323001390625 0.5274789125 0.7457200984375 0.5902799078125 0.828640215625 0.5816196546875
1 0.8144868796875 0.5157098640625 0.8012079265625 0.44922829062499997 0.7185239859375 0.464878125 0.7330600265625 0.5273633328125 0.8144868796875 0.5157098640625
1 0.800877425 0.44957131875 0.7881687265624999 0.383002309375 0.7075237624999999 0.40141633125 0.7195897125 0.464277240625 0.800877425 0.44957131875
1 0.7881935078125 0.3831452703125 0.774873246875 0.3175475546875 0.695127309375 0.33889844999999996 0.7068874218750001 0.40224466249999996 0.7881935078125 0.3831452703125
1 0.6958377546875 0.33849763125 0.775063675 0.3175185921875 0.762908025 0.2518904703125 0.6853244890625 0.276717621875 0.6958377546875 0.33849763125
1 0.7639243078125 0.251004346875 0.7517438796875 0.1852332625 0.6737621468749999 0.21451235937500002 0.685390459375 0.2759760421875 0.7639243078125 0.251004346875
1 0.7642300296875 0.2505183578125 0.84730669375 0.2225136328125 0.833815290625 0.1525512703125 0.7523133375 0.185146646875 0.7642300296875 0.2505183578125
1 0.7759884140625 0.317231909375 0.8600391203125 0.292591434375 0.8476124140625 0.22202764375 0.7629739953125 0.2511488890625 0.7759884140625 0.317231909375
1 0.7879297671875001 0.382745896875 0.8726717531249999 0.36209889687499996 0.8597745890624999 0.29219288125 0.7751131171875 0.3178038296875 0.7879297671875001 0.382745896875
1 0.8870961484375 0.43294435781249996 0.8720281890624999 0.361757996875 0.7870783390625 0.38346091718749997 0.8008279828125 0.4492860796875 0.8870961484375 0.43294435781249996
1 0.8145528484375 0.514968284375 0.9018437046875001 0.5022768703125 0.8867583078125 0.4321174671875 0.800852646875 0.44942835781249996 0.8145528484375 0.514968284375
1 0.828640215625 0.5816196546875 0.9175983578125001 0.5729199984375 0.9021247640625001 0.5016486046875 0.8143879953125 0.5151393859375 0.828640215625 0.5816196546875
1 0.842439303125 0.647730059375 0.9315859062499999 0.6423674078125 0.9171195296875 0.5724073109375001 0.8288800859375 0.5818759296875 0.842439303125 0.647730059375
1 0.8539833937499999 0.7143294734375 0.946911175 0.712783084375 0.9322295890625 0.6427089921875 0.8428933515624999 0.6480997828125 0.8539833937499999 0.7143294734375
0 0.9753156578125 0.72573648125 0.85592619375 0.11751621718750001 0.2980791640625 0.325716459375 0.3760588375 0.7441062921875 0.9749720609375 0.7350136125 0.9753156578125 0.72573648125