1 0.042862546875000004 0.1743578015625 0.113582634375 0.2778788625 0.21083197656250002 0.2523780203125 0.1551932046875 0.150762746875 0.042862546875000004 0.1743578015625
1 0.1552928609375 0.1511894375 0.2109138046875 0.2522453203125 0.310631140625 0.24268346406250002 0.26771715625 0.1364721765625 0.1552928609375 0.1511894375
1 0.267184746875 0.1370182 0.311275303125 0.24382648750000002 0.410251790625 0.22911085312499999 0.377911259375 0.12351432031250001 0.267184746875 0.1370182
1 0.3114458140625 0.24304916250000003 0.3480904921875 0.329579 0.43699487656249997 0.316572734375 0.41120776406250004 0.22899029375 0.3114458140625 0.24304916250000003
1 0.21099018906250003 0.2530205125 0.257705015625 0.3379868546875 0.34710511093749996 0.3287122796875 0.311117353125 0.24276025625000003 0.21099018906250003 0.2530205125
1 0.11308709531250001 0.277270346875 0.1691862078125 0.3622092546875 0.25737655625 0.3376979484375 0.211411375 0.2525889890625 0.11308709531250001 0.277270346875
1 0.403560084375 0.46366738124999995 0.42433063125 0.5162914203125 0.4931174203125 0.506995315625 0.4775182171875 0.45266269374999996 0.403560084375 0.46366738124999995
1 0.32587274375 0.46756298906250005 0.353406271875 0.52168776875 0.4238856328125 0.5155762890625 0.40237935937499997 0.4630409734375 0.32587274375 0.46756298906250005
1 0.2511958703125 0.478147121875 0.2842808484375 0.5356740890625 0.35282294375 0.5209623515625 0.3258105359375 0.46729663749999995 0.2511958703125 0.478147121875
1 0.294852796875 0.408250390625 0.32691478281249997 0.46848024375 0.40271012968750003 0.46291490468749996 0.3773114 0.4017596359375 0.294852796875 0.408250390625
1 0.3776000140625 0.4015985796875 0.402532359375 0.4631839015625 0.47787720624999996 0.4519154 0.45946853593750003 0.3899244515625 0.3776000140625 0.4015985796875
1 0.3469552484375 0.3288359578125 0.377391196875 0.40247378593749994 0.45895237499999997 0.39092126875 0.43713021406249997 0.316418871875 0.3469552484375 0.3288359578125
1 0.3770343296875 0.40249683750000004 0.3476512109375 0.32893781875 0.25745805312500003 0.3377355171875 0.2947653109375 0.4080620515625 0.3770343296875 0.40249683750000004
1 0.25268971875 0.4793838078125 0.32646146875 0.46757818437500004 0.2946156625 0.40839616406249996 0.21370416875 0.4249303765625 0.25268971875 0.4793838078125
1 0.16937981875000002 0.360902275 0.214682940625 0.42557964843749996 0.2947527640625 0.40898319218749996 0.258041384375 0.33846093593750004 0.16937981875000002 0.360902275
1 0.6405657875 0.5751282359375 0.645352803125 0.6149354515625001 0.700763303125 0.6050014453125 0.70162226875 0.5671591203124999 0.6405657875 0.5751282359375
1 0.636206159375 0.53259966875 0.6401650296875 0.5747771296875 0.7013529890625 0.5668617 0.70094468125 0.522929865625 0.636206159375 0.53259966875
1 0.6312730296875 0.4853137515625 0.63688753125 0.533645934375 0.7007042593749999 0.5239840359375 0.7009061484375 0.47324221718750004 0.6312730296875 0.4853137515625
1 0.6257753859374999 0.42813785 0.6316791796875 0.48611863125 0.700678084375 0.474520978125 0.7013553171875 0.41816980781249996 0.6257753859374999 0.42813785
1 0.62652244375 0.42946536249999995 0.5525130468749999 0.44148731718749995 0.5631916875 0.4956195140625 0.6318016 0.48600840781250004 0.62652244375 0.42946536249999995
1 0.6321742578125 0.4854360390625 0.5630484890624999 0.4959405015625 0.5722146953125 0.5435969859374999 0.636668815625 0.5335795625 0.6321742578125 0.4854360390625
1 0.6363978109375 0.532861528125 0.5725136484375 0.54402145 0.579955571875 0.5847200109374999 0.640116340625 0.5746646875 0.6363978109375 0.532861528125
1 0.64030195625 0.5748279484375 0.58004438125 0.5851002656250001 0.587738596875 0.6243589765625 0.6451217437500001 0.615031571875 0.64030195625 0.5748279484375
1 0.5802835859375 0.58515541875 0.52058999375 0.5953195250000001 0.5312205343749999 0.6326295843749999 0.587837446875 0.6244417437500001 0.5802835859375 0.58515541875
1 0.507005853125 0.5542008953125 0.5197957890625 0.5950734703125 0.580204846875 0.5848793984375 0.5722490578125 0.543179571875 0.507005853125 0.5542008953125
1 0.49448106562499994 0.507517375 0.5077041109375 0.55466469375 0.5723403984375001 0.5435648343749999 0.5624581390625 0.4955778796875 0.49448106562499994 0.507517375
1 0.45869032499999995 0.6017881609375 0.4737046921875 0.6418166015625 0.5308272656249999 0.63312534375 0.519784115625 0.5951049734375 0.45869032499999995 0.6017881609375
1 0.39836721875 0.6103452515625001 0.41643981874999997 0.647771353125 0.47354526249999995 0.64184693125 0.459378178125 0.601881496875 0.39836721875 0.6103452515625001
1 0.33931931249999997 0.6307847093750001 0.36104375625 0.6688630765625 0.41650789843749997 0.6484557015625 0.3977376703125 0.6097915125 0.33931931249999997 0.6307847093750001
1 0.314525465625 0.588125503125 0.3400581546875 0.63109345625 0.39711569375 0.61017521875 0.376126203125 0.5672003812499999 0.314525465625 0.588125503125
1 0.37702447656250004 0.5674787968749999 0.397309515625 0.6100971656249999 0.45903797500000004 0.6020981234375 0.441997525 0.560282709375 0.37702447656250004 0.5674787968749999
1 0.44240783281249996 0.5613265515625 0.45905049687500005 0.60261734375 0.5195242109375 0.5947051078125 0.507750528125 0.5542843375000001 0.44240783281249996 0.5613265515625
1 0.5083401359375 0.5546699765625001 0.4934740296875 0.5074280265625 0.4241924734375 0.5154437921875 0.44299744218750003 0.561712190625 0.5083401359375 0.5546699765625001
1 0.35398100625 0.5216168625 0.37766356874999996 0.56807921875 0.44205785468750003 0.5605439296875 0.4236050921875 0.5157806515625001 0.35398100625 0.5216168625
1 0.284460184375 0.53574063125 0.3149468265625 0.589216659375 0.377244440625 0.5677105609375 0.3543682921875 0.5204203640625 0.284460184375 0.53574063125
1 0.478286278125 0.45288993125 0.494296396875 0.5071864703125 0.5628723859375 0.49542220312499996 0.5527555546875 0.44192618125000005 0.478286278125 0.45288993125
1 0.6201467968750001 0.36449977499999997 0.6263930078125 0.4292108828125 0.7008820250000001 0.41793590781249995 0.70116414375 0.35125897031250003 0.6201467968750001 0.36449977499999997
1 0.5406447015625 0.3796247359375 0.5527417953125 0.4417741484375 0.62599836875 0.4285804265625 0.6196468562499999 0.36350867187499997 0.5406447015625 0.3796247359375
1 0.460318740625 0.3923716296875 0.4773182859375 0.45250215625 0.552584025 0.4421491515625 0.540739878125 0.3788827921875 0.460318740625 0.3923716296875
1 0.4363248875 0.316454034375 0.4593802171875 0.391528021875 0.5409733984375 0.3786837140625 0.5262200015625 0.30321993593749996 0.4363248875 0.316454034375
1 0.41029234375 0.22913608124999998 0.4369659921875 0.3179709984375 0.526259853125 0.3040249546875 0.50833165625 0.212764896875 0.41029234375 0.22913608124999998
1 0.378172375 0.12422783125 0.4101072125 0.22955106249999999 0.5087428593750001 0.21369326718749998 0.4877430125 0.10528309531249999 0.378172375 0.12422783125
1 0.4869328484375 0.105437225 0.507705975 0.2125041671875 0.6046867 0.19376845625 0.596704146875 0.08493342968749999 0.4869328484375 0.105437225
1 0.5085167875 0.2123499125 0.5259891484375 0.30407645781250003 0.613404525 0.2882595421875 0.6057603687500001 0.19498990624999998 0.5085167875 0.2123499125
1 0.5268700046875 0.305429759375 0.5394811984375 0.37755012187500003 0.6196048328125 0.36420756249999997 0.613404525 0.2882595421875 0.5268700046875 0.305429759375
1 0.614360815625 0.2869676046875 0.6203238 0.36391613125 0.700973496875 0.35011385625 0.7015816234375001 0.271915203125 0.614360815625 0.2869676046875
1 0.6048432921875 0.1945320484375 0.6136950828125001 0.28742003125000004 0.701928890625 0.27346610312499997 0.7034526484375 0.1793939390625 0.6048432921875 0.1945320484375
1 0.7050452046875 0.0660057375 0.702790615625 0.179117246875 0.7986939796875 0.1600667296875 0.8126572765625 0.045935603125 0.7050452046875 0.0660057375
1 0.5964113531249999 0.0842588890625 0.606167153125 0.1950845546875 0.70339153125 0.1798219328125 0.7048653328125 0.0652355921875 0.5964113531249999 0.0842588890625
1 0.8121367171875 0.0452083109375 0.7984607640625 0.15943484531250002 0.900352496875 0.16540753749999998 0.9251702500000001 0.0540284390625 0.8121367171875 0.0452083109375
1 0.8621159625000001 0.3266483890625 0.8801295921875001 0.253167878125 0.7878416328125 0.254256390625 0.779499975 0.33400684531249997 0.8621159625000001 0.3266483890625
1 0.7992836953125 0.1595390875 0.7888872796874999 0.25458089375 0.8801403343749999 0.2523816 0.9001883078124999 0.1654378609375 0.7992836953125 0.1595390875
1 0.7989704468750001 0.15985948125 0.7033437734375 0.17988226406250002 0.7016298187500001 0.2722263171875 0.7891002609375 0.254881703125 0.7989704468750001 0.15985948125
1 0.7887259703125 0.2540240921875 0.7019571296875 0.272099990625 0.70085 0.35125833906250004 0.7797547312499999 0.33369208906250003 0.7887259703125 0.2540240921875
1 0.7007030000000001 0.35078026093750003 0.7014147281249999 0.4188228625 0.77458206875 0.40395502812500006 0.7800653765625001 0.3327901890625 0.7007030000000001 0.35078026093750003
1 0.8619684609375 0.3256785390625 0.779616953125 0.3334950171875 0.7746837703125 0.40439048125 0.849707253125 0.39660281406250003 0.8619684609375 0.3256785390625
1 0.7011059875 0.4181760625 0.701394925 0.4739032640625 0.770606959375 0.4642279375 0.7750117515625 0.40308264375 0.7011059875 0.4181760625
1 0.7747638671875 0.4033366140625 0.7703063375 0.46368574375 0.8396176562500001 0.4606396703125 0.8502079703125001 0.3974546734375 0.7747638671875 0.4033366140625
1 0.70010973125 0.47417979531250004 0.700420775 0.5235355828125 0.765905471875 0.5143543203125 0.7709053078125 0.46325883125 0.70010973125 0.47417979531250004
1 0.7707468609375 0.4631187671875 0.765532190625 0.5147145046875 0.831602965625 0.5136182218750001 0.8406211625 0.46120279374999995 0.7707468609375 0.4631187671875
1 0.7658244859375001 0.5138096921875001 0.760661840625 0.5553761890625 0.8230812859375 0.5620106984375 0.83114516875 0.5134390234375 0.7658244859375001 0.5138096921875001
1 0.765538596875 0.5142035796875 0.7011831015625 0.523560759375 0.7013334625 0.5668333875 0.7604591890625 0.5551603468749999 0.765538596875 0.5142035796875
1 0.7013180734375 0.5667384 0.7008952765625 0.604856459375 0.756985396875 0.5937234140625 0.7609259359375 0.5553982375000001 0.7013180734375 0.5667384
1 0.7609259359375 0.5553982375000001 0.757410415625 0.5937651765624999 0.814659346875 0.6030808515625 0.8227248140625001 0.5604523984374999 0.7609259359375 0.5553982375000001
0 0.94099015625 0.032260423437500005 0.0114163390625 0.1541205859375 0.0153550984375 0.20729383750000002 0.352196053125 0.6964498234375001 0.8276984140625 0.625857671875 0.9533009281249999 0.08497090625 0.94099015625 0.032260423437500005