1 0.6449734453125 0.15940249374999998 0.6495093093750001 0.22207376874999998 0.7047880828124999 0.221798809375 0.697249803125 0.1618019890625 0.6449734453125 0.15940249374999998
1 0.6533724624999999 0.22234416875 0.6682648546875 0.28354118437500003 0.7213344375 0.2799364375 0.7041023328125 0.22216922499999997 0.6533724624999999 0.22234416875
1 0.670225153125 0.28320164999999997 0.6862044859374999 0.345975534375 0.7375972828124999 0.340392190625 0.721720990625 0.2805797109375 0.670225153125 0.28320164999999997
1 0.6862044859374999 0.345975534375 0.7014917578125 0.41155046406249995 0.7542466796875 0.401491221875 0.7390770890625 0.34018170468750003 0.6862044859374999 0.345975534375
1 0.7723395234375 0.46220328593750004 0.7544145265625 0.40107295 0.7011197046875 0.41221053124999996 0.7167197609375 0.47807535625 0.7723395234375 0.46220328593750004
1 0.7879249421875001 0.5267641015625 0.772149815625 0.463748421875 0.7167197609375 0.47807535625 0.732131021875 0.5454850718750001 0.7879249421875001 0.5267641015625
1 0.8065063296874999 0.5910804171875 0.788850346875 0.5263286109374999 0.7323717249999999 0.5454204265625 0.7512375875 0.6135834609375 0.8065063296874999 0.5910804171875
1 0.8389582546875 0.6537265031249999 0.8059309796875 0.591982034375 0.7507935906250001 0.61388965625 0.780235875 0.681641071875 0.8389582546875 0.6537265031249999
1 0.7174167796875001 0.7130834312500001 0.781401984375 0.681140934375 0.7502756875000001 0.6138418015625 0.69278408125 0.6378758875 0.7174167796875001 0.7130834312500001
1 0.69420553125 0.6386151156250001 0.7514782906249999 0.6135188140625 0.732131021875 0.5454850718750001 0.6725250828125 0.5654168015625001 0.69420553125 0.6386151156250001
1 0.673174196875 0.5648685671875 0.7327801375 0.5449368359375 0.7169969609375 0.478187859375 0.6577912453125 0.49390202812500006 0.673174196875 0.5648685671875
1 0.65830915 0.493949884375 0.7174053734375 0.47770426875 0.7012510562500001 0.41161511093750003 0.6414108078125 0.4230164390625 0.65830915 0.493949884375
1 0.643961865625 0.42307838281250004 0.7002891531250001 0.41187345468750003 0.6853154406249999 0.34658749843750003 0.6264289078124999 0.3539965171875 0.643961865625 0.42307838281250004
1 0.626815459375 0.354639790625 0.6862409828125 0.34615268125 0.6708159125 0.2836031296875 0.61064664375 0.28724729375 0.626815459375 0.354639790625
1 0.61133134375 0.28687645 0.66857855 0.283830834375 0.6526503515625001 0.222538109375 0.592583021875 0.22297815937499998 0.61133134375 0.28687645
1 0.5924153125 0.22339710156249998 0.6522062156249999 0.222843634375 0.6445285359375 0.159708934375 0.586691428125 0.1561877359375 0.5924153125 0.22339710156249998
1 0.530095071875 0.22276108906249997 0.5924736687500001 0.2224473875 0.5855972640625 0.1570417421875 0.5218701609374999 0.15080542187499998 0.530095071875 0.22276108906249997
1 0.5459649671875 0.291168621875 0.6113458421875 0.2881797921875 0.5930635171875001 0.2228491109375 0.5284694171875 0.22226365625 0.5459649671875 0.291168621875
1 0.62670610625 0.35410901875 0.6106830015625 0.28742376875 0.5459284703125 0.2909914734375 0.5636947703125 0.3624388984375 0.62670610625 0.35410901875
1 0.643852375 0.42254694062500003 0.6269103125 0.3538672234375 0.562937075 0.3624554453125 0.5780721 0.43591750625000003 0.643852375 0.42254694062500003
1 0.6578861 0.4931294609375 0.6424820609374999 0.423288871875 0.5778678953124999 0.4361593 0.5949047249999999 0.51023086875 0.6578861 0.4931294609375
1 0.6730064875 0.5652875093749999 0.6576088999999999 0.49301695937499995 0.5949047249999999 0.51023086875 0.6120665921875 0.5861376500000001 0.6730064875 0.5652875093749999
1 0.6943587421874999 0.6368928328125001 0.6737276859375 0.5650938140624999 0.6120665921875 0.5861376500000001 0.629870215625 0.663926396875 0.6943587421874999 0.6368928328125001
1 0.7174073953125 0.71180491875 0.694604559375 0.6368530140625001 0.62918971875 0.6643223125 0.6535316796874999 0.7442788593749999 0.7174073953125 0.71180491875
1 0.5876476078125 0.77932031875 0.6532137812500001 0.7439641359375 0.6290543046875 0.664893328125 0.5567375359375 0.6945902046875 0.5876476078125 0.77932031875
1 0.5567010406249999 0.6944130578125 0.629739003125 0.6645224859375001 0.6120665921875 0.5861376500000001 0.5377677515625 0.6111365046875 0.5567010406249999 0.6944130578125
1 0.5383576 0.6115382281249999 0.6115496015625 0.5860895484374999 0.594351375 0.5100062921874999 0.52212121875 0.5290315390625 0.5383576 0.6115382281249999
1 0.5216398140625 0.5291608328125 0.594628575 0.51011879375 0.57799910625 0.435563209375 0.5069123734375001 0.4490510109375 0.5216398140625 0.5291608328125
1 0.5066895109375 0.44964126562500006 0.5764293421875 0.4359862234375 0.562413646875 0.3626002734375 0.491040490625 0.37100829218750003 0.5066895109375 0.44964126562500006
1 0.49077881874999996 0.3710785703125 0.5623739703124999 0.362407690625 0.5457202437500001 0.29094754843750004 0.474782765625 0.294772996875 0.49077881874999996 0.3710785703125
1 0.4558393703125 0.22291302812499997 0.47500385312500004 0.2945103828125 0.545498246875 0.2912104078125 0.52835456875 0.22272434375 0.4558393703125 0.22291302812499997
1 0.4454675328125 0.14712648125 0.455277259375 0.2228607609375 0.5284339218749999 0.2231095078125 0.5212855546874999 0.1509241921875 0.4454675328125 0.14712648125
1 0.3723907546875 0.2207157328125 0.455770896875 0.2230617171875 0.4448890328125 0.14648093906249998 0.36085235937500004 0.1409483015625 0.3723907546875 0.2207157328125
1 0.475677196875 0.2943366203125 0.455770896875 0.2230617171875 0.37305578906250003 0.22077718124999998 0.391445471875 0.2989445953125 0.475677196875 0.2943366203125
1 0.40827926249999996 0.3806520875 0.491694753125 0.3704990390625 0.47510589375 0.29473011875 0.3908263890625 0.2991108640625 0.40827926249999996 0.3806520875
1 0.506494165625 0.448669753125 0.49129179843750004 0.37012643125 0.40827926249999996 0.3806520875 0.4246069546875 0.464657471875 0.506494165625 0.448669753125
1 0.522690678125 0.5288672671875 0.5071601125 0.4487309578125 0.42496290156249994 0.46480193437499995 0.441760434375 0.55108315625 0.522690678125 0.5288672671875
1 0.5390468953124999 0.6114232078125 0.5222877234375 0.5284946609375 0.4411413546875 0.551249425 0.4552212765625 0.640181721875 0.5390468953124999 0.6114232078125
1 0.5552808546875 0.6949736421875 0.5381187296875 0.6116724890625 0.455389765625 0.6394162875 0.473078153125 0.73002153125 0.5552808546875 0.6949736421875
1 0.58755994375 0.7787780546875 0.5552808546875 0.6949736421875 0.47343410468749997 0.7301659921875 0.507878746875 0.8213150515625 0.58755994375 0.7787780546875
1 0.41229512343749997 0.8722068984375 0.5075227984375 0.821170590625 0.47321888906250004 0.730704625 0.3781392640625 0.7713721765625 0.41229512343749997 0.8722068984375
1 0.378992809375 0.7723439484375 0.4738370578125 0.7305386015625001 0.4548184625 0.6398097859375 0.3612841203125 0.6721360546875 0.378992809375 0.7723439484375
1 0.3623998859375 0.6727973406250001 0.4564116625 0.63962195625 0.44180729999999996 0.5513106296875 0.344776421875 0.576169596875 0.3623998859375 0.6727973406250001
1 0.34446733749999997 0.576252609375 0.44135762031250003 0.55071121875 0.42517917031249997 0.464263728125 0.3269291 0.48320501406250005 0.34446733749999997 0.576252609375
1 0.32821321718749996 0.48310019375 0.4251323046875 0.46403625625 0.40775405 0.38127397812499997 0.31145299375 0.39224566875 0.32821321718749996 0.48310019375
1 0.311546725 0.39270061875 0.40806404687500003 0.3811907203125 0.3913986046875 0.2987171203125 0.2955922703125 0.3025906375 0.311546725 0.39270061875
1 0.295686 0.3030455859375 0.3914923359375 0.29917206875 0.37160409687499996 0.2216471921875 0.2785517671875 0.21829657500000002 0.295686 0.3030455859375
1 0.2635359484375 0.1327378421875 0.27978901875 0.21796428125 0.3726252203125 0.22185377499999998 0.35997105937499996 0.1414250578125 0.2635359484375 0.1327378421875
1 0.166672271875 0.2154377484375 0.2791238453125 0.217902159375 0.2632268625 0.1328208546875 0.16097950781249998 0.119689596875 0.166672271875 0.2154377484375
1 0.182833575 0.3081349703125 0.29542378125 0.303356071875 0.2784578984375 0.21784095468750003 0.1657450171875 0.21568678437500002 0.182833575 0.3081349703125
1 0.20050299218749998 0.40499043281249997 0.3126893328125 0.3919136203125 0.29639895156249996 0.3033349359375 0.1835454765625 0.30842389375 0.20050299218749998 0.40499043281249997
1 0.3287376546875 0.4824792234375 0.3120711625 0.3920796453125 0.2011689375 0.4050516375 0.216384015625 0.5042481171875 0.3287376546875 0.4824792234375
1 0.34508550625 0.5760865859375001 0.32719131875 0.482894528125 0.21673996562500003 0.5043925781249999 0.2327329203125 0.6057814578125 0.34508550625 0.5760865859375001
1 0.3622122875 0.6718867734375 0.3450386421875 0.5758591125 0.23211474999999998 0.6059474812500001 0.2485020140625 0.7108334968750001 0.3622122875 0.6718867734375
1 0.37947038437499997 0.7714955031249999 0.36173394062500003 0.6727361359375 0.2481460625 0.710689034375 0.26635143906250003 0.8196500359375 0.37947038437499997 0.7714955031249999
1 0.412847178125 0.8701367281250001 0.37906742968749996 0.7711228953125 0.26556491875 0.8205821640625001 0.2945765828125 0.9328860015625 0.412847178125 0.8701367281250001
1 0.1743229828125 0.9951385015625 0.2952702828125 0.9314986765625 0.26587400156249996 0.8204991515625 0.13456649999999998 0.8785827734374999 0.1538438 0.9955935953124999 0.1743229828125 0.9951385015625
1 0.134875584375 0.8784997609375 0.266398303125 0.8198775093749999 0.24788384375 0.7109995203125 0.11506535 0.7569994125 0.134875584375 0.8784997609375
1 0.1162557375 0.7564396437500001 0.2488110984375 0.710750484375 0.2314965796875 0.60611350625 0.10080409374999999 0.6402531703125 0.1162557375 0.7564396437500001
1 0.0997075765625 0.64126855625 0.23256443125 0.606546890625 0.21731127031250003 0.5039990796875 0.0861019359375 0.527709209375 0.0997075765625 0.64126855625
1 0.0850530578125 0.52895115625 0.21788334687500002 0.5036046640625 0.2001470421875 0.4048459703125 0.0696772234375 0.4194702765625 0.0850530578125 0.52895115625
1 0.067558671875 0.4202793234375 0.201337428125 0.40428620468750004 0.18292730625 0.30858991874999997 0.051912112499999996 0.31423412968750003 0.067558671875 0.4202793234375
1 0.0520058421875 0.314689078125 0.18297417031250002 0.30881739218750004 0.16645705625 0.21597638125000002 0.035966025 0.2130727265625 0.0520058421875 0.314689078125
1 0.035299940625 0.2130108484375 0.1658388859375 0.2161424046875 0.15974316718749998 0.1200216453125 0.031705424999999995 0.10685099687499999 0.035299940625 0.2130108484375
0 0.014110481250000001 0.10426212187499999 0.1234716421875 0.9962685312499999 0.2234676984375 0.9940463968750001 0.856870971875 0.667085178125 0.71770779375 0.147336021875 0.0771456421875 0.087332509375 0.014110481250000001 0.10426212187499999