1 0.7738425925925926 0.6259953703703703 0.08790509259259274 0.09968749999999993
1 0.8418402777777778 0.6232523148148148 0.0784143518518519 0.09607638888888878
1 0.9019675925925927 0.6193518518518518 0.07193287037037024 0.08950231481481481
1 0.905613425925926 0.5487152777777778 0.07494212962962976 0.08653935185185198
1 0.9107349537037038 0.4756539351851852 0.07332175925925952 0.08489583333333339
1 0.9200520833333332 0.2622627314814815 0.07199074074074048 0.0910648148148148
1 0.9164351851851851 0.33368055555555554 0.07505787037037023 0.0896643518518518
1 0.853761574074074 0.39563657407407404 0.08136574074074084 0.09155092592592595
1 0.84609375 0.5478877314814815 0.07662037037037024 0.08974537037037038
1 0.78203125 0.46667245370370375 0.08454861111111107 0.09327546296296312
1 0.75859375 0.7849016203703704 0.08981481481481488 0.1091435185185187
1 0.8352141203703702 0.6979571759259259 0.08009259259259238 0.09928240740740737
1 0.8967881944444445 0.6908506944444445 0.07204861111111108 0.09262731481481482
1 0.8899594907407409 0.7600868055555555 0.07210648148148166 0.09418981481481481
1 0.8277777777777778 0.7719212962962962 0.08020833333333358 0.10240740740740736
1 0.9151041666666668 0.4034143518518518 0.07644675925925952 0.08505787037037038
1 0.8511284722222221 0.4724826388888889 0.07806712962962976 0.08670138888888879
1 0.8575520833333334 0.24436921296296296 0.08466435185185191 0.09640046296296294
1 0.8572916666666666 0.321875 0.08142361111111107 0.09311342592592595
1 0.7819444444444444 0.5488657407407407 0.08466435185185191 0.09640046296296294
1 0.7090856481481481 0.46262731481481484 0.0974537037037038 0.10486111111111107
1 0.6943287037037036 0.6348148148148148 0.09918981481481488 0.10962962962962966
1 0.6167534722222222 0.5480381944444443 0.10868055555555553 0.11324074074074061
1 0.7869212962962964 0.3873611111111111 0.08940972222222214 0.09820601851851851
1 0.7666956018518518 0.7077719907407408 0.09276620370370363 0.1046180555555555
1 0.5175925925925926 0.44907407407407407 0.12135416666666679 0.11857638888888893
1 0.7229456018518519 0.20281828703703703 0.10081018518518511 0.11127314814814815
1 0.625636574074074 0.36519675925925926 0.11030092592592596 0.1148842592592592
1 0.7934606481481481 0.22577546296296297 0.09276620370370381 0.10461805555555559
1 0.7894386574074075 0.3073900462962963 0.09270833333333321 0.1030555555555555
1 0.680960648148148 0.8022337962962963 0.09942129629629619 0.11587962962962947
1 0.7136574074074075 0.2901851851851852 0.10393518518518512 0.11143518518518522
1 0.5054108796296296 0.6485243055555555 0.12650462962962977 0.1313194444444445
1 0.596875 0.7298842592592593 0.1153935185185185 0.12606481481481477
1 0.5938078703703704 0.8161458333333332 0.11059027777777786 0.12269675925925938
1 0.6855902777777778 0.7158912037037037 0.10092592592592595 0.11439814814814823
1 0.5337094907407407 0.2502025462962963 0.1265625 0.1328819444444445
1 0.5378472222222223 0.1505787037037037 0.12337962962962959 0.1311574074074074
1 0.7136863425925926 0.3755034722222222 0.09913194444444429 0.10806712962962965
1 0.6306712962962963 0.2686574074074074 0.11359953703703703 0.11973379629629637
1 0.6359375 0.17836805555555554 0.11695601851851851 0.12614583333333332
1 0.39765625 0.5500057870370371 0.1424189814814815 0.13994212962962962
1 0.48972800925925924 0.8379803240740742 0.12528935185185192 0.1406134259259261
1 0.41151620370370373 0.3324652777777778 0.13917824074074064 0.13665509259259262
1 0.6958622685185185 0.5494155092592592 0.0958333333333334 0.10321759259259267
1 0.4971354166666666 0.7421006944444445 0.12517361111111108 0.13748842592592575
1 0.38116319444444446 0.759855324074074 0.14299768518518513 0.15556712962962962
1 0.3723090277777778 0.8589409722222223 0.13807870370370373 0.14907407407407405
1 0.41681134259259256 0.22182291666666668 0.14415509259259274 0.1447106481481481
1 0.607638888888889 0.6400925925925927 0.11215277777777785 0.12277777777777779
1 0.42705439814814816 0.11796875 0.14288194444444446 0.1524421296296296
1 0.6180266203703704 0.45560763888888883 0.10856481481481488 0.11011574074074063
1 0.5249710648148148 0.3524131944444444 0.12476851851851851 0.12655092592592593
1 0.3881076388888889 0.6514756944444444 0.1409143518518518 0.1414236111111112
1 0.5103298611111111 0.5488599537037037 0.1247106481481481 0.12498842592592592
1 0.40769675925925924 0.4406828703703704 0.13582175925925935 0.13024305555555565
1 0.26875 0.4298842592592592 0.16921296296296298 0.14756944444444448
1 0.2522858796296296 0.6616493055555555 0.16163194444444445 0.1534143518518519
1 0.260619212962963 0.5485011574074073 0.16140046296296298 0.1471643518518519
1 0.2761574074074074 0.3128703703703704 0.16631944444444446 0.15365740740740746
1 0.24152199074074074 0.7725752314814816 0.15891203703703702 0.16418981481481493
1 0.28741319444444446 0.19409143518518518 0.16973379629629637 0.16163194444444445
1 0.23637152777777776 0.8871238425925927 0.16984953703703703 0.16475694444444428
1 0.2909143518518519 0.08054976851851851 0.16527777777777777 0.16109953703703703