1 0.726989228125 0.718516625 0.6863987484375 0.7283155671875 0.6989847859375 0.80738248125 0.73803135 0.7936943421875 0.726989228125 0.718516625
1 0.7230205265625 0.6435730890625 0.6824700015625 0.6493984859374999 0.68852940625 0.7291183875 0.7272153125 0.7185045859375 0.7230205265625 0.6435730890625
1 0.7176318109375 0.568094315625 0.678635871875 0.5713926515625001 0.6821442890625 0.6506384 0.7226318578125001 0.644204640625 0.7176318109375 0.568094315625
1 0.7115106703125 0.49164474687500004 0.670954384375 0.49227732812499997 0.6789040171875 0.5710437749999999 0.71712558125 0.5671003203125 0.7115106703125 0.49164474687500004
1 0.6985652250000001 0.3406327796875 0.658627921875 0.33360014531250004 0.66328735625 0.4134958328125 0.7053920625 0.41545156875 0.6985652250000001 0.3406327796875
1 0.7115106703125 0.49164474687500004 0.7053106546875 0.416029009375 0.6638123359375 0.41308695 0.6706321765625 0.4919135609375 0.7115106703125 0.49164474687500004
1 0.690590915625 0.26434881718750003 0.65037588125 0.254659340625 0.65822421875 0.333812965625 0.6989491296875 0.34023055156250004 0.690590915625 0.26434881718750003
1 0.690833834375 0.263954096875 0.6995171375 0.1921254828125 0.6568710484375 0.176841275 0.6508199078125 0.2548261578125 0.690833834375 0.263954096875
1 0.6567101734375 0.1766585203125 0.609544278125 0.1616150046875 0.6073168843750001 0.244930846875 0.65096089375 0.25481865 0.6567101734375 0.1766585203125
1 0.65834595 0.33361515937499997 0.6502150062500001 0.254476584375 0.6078219734375 0.244331703125 0.6148975375 0.32696082187500003 0.65834595 0.33361515937499997
1 0.6635303640625 0.413101965625 0.65822421875 0.333812965625 0.61461493125 0.32697587031249997 0.6202356531250001 0.4106364953125 0.6635303640625 0.413101965625
1 0.6635501640625 0.413291375 0.6205997562500001 0.410044859375 0.6282201015625 0.492454503125 0.6706321765625 0.4919135609375 0.6635501640625 0.413291375
1 0.6707313546875 0.4928623109375 0.627613078125 0.49344086093749995 0.6352532234375 0.576039915625 0.677551196875 0.571688921875 0.6707313546875 0.4928623109375
1 0.6353353546875 0.57546329375 0.6402718859375 0.6580158578125 0.6822127515624999 0.6502486796875 0.6779351 0.5712866921875001 0.6353353546875 0.57546329375
1 0.6405148046875 0.6576211375 0.6449258109375 0.7405834718750001 0.6875600703125 0.7285814578124999 0.6823961796875 0.6492848812500001 0.6405148046875 0.6576211375
1 0.645148840625 0.739998490625 0.6563207046875 0.822410328125 0.69952441875 0.8077063578124999 0.6868339828125001 0.7284288015625 0.645148840625 0.739998490625
1 0.644645959375 0.739262559375 0.5982152359375 0.7522303109374999 0.6072607828125001 0.838761975 0.656662171875 0.8222008234375 0.644645959375 0.739262559375
1 0.640593553125 0.6576169453125 0.5936674828124999 0.6666036281250001 0.5985991390625001 0.751828084375 0.6439788203125001 0.7389163 0.640593553125 0.6576169453125
1 0.6353948421875 0.5760323734374999 0.5884355328125 0.580632453125 0.59445571875 0.666752115625 0.6407776125 0.6574166796875 0.6353948421875 0.5760323734374999
1 0.62821798125 0.49379043281249996 0.5810849921875 0.49401052968750003 0.58805375 0.579698753125 0.6350527484375 0.5754783437500001 0.62821798125 0.49379043281249996
1 0.58148933125 0.49379767656249995 0.6284014109375 0.49282663437499996 0.62045993125 0.410063459375 0.5742611359375001 0.4069899265625 0.58148933125 0.49379767656249995
1 0.6146359796875001 0.327177225 0.5664473125 0.3200108890625 0.5751876984375001 0.4077041546875 0.6214884265625 0.410390475 0.6146359796875001 0.327177225
1 0.607621409375 0.243769278125 0.5590162328125 0.23261853281249997 0.56652765 0.31942321093750004 0.6147757171875 0.327157771875 0.607621409375 0.243769278125
1 0.6083940515624999 0.1614857921875 0.5597355796875 0.14575046875 0.55976131875 0.23295291875 0.6074598203125 0.2435796984375 0.6083940515624999 0.1614857921875
1 0.5598283796875 0.2334478109375 0.557900040625 0.1463046390625 0.50218529375 0.12704144374999998 0.5032148109375 0.22052291249999997 0.5598283796875 0.2334478109375
1 0.5054222078125 0.22198655 0.5137134671875 0.311651259375 0.566817928125 0.3194815375 0.5592121671875 0.23292896875000002 0.5054222078125 0.22198655
1 0.5137638578125 0.3121333125 0.521410175 0.4042543375 0.57452374375 0.40699739218750003 0.5666633531249999 0.31973170624999997 0.5137638578125 0.3121333125
1 0.521231084375 0.404263875 0.5292894625 0.4951524015625 0.58123278125 0.493597709375 0.5743698046875 0.407247528125 0.521231084375 0.404263875
1 0.5296734296875 0.49537389374999996 0.537143509375 0.5858090109375 0.58794173125 0.5801971765625 0.5808991171875 0.49385741875000005 0.5296734296875 0.49537389374999996
1 0.537681415625 0.585780365625 0.5451263453124999 0.6759748828125 0.5941122265625001 0.6668261734375001 0.5877620046875001 0.5802067484375 0.537681415625 0.585780365625
1 0.5441260765625 0.676754828125 0.5478846093749999 0.7661761765625 0.5982352859375 0.7528375265625 0.5936785046875 0.66612259375 0.5441260765625 0.676754828125
1 0.598210134375 0.752596925 0.5477055203125001 0.7661857140625 0.5559687734375001 0.8573052703125 0.6072497953125 0.8390722765625 0.598210134375 0.752596925
1 0.5478594593749999 0.765935578125 0.4936622828125 0.7821438328125 0.5053984921875 0.8788918625000001 0.5564563765625 0.8567954249999999 0.5478594593749999 0.765935578125
1 0.5447681656250001 0.6759939562499999 0.4879403265625 0.6877402984375001 0.49404561406249997 0.782365359375 0.5475264296875 0.7661952515625 0.5447681656250001 0.6759939562499999
1 0.5376904953125 0.58577559375 0.4817032765625 0.591720378125 0.48870935781249997 0.6886336453124999 0.5447858359375 0.6765112140625 0.5376904953125 0.58577559375
1 0.5302033749999999 0.49507971093750003 0.47399409062500003 0.49651153593749997 0.4822013515625 0.5916955703125 0.5373052625 0.5852487421875 0.5302033749999999 0.49507971093750003
1 0.5212060546874999 0.4034501625 0.46459322812500004 0.39963485312499997 0.47424246718749996 0.49610794374999995 0.529998296875 0.49450465781249997 0.5212060546874999 0.4034501625
1 0.5139215984375001 0.3115346484375 0.4565559890625 0.3019048296875 0.4649661546875 0.399029878125 0.5216195609375001 0.40323339062499997 0.5139215984375001 0.3115346484375
1 0.5042631156249999 0.220526284375 0.44639038593749997 0.2060452109375 0.45618378593750003 0.3025106234375 0.5136535203125 0.311743678125 0.5042631156249999 0.220526284375
1 0.502346475 0.1271538296875 0.440233228125 0.10684922187499998 0.44645121249999997 0.20662708749999997 0.50471648125 0.22069689375 0.502346475 0.1271538296875
1 0.4403143 0.107624775 0.3764903625 0.0862401734375 0.38144186874999997 0.1905742359375 0.447089953125 0.20717818906250002 0.4403143 0.107624775
1 0.39075386875 0.29077331093750003 0.456576325 0.30209935625 0.44556409375 0.206479575 0.3805771703125 0.18925444062500002 0.39075386875 0.29077331093750003
1 0.46387115 0.3996733046875 0.45595782968750004 0.3017419296875 0.39112398593750003 0.29153432968750004 0.40047439375 0.3934875671875 0.46387115 0.3996733046875
1 0.464841603125 0.3992312640625 0.40072277031250003 0.3930839765625 0.410442571875 0.49579741562499996 0.474594425 0.495308475 0.464841603125 0.3992312640625
1 0.47475955625 0.4954952921875 0.4108966609375 0.49596884531249996 0.41865530937499995 0.5993726921875 0.4820768015625 0.59189695625 0.47475955625 0.4954952921875
1 0.48176759843749994 0.59171866875 0.41842998593749997 0.5986039625 0.4268729390625 0.7002151640625 0.48877627500000004 0.6879420125 0.48176759843749994 0.59171866875
1 0.4271618984375 0.700199775 0.433233 0.8013521640624999 0.49349571093750005 0.7831161718749999 0.4875798640625 0.6876153609375 0.4271618984375 0.700199775
1 0.493475465625 0.782922496875 0.43308820312499996 0.8013598749999999 0.44681363281250003 0.903477359375 0.5052112109375 0.878511471875 0.493475465625 0.782922496875
1 0.4262544453125 0.699857734375 0.35741314218750003 0.7152328921875 0.3647539359375 0.821585434375 0.4329034625 0.8009793484375001 0.4262544453125 0.699857734375
1 0.43325324531250003 0.8015458390625 0.363823428125 0.8224157140624999 0.37716108125000003 0.9333288812499999 0.4473501640625 0.903050703125 0.43325324531250003 0.8015458390625
1 0.418450321875 0.598798490625 0.3475401703125 0.6055010671875001 0.35749421406250004 0.7160084453125 0.42701710156250006 0.7002074859375 0.418450321875 0.598798490625
1 0.41050348750000004 0.49638014531249997 0.339912503125 0.4977971 0.347848828125 0.605680240625 0.41830824531250005 0.59743935625 0.41050348750000004 0.49638014531249997
1 0.4000608859375 0.393704340625 0.32898800625 0.387731765625 0.339912503125 0.4977971 0.41046290625 0.49599194375 0.4000608859375 0.393704340625
1 0.39038157500000004 0.2913782546875 0.3199791875 0.27932062343749997 0.32979124375 0.3884697171875 0.4010928890625 0.393844996875 0.39038157500000004 0.2913782546875
1 0.3808255453125 0.1888508484375 0.30748326718749996 0.170900421875 0.31927744687500004 0.27955360156250003 0.39124781406250003 0.291332125 0.3808255453125 0.1888508484375
1 0.37628537500000003 0.0856659734375 0.30712437812500004 0.06046719375 0.3082689796875 0.17007785312499998 0.3809675328125 0.19020913125 0.37628537500000003 0.0856659734375
1 0.308081428125 0.171063321875 0.3069593359375 0.06028122968750001 0.24025696562499999 0.037003721875 0.2268963296875 0.0377152078125 0.22663706718749999 0.14925120625 0.308081428125 0.171063321875
1 0.308145153125 0.1702800578125 0.22620394687499998 0.149274271875 0.23680936562500002 0.26462608125 0.31903124374999997 0.2785912328125 0.308145153125 0.1702800578125
1 0.31888708125 0.278598909375 0.23701498906250001 0.265200246875 0.247638478125 0.38211169218749996 0.3287802109375 0.38852355781250003 0.31888708125 0.278598909375
1 0.3287802109375 0.38852355781250003 0.24790719062500002 0.38190262812500003 0.25834280625 0.49840969218750003 0.339066278125 0.49664790937500003 0.3287802109375 0.38852355781250003
1 0.2581378171875 0.497835490625 0.26915416875 0.615725515625 0.3479936234375 0.60567253125 0.33933739687500003 0.49646188281250003 0.2581378171875 0.497835490625
1 0.2686189203125 0.6147776828125 0.27850226093749997 0.7301679437499999 0.357888925 0.71423121875 0.34797328906249997 0.605478003125 0.2686189203125 0.6147776828125
1 0.28724784375 0.8471793906249999 0.3646497203125 0.8219813453124999 0.3575391421875 0.7136647296875 0.2784211 0.7293915375 0.28724784375 0.8471793906249999
1 0.3647714625 0.82314595625 0.28809438125 0.8469386984374999 0.299024990625 0.96539524375 0.37829657656250004 0.9330728015625 0.3647714625 0.82314595625
0 0.31209104375 1 0.7575681671875001 0.8148309078124999 0.719743909375 0.18607315156249998 0.2621559171875 0.0358375515625 0.20964979218750002 0.0386336265625 0.2779014796875 1 0.31209104375 1