1 0.7761892546875 0.7902939890625 0.7702249171875 0.858727115625 0.8483894062499999 0.8454366359375 0.8570634421875001 0.77948376875 0.7761892546875 0.7902939890625
1 0.79304709375 0.7238214921874999 0.7761892546875 0.7902939890625 0.85691138125 0.7799133 0.87608075625 0.7145541796875 0.79304709375 0.7238214921874999
1 0.8092815968749999 0.6533386937500001 0.793502846875 0.7240369296875 0.87602658125 0.71492279375 0.89341411875 0.646455646875 0.8092815968749999 0.6533386937500001
1 0.8245420671874999 0.5786852125 0.8093216906249999 0.653110796875 0.8937358640624999 0.6465328703125001 0.9114921624999999 0.5747764906249999 0.8245420671874999 0.5786852125
1 0.8416999578125001 0.5015331125 0.824800165625 0.57859839375 0.911973284375 0.5751409749999999 0.930528696875 0.500758509375 0.8416999578125001 0.5015331125
1 0.8585993140625 0.4210121171875 0.8411002859375 0.5014885812500001 0.9313984468750001 0.5007947453125 0.9509663406250001 0.422573409375 0.8585993140625 0.4210121171875
1 0.971661909375 0.34050555781249997 0.8772570937499999 0.3367197984375 0.858557515625 0.42056211718750003 0.9512425468749999 0.42217132656249995 0.971661909375 0.34050555781249997
1 0.8414490593749999 0.5016143921875 0.7486019625 0.5027818609375 0.7335816937499999 0.582981328125 0.8251582781250001 0.578832909375 0.8414490593749999 0.5016143921875
1 0.8589480875 0.421137928125 0.7641431578125 0.41962646875000004 0.7488222859375 0.5032586203125 0.8414414875 0.5014653140625 0.8589480875 0.421137928125
1 0.8776068140625 0.33752277343750003 0.78144295625 0.3333761890625 0.763243209375 0.4195596390625 0.8582967921875 0.4208458609375 0.8776068140625 0.33752277343750003
1 0.8251216890625 0.578388696875 0.73359441875 0.5824185890625 0.7193935921875 0.6596842953125 0.80977753125 0.6529718296875 0.8251216890625 0.578388696875
1 0.7044531671875001 0.7325186031250001 0.7934746500000001 0.7237775375 0.8090422171875 0.6525202828125 0.719513521875 0.65900260625 0.7044531671875001 0.7325186031250001
1 0.7932232578125 0.7234470828124999 0.7057725593749999 0.731925309375 0.6895940203125 0.8014428640625001 0.7772817546875 0.790221878125 0.7932232578125 0.7234470828124999
1 0.7758414828125 0.7901372 0.6900499859375 0.8012728515624999 0.6854446890625 0.8723404390624999 0.7700124125000001 0.8581199734375 0.7758414828125 0.7901372
1 0.594074790625 0.8871446593750001 0.6834647656249999 0.8728205484375 0.6901797046875 0.80124333125 0.5983011796875 0.8130536484374999 0.594074790625 0.8871446593750001
1 0.6119415390625 0.7424268125 0.5989008515625 0.8130981796875 0.690464990625 0.8015176687500001 0.70612856875 0.73191394375 0.6119415390625 0.7424268125
1 0.7191890265625001 0.659401103125 0.6258624125 0.6667523828124999 0.6124612593750001 0.7429258062499999 0.70463606875 0.7323586921875 0.7191890265625001 0.659401103125
1 0.625018003125 0.6676793296875 0.7200442375 0.6593025953125 0.7342118109375 0.5832319921875 0.63636104375 0.5876678625 0.625018003125 0.6676793296875
1 0.7489462796875 0.50365599375 0.6504620375 0.5057873875000001 0.6366604406249999 0.5876900968750001 0.7335965140625 0.582932471875 0.7489462796875 0.50365599375
1 0.7634887328125 0.41967575625000003 0.66476571875 0.4197162796875 0.6505034968750001 0.505961259375 0.748626975 0.5031907859375 0.7634887328125 0.41967575625000003
1 0.7813880875 0.33347067343750003 0.6800874765625 0.32917282812500004 0.665405484375 0.41953291718749997 0.7627690125 0.42031358125 0.7813880875 0.33347067343750003
1 0.9880113921874999 0.257025746875 0.911049128125 0.25105765 0.8786483578125001 0.33710326875 0.971769640625 0.34110154375 0.9860976859375 0.308695825 0.9880113921874999 0.257025746875
1 0.9107447375 0.2503964296875 0.8045118078125 0.24154957187499998 0.7811987515625 0.3333789796875 0.8789085953125 0.33736831875 0.9107447375 0.2503964296875
1 0.8052323687499999 0.24224169999999998 0.700551465625 0.2341487125 0.6804241671875 0.329407778125 0.781416609375 0.33364223437499996 0.8052323687499999 0.24224169999999998
1 0.7008363953125001 0.23373242656249998 0.5911328828125 0.2252387796875 0.5699821984375 0.3246565609375 0.6795736640625 0.3291711265625 0.7008363953125001 0.23373242656249998
1 0.680528559375 0.3283543203125 0.5690787375 0.32458946875 0.5565703859375 0.4190965859375 0.6645846390625 0.42008829687500004 0.680528559375 0.3283543203125
1 0.66353368125 0.41975237656250003 0.556751159375 0.41806905156249996 0.5454181874999999 0.508498946875 0.6516505828125 0.505048015625 0.66353368125 0.41975237656250003
1 0.558105909375 0.41816965625 0.44108480468750005 0.4174616140625 0.4332142640625 0.5116191671875 0.5457934953125 0.5090250203125 0.558105909375 0.41816965625
1 0.5686868281249999 0.3242133796875 0.44979906718749996 0.3185082390625 0.44051211874999996 0.41811305781249997 0.55717218125 0.4186032453125 0.5686868281249999 0.3242133796875
1 0.6514073984375 0.5044736984375 0.54585846875 0.50878209375 0.53497743125 0.594039409375 0.6364316171875 0.5886924578125 0.6514073984375 0.5044736984375
1 0.635406890625 0.5876159078125001 0.534073971875 0.59397231875 0.5241270453125 0.6765237890625 0.6246248750000001 0.6672444171875 0.635406890625 0.5876159078125001
1 0.6250989421875001 0.6670170203125 0.5246989703125 0.6758716125 0.5145115375 0.754587703125 0.6130506125 0.7416133546875 0.6250989421875001 0.6670170203125
1 0.6108765093749999 0.7426562296875 0.5146321703125001 0.7539020140625 0.5025780875 0.82762100625 0.5983974843750001 0.8134617921875 0.6108765093749999 0.7426562296875
1 0.5126700921875 0.7546548265624999 0.4054921796875 0.7659777437499999 0.3951458171875 0.8426041640624999 0.502217065625 0.8275496421874999 0.5126700921875 0.7546548265624999
1 0.52462070625 0.6768271015625 0.413592228125 0.6862796828125 0.405308709375 0.7670206015625001 0.5143827796875 0.7540455125000001 0.52462070625 0.6768271015625
1 0.5359270921875 0.5937933234375 0.4232489765625 0.6007464796875001 0.4142994921875 0.687249625 0.5245583625 0.676615225 0.5359270921875 0.5937933234375
1 0.5453804609375 0.5083847593749999 0.432703028125 0.5113753062499999 0.42345551875 0.6015543515624999 0.5352649609375 0.5939925796875001 0.5453804609375 0.5083847593749999
1 0.5014068484374999 0.8274935250000001 0.49187306406250003 0.9026762343750001 0.5914553546875 0.8865477953124999 0.5988755 0.8128883765625 0.5014068484374999 0.8274935250000001
1 0.5004698859375 0.8272781312499999 0.396149040625 0.8430546796874999 0.3906241953125 0.9185350953125001 0.49112979531249995 0.90243674375 0.5004698859375 0.8272781312499999
1 0.2775705484375 0.940060103125 0.3884772078125 0.918331778125 0.39597073437499997 0.8421570968750001 0.2829980203125 0.860931803125 0.2775705484375 0.940060103125
1 0.2898847203125 0.78191186875 0.28231793125000004 0.8606011468749999 0.3949311296875 0.842292540625 0.4051888 0.7666707890625 0.2898847203125 0.78191186875
1 0.4140192609375 0.6849950078125 0.295337603125 0.6963446140625 0.28915510312500003 0.7818576859374999 0.4058688859375 0.7670014453125 0.4140192609375 0.6849950078125
1 0.4230284796875 0.60096840625 0.3007507140625 0.6075705234375001 0.29575881875 0.6968119890625 0.4136630859375 0.6856848062500001 0.4230284796875 0.60096840625
1 0.3075598125 0.5147544953125001 0.3011087578125 0.6080885625 0.42363315156250003 0.600681175 0.43253419062500004 0.511713128125 0.3075598125 0.5147544953125001
1 0.440953046875 0.41768472812499996 0.3144238109375 0.41696997812500003 0.3086043828125 0.51511154375 0.434102225 0.5111727296875 0.440953046875 0.41768472812499996
1 0.4490883171875 0.318862525 0.3209804046875 0.3134400640625 0.3157459921875 0.41765007499999995 0.4398594828125 0.417793215625 0.4490883171875 0.318862525
1 0.46857164375 0.21687919687499999 0.3327318875 0.2050391578125 0.3213098171875 0.3137568328125 0.44969691875000006 0.31853778125 0.46857164375 0.21687919687499999
1 0.32114523125 0.3137014046875 0.17789683750000002 0.308329225 0.1744753 0.4158095609375 0.31540423125 0.41614966718749996 0.32114523125 0.3137014046875
1 0.331700903125 0.20513068906249998 0.1823381765625 0.192013696875 0.17835329687499998 0.3087681640625 0.32013356718749997 0.31401174374999996 0.331700903125 0.20513068906249998
1 0.178564315625 0.3075687078125 0.1823381765625 0.192013696875 0.03295420625 0.17982133125 0.018638901562499997 0.2611908765625 0.019360746875 0.3018217671875 0.178564315625 0.3075687078125
1 0.17758018125 0.3070905828125 0.0183766109375 0.3013436421875 0.0200150453125 0.41648981718750006 0.17394762187499999 0.41577037499999997 0.17758018125 0.3070905828125
1 0.31304064375 0.41769827499999995 0.1754269046875 0.4164675375 0.171428728125 0.5190350968749999 0.307952 0.5147194875000001 0.31304064375 0.41769827499999995
1 0.307743621875 0.5151758875 0.1718624609375 0.51906730625 0.16780620156249998 0.61696986875 0.3013869109375 0.6069069203125 0.307743621875 0.5151758875
1 0.3010889625 0.607892671875 0.167979590625 0.615984315625 0.16560017031250002 0.70935071875 0.29457876562499996 0.697290740625 0.3010889625 0.607892671875
1 0.174892028125 0.4159586421875 0.0180682203125 0.4166301234375 0.0214358578125 0.524738165625 0.17201149531249998 0.5192768437499999 0.174892028125 0.4159586421875
1 0.1712111140625 0.51921538125 0.0209443296875 0.5250344734375 0.0208462234375 0.6278916546875 0.1677049390625 0.6164938484375 0.1712111140625 0.51921538125
1 0.167559659375 0.6169556093749999 0.0209890453125 0.6267107625 0.022913790625 0.7230599453125001 0.1657864796875 0.7093686031249999 0.167559659375 0.6169556093749999
1 0.1574565453125 0.94890684375 0.1579097328125 0.878893209375 0.0225466109375 0.8998004343750001 0.023261746875 0.9389414421875 0.1574565453125 0.94890684375
1 0.0238559546875 0.8150089640625 0.024972975 0.9009790453125 0.1583425859375 0.8789253546875001 0.16080778281250002 0.7975491640625 0.0238559546875 0.8150089640625
1 0.0223644671875 0.723684771875 0.022498721875 0.815240984375 0.1617789640625 0.7969077359375001 0.1657286859375 0.7096971203125 0.0223644671875 0.723684771875
1 0.282171134375 0.861526565625 0.1584282484375 0.8795305015625001 0.1580653953125 0.9489520578124999 0.2142556 0.95312478125 0.2780969953125 0.940348971875 0.282171134375 0.861526565625
1 0.288456721875 0.7816613593749999 0.1606331 0.79713655 0.159179240625 0.8802518906250001 0.282775084375 0.8608389656250001 0.288456721875 0.7816613593749999
1 0.295023246875 0.69692815625 0.16512115 0.7092523640625 0.16106683125000001 0.797168759375 0.288543940625 0.781413334375 0.295023246875 0.69692815625
1 0.5907340296875 0.22666663437499998 0.46750089531250005 0.21751525468750002 0.44871779375000004 0.3195782625 0.5700567640624999 0.3227867546875 0.5907340296875 0.22666663437499998
0 0.028175012500000002 0.20698672812500002 0.02017093125 0.9387119171875 0.27849136093750004 0.957894975 0.887688209375 0.863388125 0.9582611468750001 0.592922746875 0.980186540625 0.46829673749999995 0.989044778125 0.22912433124999998 0.0383723171875 0.14902428125 0.028175012500000002 0.20698672812500002