1 0.782900253125 0.18684013906250002 0.853294115625 0.1848067 0.8386013078125 0.10548971562500001 0.7707199578124999 0.1044207828125 0.782900253125 0.18684013906250002
1 0.7143764203125 0.177362171875 0.782900253125 0.18684013906250002 0.7711633124999999 0.1045266703125 0.7037528078124999 0.0925224171875 0.7143764203125 0.177362171875
1 0.6417402921875001 0.1690104046875 0.7145917374999999 0.176864565625 0.704132278125 0.0925342890625 0.633551925 0.0827472296875 0.6417402921875001 0.1690104046875
1 0.564831721875 0.162167096875 0.6415055953125 0.168996234375 0.633627003125 0.08240492187500001 0.55966208125 0.0726306328125 0.564831721875 0.162167096875
1 0.48533066406250003 0.153659365625 0.56473909375 0.1619103421875 0.5600302078125 0.07208889375000001 0.483356396875 0.061802364062500004 0.48533066406250003 0.153659365625
1 0.402371509375 0.1458232890625 0.4852928625 0.1542854484375 0.483382090625 0.0608977078125 0.4027504265625 0.0500235265625 0.402371509375 0.1458232890625
1 0.3181515234375 0.0384433703125 0.315514009375 0.136619309375 0.40190968906249996 0.1459205265625 0.4023336234375 0.049785840625 0.3181515234375 0.0384433703125
1 0.48541750625 0.15390932968749998 0.487848746875 0.24987876406249998 0.5704526046875 0.2558082875 0.56497530625 0.1615115203125 0.48541750625 0.15390932968749998
1 0.40249615156249996 0.145447171875 0.402200778125 0.24376452187500003 0.48833569218750006 0.2495935203125 0.4852644296875 0.1539350484375 0.40249615156249996 0.145447171875
1 0.31633442343749996 0.136161 0.31334949375 0.236201059375 0.40214404843749996 0.2447041078125 0.40220469531249997 0.14615638125 0.31633442343749996 0.136161
1 0.5645193640625 0.161602671875 0.5698742234374999 0.25586260625 0.6494527875 0.2612957484375 0.6413567625 0.1685410453125 0.5645193640625 0.161602671875
1 0.7244879140625 0.26802594218750003 0.7143255875000001 0.17692486406250002 0.6409025546875 0.16935635 0.6487507625 0.26125336093749996 0.7244879140625 0.26802594218750003
1 0.71398938125 0.177224721875 0.7238608078125 0.266731346875 0.7955044109375 0.2751409453125 0.7828116671875 0.1857179 0.71398938125 0.177224721875
1 0.7827437671874999 0.18721893437499998 0.795323678125 0.27468934843750004 0.8684064062499999 0.270933159375 0.8526731 0.1850994875 0.7827437671874999 0.18721893437499998
1 0.88482975625 0.36373800312500004 0.8689259828125 0.27292506875 0.7952916234375 0.2745586140625 0.8086454953125 0.3682490203125 0.88482975625 0.36373800312500004
1 0.7358957796875 0.36259982343749997 0.8086832968750001 0.3676229359375 0.79556971875 0.2742304 0.72384440625 0.2663641921875 0.7358957796875 0.36259982343749997
1 0.6491645203124999 0.2615414671875 0.6579559625 0.3572656265625 0.7364016 0.362001996875 0.72432118125 0.26785579375 0.6491645203124999 0.2615414671875
1 0.6589195953125 0.3580285359375 0.6490519578125 0.26066802187500004 0.5707018015624999 0.2551259671875 0.5765576890624999 0.35588289687499997 0.6589195953125 0.3580285359375
1 0.48874234687499996 0.2494175109375 0.492238796875 0.35110655625 0.5765765609375 0.3555703140625 0.570402209375 0.255798803125 0.48874234687499996 0.2494175109375
1 0.40226010156249997 0.24443603125000002 0.40361135781249996 0.3466229984375 0.49241689843750003 0.3510427875 0.4882685828125 0.24980383125 0.40226010156249997 0.24443603125000002
1 0.31344730625 0.2362465265625 0.3103751 0.34162197031249997 0.4034144640625 0.3459827453125 0.4029250109375 0.2451045421875 0.31344730625 0.2362465265625
1 0.22704825 0.11191359375000001 0.315889565625 0.1351331703125 0.3187624671875 0.038260378125 0.2335035546875 0.010393929687500001 0.22704825 0.11191359375000001
1 0.2263728875 0.11230797968749999 0.218692021875 0.2233346234375 0.313355603125 0.23645351093750003 0.3161584515625 0.13483200312500002 0.2263728875 0.11230797968749999
1 0.21939362031249998 0.2225057359375 0.21246676406249998 0.3318354078125 0.3106120421875 0.341245271875 0.3136232046875 0.23619642500000002 0.21939362031249998 0.2225057359375
1 0.2120352515625 0.331590390625 0.2047633484375 0.4461672015625 0.307195265625 0.45613764687499997 0.310380165625 0.3421540421875 0.2120352515625 0.331590390625
1 0.309528234375 0.34126355468749997 0.30713831406250003 0.4570808984375 0.4044099 0.4586942953125 0.40399600625 0.34676582499999997 0.309528234375 0.34126355468749997
1 0.403664790625 0.3478939984375 0.40335171562500005 0.4586304046875 0.4964183796875 0.45951611249999996 0.49146332656249997 0.3499649234375 0.403664790625 0.3478939984375
1 0.40343711562499995 0.45721598593749996 0.40426195624999994 0.5784337609375 0.50111284375 0.5752883093750001 0.4969539375 0.4590645234375 0.40343711562499995 0.45721598593749996
1 0.3067570828125 0.45753168437499997 0.3024721921875 0.5812810140625 0.4049389109375 0.5789484390624999 0.4038950109375 0.4581305203125 0.3067570828125 0.45753168437499997
1 0.49087644375000006 0.35028553281249997 0.49670347187499997 0.45902640000000006 0.5844493390625 0.46006465625 0.5776095203125 0.3556869625 0.49087644375000006 0.35028553281249997
1 0.5765169625000001 0.35687680781250003 0.5843923875 0.46100790781249995 0.66934561875 0.46140374375000004 0.6584779421875 0.358487634375 0.5765169625000001 0.35687680781250003
1 0.6582380031249999 0.35802418281250004 0.6686679234375 0.4608899421875 0.7496835078124999 0.461994721875 0.73504524375 0.36154933906250003 0.6582380031249999 0.35802418281250004
1 0.7361456328125 0.363674759375 0.748977365625 0.4619520875 0.824883215625 0.46558842343749995 0.809063584375 0.36810038125 0.7361456328125 0.363674759375
1 0.7497769062499999 0.4638928203125 0.7628329328125 0.5734786453125 0.8417035 0.5749985578125 0.824814678125 0.46597068750000004 0.7497769062499999 0.4638928203125
1 0.669650721875 0.46085635937499997 0.680836065625 0.574652359375 0.7639068984375 0.5735434875000001 0.7491281171875 0.46219303125 0.669650721875 0.46085635937499997
1 0.5841838890625 0.4591111375 0.59282296875 0.5749145015625 0.6818232953125001 0.573803915625 0.669433846875 0.46094630781249996 0.5841838890625 0.4591111375
1 0.4963015515625 0.459568859375 0.500869059375 0.57584675625 0.5936503125 0.5746038109375 0.58439740625 0.45977263749999997 0.4963015515625 0.459568859375
1 0.8247677687499999 0.4668161046875 0.902144146875 0.4676680375 0.884251228125 0.3665210625 0.8084680609375001 0.367674340625 0.8247677687499999 0.4668161046875
1 0.8245588796875 0.467811821875 0.84215309375 0.5739060515625 0.919782184375 0.5705724828125 0.9019079328125 0.4684661421875 0.8245588796875 0.467811821875
1 0.9433987593750001 0.6850169296875 0.9196017578125 0.5728192890625 0.841233196875 0.574198275 0.8620227765624999 0.6888887984375 0.9433987593750001 0.6850169296875
1 0.780738778125 0.691237165625 0.8616920484374999 0.6896324375 0.8413861562499999 0.5752581609375 0.76354905625 0.5737095640625001 0.780738778125 0.691237165625
1 0.679510403125 0.574364396875 0.69274645625 0.69585496875 0.7806927859374999 0.6919989171875 0.7638797859374999 0.5729659234375 0.679510403125 0.574364396875
1 0.593053921875 0.575116128125 0.6014596562500001 0.7008985421875 0.6932210953125 0.6953629015625 0.68022389375 0.5746503578125 0.593053921875 0.575116128125
1 0.506001259375 0.7049818375 0.6019871890624999 0.7004657875 0.592750771875 0.5745246578125001 0.5012184109375 0.5759810109375 0.506001259375 0.7049818375
1 0.40449295625000004 0.5785433890625 0.40543703593749997 0.7096041828125 0.5063542703125 0.7038577390625 0.50064235 0.5744226953125 0.40449295625000004 0.5785433890625
1 0.30284564999999997 0.58197425 0.2989735203125 0.715233796875 0.40611829374999997 0.7081539828125 0.4046189296875 0.57966236875 0.30284564999999997 0.58197425
1 0.197799759375 0.574037440625 0.187436165625 0.7160701796875 0.299294628125 0.7148548203125 0.302503903125 0.581383209375 0.197799759375 0.574037440625
1 0.2992398609375 0.7150318343750001 0.2956202421875 0.863957825 0.40610121250000003 0.8546092156249999 0.40458116562499996 0.7086877 0.2992398609375 0.7150318343750001
1 0.18754389062500001 0.7171264125000001 0.176047621875 0.873310425 0.29606519375 0.863432684375 0.299572153125 0.7160418281250001 0.18754389062500001 0.7171264125000001
1 0.292493125 0.9653122734374999 0.294829959375 0.8633581031249999 0.176047621875 0.873310425 0.1703302125 0.9579363515624999 0.292493125 0.9653122734374999
1 0.408113559375 0.9722931750000001 0.4060679484375 0.8551601328125 0.29435174375 0.8644341609374999 0.2920402 0.9652849265624999 0.408113559375 0.9722931750000001
1 0.40620370625 0.71094860625 0.40676465625 0.8535452625 0.51220541875 0.8453827531250001 0.5059600875 0.70458006875 0.40620370625 0.71094860625
1 0.5064318015625 0.7047410296875001 0.512232759375 0.8449299187499999 0.612881028125 0.83738701875 0.6007693640625 0.700319578125 0.5064318015625 0.7047410296875001
1 0.6017861734375 0.700509771875 0.6118660765625 0.8373257390625 0.707831215625 0.8285911109375 0.6937286640625 0.6965269984375 0.6017861734375 0.700509771875
1 0.519022890625 0.9789076250000001 0.51244608125 0.84475051875 0.406248865625 0.85415996875 0.40826601875 0.9723023812499999 0.518240546875 0.9789423953125 0.519022890625 0.9789076250000001
1 0.512393546875 0.84558639375 0.5192571218750001 0.9788972140625001 0.6247838406249999 0.9742071375 0.6123932640625 0.83754893125 0.512393546875 0.84558639375
1 0.6128696484375 0.8376439343750001 0.6237291890625001 0.9742540109375 0.7232843796874999 0.9698293359375001 0.707847121875 0.8283961109375 0.6128696484375 0.8376439343750001
1 0.8821374125 0.8162181390625 0.9054151656249999 0.953830040625 0.9956204218750001 0.9416377671875 0.9967075453125 0.923632403125 0.9703246921875 0.8065005375000001 0.8821374125 0.8162181390625
1 0.8182749296875 0.96264393125 0.9065939984375 0.9511770671875001 0.8821646968750001 0.8157662218749999 0.7985183109375 0.8229740421875 0.8182749296875 0.96264393125
1 0.7971761890625 0.9665452562500001 0.8185313328125 0.9640210250000001 0.7978463640625 0.8220456640625 0.7081854390625 0.8284165375000001 0.7238675265625 0.96980341875 0.7971761890625 0.9665452562500001
1 0.9699794718750001 0.8058872062500001 0.9436885890625 0.68443734375 0.8626448609375 0.6896734062500001 0.88278535 0.8156049718749999 0.9699794718750001 0.8058872062500001
1 0.780500325 0.692745384375 0.798096671875 0.8232043484375 0.8835166109375001 0.814741075 0.8619303421875 0.6891307015625 0.780500325 0.692745384375
1 0.6933502171875 0.6961103843750001 0.7077365125 0.8290987578125 0.7981240140625 0.8227515140625 0.7802443218749999 0.6926848484375 0.6933502171875 0.6961103843750001
1 0.20623575624999999 0.4464088234375 0.1984675125 0.5750695265625 0.30358598125 0.582271953125 0.30527305937500004 0.4562847125 0.20623575624999999 0.4464088234375
0 0.205848296875 0 0.1387976390625 0.9560324874999999 0.51824055625 0.9789423953125 0.8093512515624999 0.9660041421875001 0.9953360421875 0.946347771875 0.998296721875 0.8973118343750001 0.8565250656250001 0.06265710937499999 0.42636003593750005 0 0.205848296875 0