1 0.2765625 0.1140625 0.07109375 0.07421875
1 0.33828125 0.11796875 0.0671875 0.07890625
1 0.33125 0.190625 0.06953125 0.08046875
1 0.2671875 0.184375 0.07421875 0.08046875
1 0.38984375 0.2734375 0.06953125 0.08515625
1 0.39375 0.19765625 0.0671875 0.07890625
1 0.39765625 0.125 0.06171875 0.07734375
1 0.45703125 0.13046875 0.059375 0.06796875
1 0.45625 0.19921875 0.06171875 0.07421875
1 0.45546875 0.2765625 0.065625 0.0828125
1 0.25625 0.26328125 0.07890625 0.08828125
1 0.32421875 0.26796875 0.075 0.0890625
1 0.315625 0.35390625 0.07890625 0.0953125
1 0.24453125 0.35 0.0859375 0.096875
1 0.30625 0.45 0.084375 0.1046875
1 0.2296875 0.4453125 0.0921875 0.10625
1 0.2140625 0.55625 0.0984375 0.12109375
1 0.196875 0.68203125 0.10625 0.1359375
1 0.29453125 0.55703125 0.090625 0.11796875
1 0.28203125 0.68203125 0.09921875 0.13515625
1 0.36640625 0.6828125 0.090625 0.13125
1 0.3578125 0.8234375 0.10078125 0.15703125
1 0.26640625 0.82578125 0.10859375 0.15546875
1 0.175 0.82890625 0.11328125 0.15859375
1 0.72578125 0.3609375 0.0796875 0.08828125
1 0.73984375 0.45234375 0.08671875 0.1
1 0.65859375 0.359375 0.078125 0.08671875
1 0.71015625 0.27734375 0.0765625 0.08046875
1 0.584375 0.27578125 0.06953125 0.08046875
1 0.51796875 0.1984375 0.06328125 0.075
1 0.5734375 0.13046875 0.06171875 0.065625
1 0.63046875 0.1296875 0.065625 0.06640625
1 0.6390625 0.20078125 0.06796875 0.07578125
1 0.6890625 0.1296875 0.06796875 0.06796875
1 0.521875 0.2734375 0.0671875 0.08359375
1 0.52421875 0.3546875 0.071875 0.084375
1 0.51640625 0.12734375 0.06015625 0.0703125
1 0.38515625 0.35546875 0.075 0.08984375
1 0.58046875 0.19765625 0.06640625 0.08046875
1 0.4546875 0.36015625 0.0703125 0.09140625
1 0.4515625 0.55859375 0.0796875 0.11796875
1 0.38203125 0.4546875 0.08203125 0.10703125
1 0.5421875 0.81484375 0.09375 0.14765625
1 0.7609375 0.5578125 0.09375 0.1171875
1 0.6734375 0.45078125 0.08203125 0.10234375
1 0.59375 0.35859375 0.075 0.0921875
1 0.64921875 0.27421875 0.06875 0.0828125
1 0.52890625 0.45078125 0.075 0.10234375
1 0.7203125 0.8203125 0.10859375 0.1453125
1 0.37734375 0.559375 0.0875 0.11875
1 0.7046875 0.675 0.1 0.12578125
1 0.6859375 0.55625 0.0859375 0.115625
1 0.5984375 0.45078125 0.07734375 0.10078125
1 0.60859375 0.5578125 0.08984375 0.11796875
1 0.4484375 0.8171875 0.09453125 0.1515625
1 0.7 0.1984375 0.06796875 0.07890625
1 0.4515625 0.453125 0.07578125 0.10546875
1 0.63359375 0.8140625 0.10390625 0.14609375
1 0.53984375 0.68125 0.0921875 0.12734375
1 0.7828125 0.6765625 0.09765625 0.128125
1 0.61953125 0.678125 0.09453125 0.134375
1 0.80546875 0.81796875 0.1109375 0.15625
1 0.5328125 0.55703125 0.0828125 0.1125
1 0.45 0.68046875 0.0859375 0.13125
1 0.8359375 0.27265625 0.07421875 0.0765625
1 0.97734375 0.93515625 0.04453125 0.12109375