1 0.21938287031249998 0.7879656921875 0.2358565 0.8908768546875001 0.30278242187500004 0.878626553125 0.2881704828125 0.7765258187499999 0.21938287031249998 0.7879656921875
1 0.2875216390625 0.7777967015625 0.27385046874999996 0.6812806640625 0.208973690625 0.6954582734375 0.218546421875 0.7881187984375 0.2875216390625 0.7777967015625
1 0.2743105203125 0.6788931421875 0.2588821296875 0.587305375 0.1963272421875 0.599906784375 0.21064658593750002 0.6951520625 0.2743105203125 0.6788931421875
1 0.257020959375 0.5864939312499999 0.2417806921875 0.49602292343750004 0.1794132578125 0.5097412171875 0.1965153671875 0.6010235453125 0.257020959375 0.5864939312499999
1 0.242428865625 0.49475216250000004 0.22635215 0.4044342625 0.1610145 0.42099862187500003 0.1797895046875 0.5119747375 0.242428865625 0.49475216250000004
1 0.225515703125 0.40458736718750005 0.208789840625 0.3155385609375 0.1449377859375 0.33068071875 0.1622280171875 0.423079809375 0.225515703125 0.40458736718750005
1 0.13015756875 0.23782219218749998 0.1462349546875 0.3281399703125 0.21111173437500003 0.3139623609375 0.1946586203125 0.2214100421875 0.13015756875 0.23782219218749998
1 0.11286800781249999 0.1454229796875 0.12829639843750001 0.2370107484375 0.19214860625000002 0.2218694828125 0.1776608328125 0.1358655171875 0.11286800781249999 0.1454229796875
1 0.30361886875 0.8784734468750001 0.36544162812500003 0.8717629453125 0.350181365625 0.7709320765625 0.2887350046875 0.7798769937500001 0.30361886875 0.8784734468750001
1 0.3485077984375 0.7712384109375 0.33324768437499996 0.6704084359375 0.27385046874999996 0.6812806640625 0.28854687968750004 0.7787602312499999 0.3485077984375 0.7712384109375
1 0.33259935937499996 0.6716783015625001 0.31706650000000003 0.5743518390625 0.25739735625 0.588728346875 0.2723656953125 0.6827036343749999 0.33259935937499996 0.6716783015625001
1 0.3164181734375 0.5756217046875001 0.30228628281250003 0.48149330937499996 0.242428865625 0.49475216250000004 0.25739735625 0.588728346875 0.3164181734375 0.5756217046875001
1 0.3019100375 0.4792597890625 0.2861050984375 0.3854367125 0.226164028125 0.4033175015625 0.2417806921875 0.49602292343750004 0.3019100375 0.4792597890625
1 0.2861050984375 0.3854367125 0.26984010937499997 0.2940011546875 0.2086017171875 0.3144218015625 0.225515703125 0.40458736718750005 0.2861050984375 0.3854367125
1 0.269003659375 0.2941542625 0.2513371828125 0.19952165156249999 0.191688403125 0.224256109375 0.2100871609375 0.312998703125 0.269003659375 0.2941542625
1 0.25236175312500003 0.20048530625 0.235448440625 0.11031961562499999 0.1783091578125 0.1345956515625 0.19354942343749998 0.22506665781250002 0.25236175312500003 0.20048530625
1 0.433370609375 0.8644794625 0.41632055625 0.7609290843750001 0.34877999531250004 0.7711904296875 0.3656965046875 0.8716121390625 0.433370609375 0.8644794625
1 0.41555710625 0.761068828125 0.39855474375 0.66013746875 0.33381980625 0.6730383796875 0.349543446875 0.7710506859375 0.41555710625 0.761068828125
1 0.3986407453125 0.6606480125 0.382745246875 0.5616155109375 0.3170366875 0.5757444421875 0.3348798 0.6723189890625 0.3986407453125 0.6606480125
1 0.3823635234375 0.56168538125 0.36579057656249997 0.4633031671875 0.3021241890625 0.4802114109375 0.31771428749999997 0.5750950484375 0.3823635234375 0.56168538125
1 0.3657047234375 0.46279351875 0.34790930000000003 0.368837990625 0.28526474375 0.3871362109375 0.301828315625 0.48079093281249996 0.3657047234375 0.46279351875
1 0.3474417234375 0.3683982125 0.3315557515625 0.2740940984375 0.2689587328125 0.2950104421875 0.286028196875 0.3869964671875 0.3474417234375 0.3683982125
1 0.33185147187499997 0.2735136796875 0.31537375624999997 0.18036860937500002 0.25277673906250003 0.20128495468750002 0.2688728796875 0.294500790625 0.33185147187499997 0.2735136796875
1 0.31520205 0.179349309375 0.29570801874999997 0.08465397031250001 0.2352867171875 0.11147829375 0.2520132859375 0.20142469843750002 0.31520205 0.179349309375
1 0.43383818749999997 0.864919240625 0.5036791515625 0.8589660328125 0.48441537031250004 0.7516179390625 0.4161965421875 0.7625288015625 0.43383818749999997 0.864919240625
1 0.48479709531250004 0.7515480671875 0.4666020171875 0.6482081984375 0.399404196875 0.66050826875 0.41649241249999996 0.7619492796875 0.48479709531250004 0.7515480671875
1 0.4668977390625 0.64762778125 0.44904540156249995 0.5463266375 0.38227767031250004 0.56117573125 0.39855474375 0.66013746875 0.4668977390625 0.64762778125
1 0.44934194375000003 0.5457469921875 0.431833171875 0.44648534531250006 0.365112978125 0.4639525625 0.3818959421875 0.5612456031249999 0.44934194375000003 0.5457469921875
1 0.43106971875 0.4466250890625 0.41428660156249997 0.3493311546875 0.34752757500000003 0.3689078625 0.365112978125 0.4639525625 0.43106971875 0.4466250890625
1 0.41428660156249997 0.3493311546875 0.3964443109375 0.25275738125 0.33146974687499997 0.273583553125 0.34790930000000003 0.368837990625 0.41428660156249997 0.3493311546875
1 0.39665433125 0.2516682078125 0.3790690796875 0.1566244015625 0.31422857656250003 0.1805782265625 0.33164160468750004 0.274603746875 0.39665433125 0.2516682078125
1 0.37953943749999997 0.1568102046875 0.3600865984375 0.0593063015625 0.29437129375 0.0866074671875 0.3144686015625 0.1799499375 0.37953943749999997 0.1568102046875
1 0.379498521875 0.154571528125 0.446274084375 0.131568621875 0.426674540625 0.033193840625 0.359906640625 0.060237892187499996 0.379498521875 0.154571528125
1 0.39659368125 0.252058125 0.464821334375 0.2296880765625 0.4462007328125 0.131133184375 0.3794660875 0.1563747671875 0.39659368125 0.252058125
1 0.4147406171875 0.3498010640625 0.48358863906250005 0.32911384374999997 0.464821334375 0.2296880765625 0.3959407296875 0.2521776421875 0.4147406171875 0.3498010640625
1 0.43230862343750004 0.448098840625 0.50217665625 0.4294710796875 0.48366199062500004 0.32954928125 0.41466726718749997 0.349365628125 0.43230862343750004 0.448098840625
1 0.4488241828125 0.54614039375 0.520984209375 0.5311356468749999 0.50217665625 0.4294710796875 0.431762278125 0.44685132968749997 0.4488241828125 0.54614039375
1 0.5398331984375 0.635037875 0.5212375171875 0.5306394937500001 0.44849804375 0.5462000921875 0.466726665625 0.6484194921875 0.5398331984375 0.635037875
1 0.4847026484375 0.7511349234375 0.559048728125 0.7411201000000001 0.5404121296875 0.6344830421875 0.46680016718750006 0.6488558265625 0.4847026484375 0.7511349234375
1 0.5035587828125 0.8590793124999999 0.578598584375 0.851182753125 0.5587959390624999 0.741615234375 0.485102140625 0.7515106640625 0.5035587828125 0.8590793124999999
1 0.578199090625 0.8508070125 0.6577016109375 0.8434411 0.636405440625 0.7310030656250001 0.5586159828125 0.742546825 0.578199090625 0.8508070125
1 0.6569753078125 0.8431251796874999 0.7410471546874999 0.8349228859375 0.71916371875 0.7189986625 0.6358265109375 0.731557896875 0.6569753078125 0.8431251796874999
1 0.5582163390625 0.742170190625 0.6360793015625 0.7310627625 0.6169289375 0.62137585 0.539359684375 0.63422681875 0.5582163390625 0.742170190625
1 0.5394330359375 0.6346622578125001 0.6162766562499999 0.6214952453125 0.5963341515625 0.5150972234375 0.520804771875 0.532066221875 0.5394330359375 0.6346622578125001
1 0.5963341515625 0.5150972234375 0.576180446875 0.4114328921875 0.5015970546874999 0.4300260359375 0.520258425 0.530818709375 0.5963341515625 0.5150972234375
1 0.576180446875 0.4114328921875 0.557225521875 0.308897571875 0.4833351796875 0.3296091015625 0.502902290625 0.429787121875 0.576180446875 0.4114328921875
1 0.5566056703125 0.307213728125 0.5370385625 0.20703570781249997 0.46409487968749996 0.2293712609375 0.4833351796875 0.3296091015625 0.5566056703125 0.307213728125
1 0.5367124203125 0.20709540468749998 0.5181244031250001 0.10673816875 0.445694634375 0.132124471875 0.464821334375 0.2296880765625 0.5367124203125 0.20709540468749998
1 0.5179041984375 0.105430959375 0.49833723750000003 0.005253834375 0.42692718125000007 0.032697809375 0.445694634375 0.132124471875 0.5179041984375 0.105430959375
1 0.51088370625 0 0.49826373593750006 0.0048175015625 0.5172512453125 0.105550478125 0.593271396875 0.079507903125 0.5775444656250001 0 0.51088370625 0
1 0.6135726265625 0.18404388124999999 0.5933448984374999 0.079944234375 0.5177982625 0.106797865625 0.537765015625 0.2073525203125 0.6135726265625 0.18404388124999999
1 0.5563523625 0.3077098796875 0.6347787765625 0.28796443437499997 0.6136785609375 0.182676975 0.5374382062499999 0.2074123421875 0.5563523625 0.3077098796875
1 0.5761070953125 0.4109974546875 0.6558061578125 0.3928154390625 0.6343791328124999 0.2875878 0.5568993796874999 0.30895726875 0.5761070953125 0.4109974546875
1 0.5961873 0.514225453125 0.6756011390625 0.4983418140625 0.6554793484375 0.392875259375 0.575600996875 0.41198874218750003 0.5961873 0.514225453125
1 0.617002290625 0.6218112859375 0.6973619703125 0.6075508984375 0.6770532265625 0.49897466875 0.5966609640625 0.515037403125 0.617002290625 0.6218112859375
1 0.637384534375 0.7308238484375 0.7185847890625 0.7195534953125 0.6968891265625 0.6067397203125 0.6166761484375 0.6218709859375 0.637384534375 0.7308238484375
1 0.7417729390625001 0.835239821875 0.8296954718749999 0.8299263703124999 0.8041413078125 0.7101817140625 0.7182579765625 0.719613315625 0.7417729390625001 0.835239821875
1 0.8039944531250001 0.70930994375 0.7797533390625 0.5933684109375 0.697615428125 0.607055640625 0.7179318375 0.7196730140625001 0.8039944531250001 0.70930994375
1 0.6973619703125 0.6075508984375 0.780406290625 0.5932488921875 0.7584578390625001 0.48093025312500004 0.6763269234375 0.49865875 0.6973619703125 0.6075508984375
1 0.6769798765624999 0.49853923125 0.758131696875 0.48098995 0.7366963375 0.371721290625 0.655985596875 0.39188486562499997 0.6769798765624999 0.49853923125
1 0.6558061578125 0.3928154390625 0.736769690625 0.372156728125 0.7145761125 0.26437436875000003 0.6337996828125 0.2881436515625 0.6558061578125 0.3928154390625
1 0.71417661875 0.263998628125 0.691109884375 0.1550285796875 0.6142249078125 0.1839244859375 0.63412649375 0.2880838296875 0.71417661875 0.263998628125
1 0.6914366953125 0.1549687578125 0.668337375 0.047801053125 0.5943973437500001 0.0802004578125 0.61415140625 0.183488153125 0.6914366953125 0.1549687578125
1 0.578053121875 0 0.5934182515625 0.080379671875 0.6681905203125 0.0469292828125 0.659694384375 0 0.578053121875 0
0 0.38510485625 0 0.092371684375 0.1123594828125 0.2227189859375 0.9288810671875 0.8658376109375 0.8649520015625001 0.6780891312499999 0 0.38510485625 0