1 0.3903701859375 0.8699232578125 0.329133478125 0.9021211078125001 0.3584810703125 0.9636713484375001 0.36430956718749996 0.9646094937499999 0.419347859375 0.9318426984375 0.3903701859375 0.8699232578125
1 0.4799125421875 0.9027030359375001 0.45099877812500005 0.838767525 0.39103299687500004 0.8704072343749999 0.4200055984375 0.9330885625 0.4799125421875 0.9027030359375001
1 0.479627821875 0.9031229546875 0.5425111125 0.8719501328125 0.516170603125 0.8056415484375 0.4515294640625 0.8391968359374999 0.479627821875 0.9031229546875
1 0.391500796875 0.8716649500000001 0.3604261765625 0.8083663765625 0.2989848921875 0.8441309046875001 0.3286175140625 0.9033342062499999 0.391500796875 0.8716649500000001
1 0.391048040625 0.8724955859374999 0.452824784375 0.8382752609375 0.422094315625 0.7738668140625 0.360538478125 0.8087021703125 0.391048040625 0.8724955859374999
1 0.5158784078124999 0.805960975 0.4877651890625 0.7373560453125 0.4223782890625 0.7744586 0.45222558749999997 0.839012828125 0.5158784078124999 0.805960975
1 0.516084553125 0.80599415625 0.582814646875 0.7705510734375001 0.555501359375 0.7012083921875 0.4887580984375 0.7386703 0.516084553125 0.80599415625
1 0.582200659375 0.7697599453125 0.5157601359374999 0.8058273078125 0.5422476546875 0.8722263484375 0.6093927078125 0.83965988125 0.582200659375 0.7697599453125
1 0.6534359359375 0.7341764046875 0.5830481375 0.7707619578125 0.6094425859375 0.8392436812499999 0.6791869078125 0.8038443859375001 0.6534359359375 0.7341764046875
1 0.6280288015625 0.660053425 0.55575509375 0.700486528125 0.5830048640625 0.770099696875 0.6543342984375 0.7329923609375 0.6280288015625 0.660053425
1 0.6795315109375 0.8033943921875 0.75218910625 0.76516858125 0.7286851578125 0.6906000625 0.6537203734375 0.734079575 0.6795315109375 0.8033943921875
1 0.7033144984375 0.6147066171875 0.627971396875 0.6613285984374999 0.6541122234375 0.733528871875 0.728824415625 0.69050243125 0.7033144984375 0.6147066171875
1 0.783357534375 0.5667579046875 0.7033808765625 0.6156794828125001 0.7281124343750001 0.6911270671875 0.8059809187500001 0.6451715171875 0.783357534375 0.5667579046875
1 0.8285542093749999 0.7217222078125001 0.80644784375 0.6461727515625 0.7284975218749999 0.690509384375 0.75258579375 0.764800984375 0.8285542093749999 0.7217222078125001
1 0.86785716875 0.5201087015625 0.7837332796875 0.5671270765624999 0.8063740218750001 0.6463097984374999 0.8871357312500001 0.5992196125 0.86785716875 0.5201087015625
1 0.9086047796875001 0.6808457515625 0.88653966875 0.5988149796875 0.8062275281250001 0.646137290625 0.8277887546875 0.72314426875 0.9086047796875001 0.6808457515625
1 0.7030992890625 0.614708984375 0.6777316453125 0.5344437828124999 0.5991966921875 0.5833798875 0.6278808015624999 0.659841859375 0.7030992890625 0.614708984375
1 0.703016375 0.6150900781249999 0.7827598484375 0.5659531546875 0.75962929375 0.482101821875 0.6778818046875 0.5346484734375 0.703016375 0.6150900781249999
1 0.7833228796875 0.566043778125 0.8674376234375 0.51958535625 0.8452200640624999 0.43153761875 0.7598044671874999 0.4822988046875 0.7833228796875 0.566043778125
1 0.7593215828125001 0.48209110468749994 0.7347362109375 0.39287336562499997 0.6495907203125 0.44942945781250004 0.6774806828125 0.5350180671875 0.7593215828125001 0.48209110468749994
1 0.8461165109375001 0.4313461375 0.82224534375 0.337506459375 0.73304711875 0.39260149375000003 0.7594005125 0.48172832187500003 0.8461165109375001 0.4313461375
1 0.6513095296875 0.4477167640625 0.7335978296875 0.3945323609375 0.7058274828125 0.29832665468749997 0.620789759375 0.3584265875 0.6513095296875 0.4477167640625
1 0.7342999640625 0.3928374484375 0.8225043218750001 0.3369903328125 0.7968037125 0.2343391671875 0.7058596875 0.2980836203125 0.7342999640625 0.3928374484375
1 0.620732278125 0.355791646875 0.7065115390625001 0.297294053125 0.6760139734374999 0.1952264984375 0.588191284375 0.2602631421875 0.620732278125 0.355791646875
1 0.7972976578125001 0.23418038124999999 0.7704432109375 0.12456489687500001 0.6761459609375 0.196152159375 0.70627748125 0.296163321875 0.7972976578125001 0.23418038124999999
1 0.6202742859375 0.35782010625 0.5393195703125 0.41261008125 0.5715158687499999 0.5005535328125 0.64982875 0.44889010156250003 0.6202742859375 0.35782010625
1 0.6783362921875 0.5345086125 0.6495380374999999 0.44762749375000005 0.5710980765625 0.5024738328125 0.6007705203125 0.5843868875 0.6783362921875 0.5345086125
1 0.6274168109375 0.6609938234375 0.599938290625 0.5834649546875 0.526703328125 0.6262047515625 0.5555393203125 0.7011197265625 0.6274168109375 0.6609938234375
1 0.5556046875 0.7003503921875 0.5266173796875 0.6267315796874999 0.45514529687499994 0.6671240218750001 0.48685273125000006 0.73931586875 0.5556046875 0.7003503921875
1 0.527105165625 0.625721546875 0.496216559375 0.5485310609375 0.42497085625000003 0.5940398265625 0.4568012171875 0.6674411015625 0.527105165625 0.625721546875
1 0.6007405968749999 0.582774521875 0.5711783203125 0.50071673125 0.495728771875 0.5495410953125 0.5272775953125 0.6253151453125 0.6007405968749999 0.582774521875
1 0.49550449375000005 0.5490518875 0.46135634375 0.465363278125 0.3902750703125 0.5137417328125 0.4243129328125 0.5940819562499999 0.49550449375000005 0.5490518875
1 0.49510985625000004 0.5494162015625 0.57103115 0.5005350843749999 0.5390359499999999 0.41420176406250003 0.4600475828125 0.46558045937500003 0.49510985625000004 0.5494162015625
1 0.6199543171874999 0.3572098875 0.5885367140625 0.2598430671875 0.5048336578125 0.3201614359375 0.5391620140625 0.41438542656250005 0.6199543171874999 0.3572098875
1 0.461214965625 0.4645390046875 0.54010160625 0.41411514374999997 0.5051871125 0.32159841875 0.42610841875 0.3780045546875 0.461214965625 0.4645390046875
1 0.7687680734375 0.12491536249999999 0.7408703531249999 0.0091666046875 0.644730846875 0.08278878281249999 0.676994940625 0.19381295 0.7687680734375 0.12491536249999999
1 0.676784753125 0.19412933125 0.6455390859375 0.08358500156250001 0.5539480015625 0.1552314546875 0.5887882703125 0.2595694484375 0.676784753125 0.19412933125
1 0.5645992093750001 0 0.5155757375000001 0.04067064375 0.5538540078125 0.15475328906250002 0.6449149359375 0.0832083390625 0.6201756875 0 0.5645992093750001 0
1 0.5543074078125 0.15471343906249999 0.5151805578124999 0.041457295312499996 0.4258957078125 0.11452920625 0.4686701484375 0.22062445468749997 0.5543074078125 0.15471343906249999
1 0.588163065625 0.25930183281249997 0.5543468500000001 0.1540816421875 0.4685854984375 0.22059367968750002 0.50534978125 0.3208844609375 0.588163065625 0.25930183281249997
1 0.42647127031250004 0.377363434375 0.5052826140625 0.3211931734375 0.468255621875 0.219918684375 0.3881748359375 0.281957378125 0.42647127031250004 0.377363434375
1 0.468796403125 0.22067546718750003 0.4254846125 0.11583951562499999 0.34287694062499996 0.18188615 0.3884247875 0.28199761093750003 0.468796403125 0.22067546718750003
1 0.3430296609375 0.1827961921875 0.264924021875 0.245456078125 0.311900065625 0.339781525 0.388395721875 0.28251735 0.3430296609375 0.1827961921875
1 0.4269517125 0.37801753437499996 0.38778250000000003 0.281180265625 0.31182625937499997 0.340120759375 0.3524211828125 0.4307329453125 0.4269517125 0.37801753437499996
1 0.46145721249999994 0.4670908625 0.42520030000000003 0.37741610625 0.3530340171875 0.43157533593749997 0.390152509375 0.5136308406250001 0.46145721249999994 0.4670908625
1 0.24019364531249998 0.3948641296875 0.19088405625 0.30481332656250004 0.12251895312500001 0.36199435625 0.1731537484375 0.4458345890625 0.24019364531249998 0.3948641296875
1 0.10691007500000001 0.495529646875 0.172050134375 0.44495562499999997 0.1211177578125 0.36236364062500004 0.05590685937499999 0.41532269062499994 0.10691007500000001 0.495529646875
1 0.2646704234375 0.24545407031250002 0.19078171875 0.304094625 0.24029653906249998 0.3944555625 0.3120193703125 0.339751084375 0.2646704234375 0.24545407031250002
1 0.352308328125 0.42956305156249996 0.31156994843749997 0.33940796406249996 0.2405516375 0.3943801859375 0.2821632859375 0.479332384375 0.352308328125 0.42956305156249996
1 0.2826321671875 0.4797454296875 0.240849896875 0.3940635375 0.173305965625 0.44560996875000003 0.21569044843750002 0.5264461 0.2826321671875 0.4797454296875
1 0.216689109375 0.5263486953125 0.1727252078125 0.443798825 0.1073213828125 0.49531243125 0.15080631718749998 0.5740908265625 0.216689109375 0.5263486953125
1 0.2568382984375 0.6034167828125 0.21618464375 0.52633519375 0.150903425 0.5735035140625 0.192868796875 0.6482734421874999 0.2568382984375 0.6034167828125
1 0.321185453125 0.55978166875 0.2822987546875 0.4795004109375 0.21612403906250002 0.5262306640625 0.2560715921875 0.6030027375 0.321185453125 0.55978166875
1 0.35161484062500004 0.4300597875 0.2827591828125 0.47964582812499995 0.321231853125 0.559859540625 0.390620853125 0.5147144390625 0.35161484062500004 0.4300597875
1 0.2559904859375 0.6035655453125 0.19337936093750002 0.6472598515625 0.23059631249999998 0.7166441203125 0.2927078703125 0.67511419375 0.2559904859375 0.6035655453125
1 0.3215382703125 0.5602807359375 0.2560303578125 0.60236788125 0.292761134375 0.67490614375 0.35738094062500003 0.6350959453125 0.3215382703125 0.5602807359375
1 0.3911482234375 0.7061896078125 0.45705853437500005 0.6675547265625 0.42421071406250005 0.5940032234375 0.3570742796875 0.63512330625 0.3911482234375 0.7061896078125
1 0.39035402812500003 0.5153646953125001 0.321511546875 0.55952095 0.3572181546875 0.635433496875 0.42487742187500005 0.5935897296875 0.39035402812500003 0.5153646953125001
1 0.26708265625 0.7820313734375001 0.3280526328125 0.7431221109374999 0.293682759375 0.6747981421875 0.230600646875 0.71646790625 0.26708265625 0.7820313734375001
1 0.3571344203125 0.6342033 0.29243630625 0.6743366625 0.3276459859375 0.744120834375 0.3910542671875 0.7063640343750001 0.3571344203125 0.6342033
1 0.42247283593749996 0.7749955265625 0.390463421875 0.707311446875 0.32770613125 0.7438443890624999 0.36005173749999997 0.8081996015625 0.42247283593749996 0.7749955265625
1 0.2994009046875 0.8429910765624999 0.36084997812499997 0.8080672281249999 0.3280308234375 0.74332349375 0.26639389375 0.7816605609375 0.2994009046875 0.8429910765624999
1 0.39086411875 0.7064534765625 0.42176303906249996 0.7738387640625 0.48703733437499996 0.7390098125 0.45774159687499993 0.6668117046875001 0.390256671875 0.7064965078125 0.39086411875 0.7064534765625
1 0.6211290453125 0 0.645740134375 0.083681446875 0.7424408140625001 0.0088498359375 0.73163326875 0.00017371875 0.7305539890625 0 0.6211290453125 0
0 0.6224570609375 0 0.01029775 0.4061537484375 0.340497984375 0.960776825 0.3940301296875 0.9693932593750001 0.9486112406249999 0.6981047 0.6961385828125 0 0.6224570609375 0