1 0.8291376328125001 0.3754389078125 0.8929587421875 0.3774987265625 0.893199040625 0.312799615625 0.831612359375 0.30751504375 0.8291376328125001 0.3754389078125
1 0.8368045437499999 0.2387530625 0.8313671046875 0.3073396015625 0.8929503421874999 0.31206314062499996 0.9003284953125 0.24764439375 0.8368045437499999 0.2387530625
1 0.8304423359375 0.37553087500000004 0.8306850609374999 0.44261725468749996 0.8927929546875 0.44308168906249995 0.8932588656249999 0.377904059375 0.8304423359375 0.37553087500000004
1 0.8298982671875 0.442482721875 0.8291512593749999 0.5101580703125 0.8907918578125 0.5071376140625 0.8927824687499999 0.4422175859375 0.8298982671875 0.442482721875
1 0.8282076265624999 0.5777042031249999 0.8888817031249999 0.5721393406249999 0.8909489953125 0.5067842265625 0.8294446265625 0.5105636515625 0.8282076265624999 0.5777042031249999
1 0.8238110921875 0.6455191421875 0.8850007859375 0.636801403125 0.888295509375 0.57239486875 0.8285018390625 0.5778816234375 0.8238110921875 0.6455191421875
1 0.818391409375 0.711708715625 0.8795988578125 0.7005940093749999 0.8859183046875 0.6371845 0.8235699359374999 0.6447906015625 0.818391409375 0.711708715625
1 0.8127235265625 0.7781204421875 0.8776717921875001 0.761153209375 0.8792206374999999 0.6999027765625 0.8176404093749999 0.7132392765625 0.8127235265625 0.7781204421875
1 0.7508600078125001 0.7944786203125 0.8138353 0.777584459375 0.81787813125 0.7127217640625 0.7513817281249999 0.7240462562500001 0.7508600078125001 0.7944786203125
1 0.7521166515625 0.7245719828125 0.81777336875 0.7118181796874999 0.824342253125 0.6449414671875 0.75682463125 0.6547220453125 0.7521166515625 0.7245719828125
1 0.7582124703125 0.65464789375 0.8238446046875 0.6452126734375 0.8278219515625 0.5776774109375 0.7626792906250001 0.5840694140625 0.7582124703125 0.65464789375
1 0.762659475 0.58400885 0.8285155359375 0.577514590625 0.829677965625 0.5100677859375 0.7631825640625001 0.513391909375 0.762659475 0.58400885
1 0.7642674046875 0.5134142921875 0.8293625921875 0.5098974671875001 0.8299133031249999 0.4417067765625 0.7650384765625 0.4426042734375 0.7642674046875 0.5134142921875
1 0.7650106 0.44317594531250004 0.830333290625 0.44223089687500006 0.8306803484374999 0.374746040625 0.76504675 0.3718402 0.7650106 0.44317594531250004
1 0.7647776703125 0.37180340312500004 0.8298195921874999 0.3754774765625 0.8309081765625 0.3073989390625 0.7670202734375 0.30204540625 0.7647776703125 0.37180340312500004
1 0.8357350468750001 0.2423586984375 0.768017484375 0.2339917390625 0.7662858734375 0.3013351328125 0.832264409375 0.30714585625 0.8357350468750001 0.2423586984375
1 0.696225496875 0.295664215625 0.7661804109375 0.30155200312499997 0.7674179328124999 0.23422690625000003 0.7019614546875 0.220062221875 0.696225496875 0.295664215625
1 0.6937111609375 0.3689351078125 0.7644228515625 0.37239855781250003 0.7669139671874999 0.30226230468750004 0.6949937546875 0.2955253109375 0.6937111609375 0.3689351078125
1 0.6931607609375 0.44323915312500006 0.7651356046875 0.4426006765625 0.765660303125 0.3718806703125 0.6951886796875 0.3690649109375 0.6931607609375 0.44323915312500006
1 0.7656526828125 0.44244249843750005 0.6929338765625 0.443661475 0.691404665625 0.5170797765625 0.7640676015625 0.5137142796874999 0.7656526828125 0.44244249843750005
1 0.6925015921875 0.5176363312500001 0.6922019109375 0.5913781453125 0.7625031421874999 0.583797884375 0.7637979890625 0.5135214125 0.6925015921875 0.5176363312500001
1 0.7629936296875 0.5846075578125001 0.6919588375 0.591478146875 0.6869741890625 0.665393478125 0.757874303125 0.654704653125 0.7629936296875 0.5846075578125001
1 0.6805169656250001 0.7386258781249999 0.751854375 0.7241867359375 0.7567868375 0.6551506328125 0.6862324390625 0.6657893703125 0.6805169656250001 0.7386258781249999
1 0.67863519375 0.8130184140625 0.7502438078125 0.7952515531250001 0.7517547437500001 0.7244141328125 0.6801726046875001 0.7384932859375 0.67863519375 0.8130184140625
1 0.6004344703125 0.83263201875 0.67945421875 0.8125634171874999 0.6794733390625 0.7387391 0.6022452953124999 0.7545945671875 0.6004344703125 0.83263201875
1 0.6024856078124999 0.7553231375 0.6809911109375 0.7382222031250001 0.6864667890625 0.6644732109375 0.60823795625 0.6775087546874999 0.6024856078124999 0.7553231375
1 0.6131118328125 0.600195171875 0.692837775 0.5918260203125 0.6916008484375 0.516812784375 0.6155865421875 0.5212168203124999 0.6131118328125 0.600195171875
1 0.6081368859375 0.67667644375 0.6863111875000001 0.665303653125 0.6927763328125 0.5919136078125 0.6134303546875 0.59971258125 0.6081368859375 0.67667644375
1 0.6182512328125 0.366321796875 0.694425403125 0.3698590890625 0.6956614375 0.29589554218749997 0.619460571875 0.2880968171875 0.6182512328125 0.366321796875
1 0.61673034375 0.44408815312499994 0.69325445 0.4429020203125 0.6938005703125001 0.369175725 0.6188847890625 0.3658275375 0.61673034375 0.44408815312499994
1 0.61584126875 0.521595396875 0.6914420578125 0.517617434375 0.6928367453125001 0.4434375765625 0.617992225 0.44380570312499995 0.61584126875 0.521595396875
1 0.530145140625 0.4432916859375 0.616732090625 0.44385237499999997 0.6185645203125001 0.36654590625 0.531697434375 0.36128575937499996 0.530145140625 0.4432916859375
1 0.527955803125 0.5262627953125001 0.6155210046875 0.5223131328124999 0.6176789328125001 0.4435822265625 0.5304566875 0.44375094062500003 0.527955803125 0.5262627953125001
1 0.532010721875 0.36150986875 0.6179362 0.3663334640625 0.6188339921875 0.2876492296875 0.533250625 0.2790447203125 0.532010721875 0.36150986875
1 0.6194307484375 0.2881333109375 0.6943168734375 0.295485290625 0.7021127171875 0.21947586718749998 0.6253708859375 0.208790896875 0.6194307484375 0.2881333109375
1 0.5325889921875 0.2793396921875 0.61974843125 0.28765011875 0.6232530953125 0.20892241718750001 0.5376215125 0.1950859828125 0.5325889921875 0.2793396921875
1 0.43735656718750004 0.2688681328125 0.532062915625 0.27854713750000004 0.5378390359375 0.19524349218749998 0.44084882031249994 0.1799610046875 0.43735656718750004 0.2688681328125
1 0.3324081546875 0.161606725 0.3300688515625 0.2572998734375 0.43767509374999997 0.26838490937500004 0.44053552656250006 0.1797375265625 0.3324081546875 0.161606725
1 0.3281717734375 0.350857121875 0.4354996203125 0.3570075578125 0.43660528593750003 0.268954728125 0.3301280875 0.25682625312499996 0.3281717734375 0.350857121875
1 0.5333730109375 0.27927905937499997 0.43709583125 0.26918680781250004 0.43644676562500007 0.3568107015625 0.5321383421875 0.3610375078125 0.5333730109375 0.27927905937499997
1 0.435486153125 0.44397534062500005 0.5290126265625 0.442865996875 0.532113521875 0.3605126546875 0.4358254203125 0.3556564140625 0.435486153125 0.44397534062500005
1 0.325597909375 0.44333544218750004 0.43517286562499996 0.44375123125 0.4354981765625 0.35731662656249996 0.3284905984375 0.350447825 0.325597909375 0.44333544218750004
1 0.32684932187500004 0.44446639374999997 0.3233274109375 0.537377315625 0.433260178125 0.53189271875 0.4345375640625 0.4444812671875 0.32684932187500004 0.44446639374999997
1 0.4320000421875 0.5319393906250001 0.527451609375 0.526049546875 0.5299437703125001 0.44471531718749996 0.4348473640625 0.44517629843749995 0.4320000421875 0.5319393906250001
1 0.432883940625 0.531503478125 0.4287738375 0.6187847640624999 0.5255152015625 0.6088438234375 0.5281164265625 0.5262366234375 0.432883940625 0.531503478125
1 0.3226623234375 0.536998771875 0.3210262765625 0.6303112734375 0.4281734390625 0.61833620625 0.4322783109375 0.5317616203125 0.3226623234375 0.536998771875
1 0.32071124375000004 0.6303229406249999 0.317187590625 0.7234690078125 0.42374306562499997 0.7063358625 0.42917219375000004 0.6190373203124999 0.32071124375000004 0.6303229406249999
1 0.4269030296875 0.7048058125 0.5202095296875 0.6909887640625 0.5251492468750001 0.6090046203124999 0.42816995156250004 0.6188071296875 0.4269030296875 0.7048058125
1 0.6155509296874999 0.5222627328125 0.5279857296875 0.5262123953125 0.5239140109375 0.6083116328125 0.6130840421875 0.60029920625 0.6155509296874999 0.5222627328125
1 0.521097196875 0.69107026875 0.6084241359375 0.676768178125 0.6134321953125 0.6000341687499999 0.5245353546875 0.6094659203125 0.521097196875 0.69107026875
1 0.5154572843749999 0.7722860015624999 0.6028138859375 0.7539794875 0.6081056078125 0.6772514015625 0.5211006859375 0.6905993453125 0.5154572843749999 0.7722860015624999
1 0.521395453125 0.6908159265625 0.4230413765625 0.7059972234375 0.4176798609375 0.7921475578125 0.5148095421875001 0.7723017765625 0.521395453125 0.6908159265625
1 0.510737828125 0.8544003828125 0.6006435125 0.8319967625 0.60247070625 0.7553969953124999 0.5157529015625 0.77250191875 0.510737828125 0.8544003828125
1 0.41231660156250005 0.8785330390625001 0.5110563499999999 0.8539177921875 0.5159108359375 0.77181294375 0.417676371875 0.79261848125 0.41231660156250005 0.8785330390625001
1 0.42333960781249996 0.7063160484375001 0.315840771875 0.723249053125 0.3116870484375 0.8164190874999999 0.41957071093750004 0.7900521656249999 0.42333960781249996 0.7063160484375001
1 0.3062888921875 0.90751569375 0.4123128546875 0.8772149546874999 0.41778504375000003 0.7915123562499999 0.3116922828125 0.8157123875 0.3062888921875 0.90751569375
1 0.187355909375 0.9453937343750001 0.3072877328125 0.90774916875 0.31096867499999997 0.8159388812499999 0.1925062328125 0.8451223546875 0.187355909375 0.9453937343750001
1 0.1918700296875 0.8460881375 0.3120593140625 0.8162043453125 0.3165228375 0.723729340625 0.197960221875 0.7464884546875 0.1918700296875 0.8460881375
1 0.197009884375 0.747230159375 0.31714941093750004 0.7241775609375 0.32134563125 0.6302861734375 0.2034299140625 0.645734453125 0.197009884375 0.747230159375
1 0.203678378125 0.6466162828125 0.3221921390625 0.6304526187499999 0.32272745 0.5372118515625 0.20443562499999998 0.544388090625 0.203678378125 0.6466162828125
1 0.205804309375 0.4441954734375 0.3254560734375 0.444473128125 0.32678056875 0.3507020046875 0.20938988281249998 0.3428041171875 0.205804309375 0.4441954734375
1 0.20411153437500001 0.545280384375 0.3228757703125 0.5378206015625 0.32549631562500003 0.44382769218749996 0.20580256718749998 0.44443061874999995 0.20411153437500001 0.545280384375
1 0.2089735875 0.34314940625 0.32731286718749997 0.3505407359375 0.3292656875 0.256981421875 0.2103556609375 0.24160521093749998 0.2089735875 0.34314940625
1 0.3312272328125 0.162244484375 0.21110592499999997 0.140319496875 0.21004062812500002 0.24161687812500002 0.329995209375 0.2570965890625 0.3312272328125 0.162244484375
0 0.182355809375 0.1012758546875 0.1438180859375 0.9842558218749999 0.9017191515625 0.782937759375 0.93653054375 0.230319340625 0.182355809375 0.1012758546875