1 0.30177240625 0.3921224421875 0.293044234375 0.443404221875 0.343431809375 0.44978228906249995 0.34960770625 0.4004552375 0.30177240625 0.3921224421875
1 0.349992678125 0.40107387031249997 0.343355603125 0.45091154062500005 0.3945628609375 0.45568546874999993 0.399402803125 0.4050504140625 0.349992678125 0.40107387031249997
1 0.44735131875 0.4096012125 0.39955702187500003 0.40487966562500005 0.394036403125 0.455048925 0.44449837968750006 0.4582099859375 0.44735131875 0.4096012125
1 0.497043740625 0.41361349062499997 0.44746559843749995 0.4079077875 0.44438229375000005 0.4578156578125 0.49529458593750003 0.4627416125 0.497043740625 0.41361349062499997
1 0.49516576875 0.46253594375 0.5453472546875 0.4677490265625 0.545312625 0.4176358484375 0.49682491874999996 0.4126371640625 0.49516576875 0.46253594375
1 0.5455261984375 0.467201771875 0.5961572578125 0.47418056249999996 0.5945576640625 0.4240586515625 0.545312625 0.4176358484375 0.5455261984375 0.467201771875
1 0.5961572578125 0.47418056249999996 0.64621173125 0.48127573124999995 0.64196805625 0.43025013593750006 0.5945703359375 0.4238708953125 0.5961572578125 0.47418056249999996
1 0.6460829765625 0.48106916093749996 0.6954186390625 0.48826361250000005 0.6904949625000001 0.43677231250000004 0.6422122781249999 0.43085004531250004 0.6460829765625 0.48106916093749996
1 0.6460829765625 0.48106916093749996 0.6491477890625 0.5347923234375 0.70265155625 0.5392870421875 0.6953159624999999 0.4876807125 0.6460829765625 0.48106916093749996
1 0.595991046875 0.47453915625 0.5979140015625 0.5283071453125 0.6495842453125 0.5346582109375 0.6463271390625 0.4816699703125 0.595991046875 0.47453915625
1 0.5456422828124999 0.4675960984375 0.545934934375 0.520209096875 0.5982343718750001 0.527778703125 0.5962733421874999 0.4745748890625 0.5456422828124999 0.4675960984375
1 0.49499955625 0.4628945390625 0.49340681562500005 0.5160281484375 0.5463326390625001 0.520639071875 0.5460399875 0.46802607343749997 0.49499955625 0.4628945390625
1 0.444754596875 0.45862204999999995 0.4409295609375 0.5110934625 0.4936891109375 0.51606388125 0.49466645624999994 0.46361164062500004 0.444754596875 0.45862204999999995
1 0.3941644796875 0.45525540937500003 0.38777269531249997 0.50778155625 0.44104496875 0.5114877046874999 0.44449837968750006 0.4582099859375 0.3941644796875 0.45525540937500003
1 0.34394559999999996 0.45060659062499997 0.33625841562500003 0.5033483953125 0.3883118859375 0.5082294390625 0.39354908125 0.4559367765625 0.34394559999999996 0.45060659062499997
1 0.29317299218750004 0.4436107921875 0.28324123125 0.49796664531249996 0.3361169296875 0.5033304875 0.3433810046875 0.4505351234375 0.29317299218750004 0.4436107921875
1 0.28351085781249996 0.498190134375 0.273245546875 0.5511755078125 0.3279569 0.5588601421875 0.3353987953125 0.50342985625 0.28351085781249996 0.498190134375
1 0.335270040625 0.5032232875 0.3277652859375 0.559595153125 0.3825257 0.5644382984375 0.38852958125 0.5071180953125001 0.335270040625 0.5032232875
1 0.388362690625 0.507476603125 0.3830002875 0.56373910625 0.4371585890625 0.56907685 0.44104496875 0.5114877046874999 0.388362690625 0.507476603125
1 0.4377359140625 0.56895965625 0.49163738281249997 0.5738843484375 0.493278059375 0.515821578125 0.44107037031249996 0.5111112875 0.4377359140625 0.56895965625
1 0.4937918484375 0.5166458796875 0.4920985640625 0.5733737296875 0.5460007078125 0.57829850625 0.5456653078125 0.51998560625 0.4937918484375 0.5166458796875
1 0.546242634375 0.5198684124999999 0.546013440625 0.5781098484375 0.6005966515625001 0.5855889015625 0.598118965625 0.5273844624999999 0.546242634375 0.5198684124999999
1 0.59851666875 0.5278144375 0.6010832953125 0.5847009640625 0.654383840625 0.5922070203125 0.64967425 0.5354288687500001 0.59851666875 0.5278144375
1 0.65500030625 0.5936142203125 0.709671390625 0.59768679375 0.7021504359375 0.5382749828125 0.6492892765625 0.534810234375 0.65500030625 0.5936142203125
1 0.65500030625 0.5936142203125 0.6604954421875 0.6556173046875 0.717051921875 0.6591692640625 0.7099276078125001 0.5980988593750001 0.65500030625 0.5936142203125
1 0.6008910046875 0.5854358890625 0.6034622453125 0.6485873953125 0.6602258796875 0.6553929125 0.6547434109375 0.593202071875 0.6008910046875 0.5854358890625
1 0.546564625 0.5783698875 0.5469156265625 0.6406704515625 0.6038853515625 0.6486409515625 0.6004933 0.5850059140625 0.546564625 0.5783698875
1 0.49154737812500005 0.5731136890624999 0.4893570328125 0.6350925703125 0.54690289375 0.6408591125 0.5461415171875 0.57831633125 0.49154737812500005 0.5731136890624999
1 0.43746628750000005 0.5687361656250001 0.43269675 0.6288700406250001 0.4894205078125 0.6341519765625 0.491393159375 0.573284440625 0.43746628750000005 0.5687361656250001
1 0.3822694828125 0.564026234375 0.37584530312500003 0.6254701046875 0.4326851453125 0.63114636875 0.437273996875 0.5694710921875 0.3822694828125 0.564026234375
1 0.3274575859375 0.5599358375000001 0.3189159078125 0.621110765625 0.37611492968750004 0.6256935968749999 0.38225675 0.56421489375 0.3274575859375 0.5599358375000001
1 0.2733101515625 0.5523225828125 0.26159928125 0.6119574562500001 0.3189286390625 0.62092210625 0.32732883125 0.5597292687500001 0.2733101515625 0.5523225828125
1 0.26158655 0.612146115625 0.24913439999999998 0.6764321109375 0.308030525 0.687493246875 0.3176078375 0.621514184375 0.26158655 0.612146115625
1 0.3084289046875 0.68792330625 0.368757915625 0.6925226984374999 0.3758580359375 0.6252814453125 0.3182232359375 0.620832815625 0.3084289046875 0.68792330625
1 0.24922440468749998 0.6772027703125 0.234802596875 0.74959136875 0.29782975624999997 0.7606064156250001 0.30844157499999997 0.6877355515625 0.24922440468749998 0.6772027703125
1 0.36843748593750003 0.6930520421875 0.3084669765625 0.68735913125 0.2974320515625 0.76017644375 0.359943228125 0.76619095 0.36843748593750003 0.6930520421875
1 0.3689113953125 0.692352765625 0.428201903125 0.6975799671875 0.43242599843749996 0.6307676171875001 0.375419265625 0.6254498625 0.3689113953125 0.692352765625
1 0.42278750625 0.7714883578125 0.42779146875 0.697338653125 0.367820284375 0.6916456578125 0.35999403124999996 0.7654381171875 0.42278750625 0.7714883578125
1 0.487479678125 0.7029958328125 0.49020392343749997 0.63519976875 0.43236365 0.6295871421875 0.42773891875 0.6960028328125001 0.487479678125 0.7029958328125
1 0.48749241093749995 0.702807171875 0.5471552171875 0.7088407671875 0.546696803125 0.6396941265625 0.4901139171875 0.6344291109375 0.48749241093749995 0.702807171875
1 0.5474247828125 0.7090651609374999 0.607139525 0.7164335890625 0.6039361546875 0.64788811875 0.546825621875 0.63989979375 0.5474247828125 0.7090651609374999
1 0.6067164171874999 0.71638003125 0.66534004375 0.723041353125 0.6597773703125 0.655715771875 0.603474915625 0.6483996390625 0.6067164171874999 0.71638003125
1 0.6658538328125 0.7238656531250001 0.7255819203125 0.731046409375 0.717102728125 0.6584164296874999 0.6595331453125 0.6551158640625 0.6658538328125 0.7238656531250001
1 0.6067164171874999 0.71638003125 0.610193346875 0.7914138859375 0.6722952156249999 0.79927475 0.6660979953124999 0.7244664640625 0.6067164171874999 0.71638003125
1 0.6659825875000001 0.724072221875 0.672436025 0.7992925734375 0.7340113734375 0.8065177953125 0.7256453953124999 0.7301058171875 0.6659825875000001 0.724072221875
1 0.547630871875 0.7102301453125001 0.5481549546875 0.78261243125 0.61017955 0.789513975 0.606292634375 0.7163263890625 0.547630871875 0.7102301453125001
1 0.48790278281250005 0.703049390625 0.48534881093750004 0.776749946875 0.548540665625 0.78323025 0.547578325 0.7088943249999999 0.48790278281250005 0.703049390625
1 0.42791960625 0.697544234375 0.42281290781249997 0.771111940625 0.4850791859375 0.7765264578125 0.4876332203125 0.7028249953125 0.42791960625 0.697544234375
1 0.23472639062499998 0.7507206203125001 0.21840983593750002 0.8300814937500001 0.2844903265625 0.8401547718750001 0.296816653125 0.760857809375 0.23472639062499998 0.7507206203125001
1 0.297252490625 0.7607227078125 0.28428604062499996 0.8410775421875 0.3507740953125 0.8472158109375 0.359955959375 0.766002290625 0.297252490625 0.7607227078125
1 0.350684090625 0.8464451531250001 0.416607490625 0.8525128593750001 0.42268409374999993 0.770906275 0.35999403124999996 0.7654381171875 0.350684090625 0.8464451531250001
1 0.416492084375 0.8521186171874999 0.4826597671875 0.8587853296875 0.48525880624999995 0.7759792890625 0.42263328749999995 0.771659109375 0.416492084375 0.8521186171874999
1 0.482402875 0.858373178125 0.5485331015625 0.8656050531249999 0.5480660765625001 0.7839294421874999 0.4856057046875 0.7771620968749999 0.482402875 0.858373178125
1 0.548391615625 0.86558714375 0.6137257578125 0.8719589859375001 0.6102695546875 0.7902846343750001 0.547411478125 0.7830873171875 0.548391615625 0.86558714375
1 0.610501046875 0.7910732031250001 0.6137130265625 0.87214764375 0.678829475 0.879630828125 0.6716024828125 0.7989977015624999 0.610501046875 0.7910732031250001
1 0.679458671875 0.8808493703125 0.7447166078125 0.8883504609375 0.7333313734375 0.8060520859375 0.6722952156249999 0.79927475 0.679458671875 0.8808493703125
1 0.679857053125 0.8812794296875 0.6889487109375 0.9680324375 0.7584784921875001 0.9755052671875 0.7446785328125001 0.8889146374999999 0.679857053125 0.8812794296875
1 0.6137903609375 0.8731060625 0.619469671875 0.9598076765625001 0.689347090625 0.9684624984375001 0.6795222062499999 0.879907875 0.6137903609375 0.8731060625
1 0.54882806875 0.8654530296875 0.550555290625 0.951653478125 0.6199055109375 0.9596725734374999 0.6134307296875 0.8721119109375 0.54882806875 0.8654530296875
1 0.47998632812500003 0.944808375 0.5510164718749999 0.9511428609375001 0.5483270109375 0.8644400687499999 0.48268517031249997 0.8584089125000001 0.47998632812500003 0.944808375
1 0.4171848171875 0.852395665625 0.41079071406249995 0.9387070140624999 0.48084588906250003 0.94472781875 0.482544359375 0.8583910890625001 0.4171848171875 0.852395665625
1 0.350684090625 0.8464451531250001 0.3401328140625 0.9331798250000001 0.41132990625000004 0.9391548984375 0.41705667812499997 0.852190084375 0.350684090625 0.8464451531250001
1 0.2847599515625 0.8403782625 0.2709886828125 0.9263257140625001 0.340722809375 0.932874871875 0.3503890625 0.8465980796875 0.2847599515625 0.8403782625
1 0.21884741874999997 0.832035046875 0.20063847968749998 0.9204578390625 0.2705268265625 0.926836246875 0.28431144375 0.8407011234375 0.21884741874999997 0.832035046875
0 0.7862857562500001 1 0.706928565625 0.4182111984375 0.2916979140625 0.370964284375 0.1730840515625 0.9426430046875 0.7240179796875 1 0.7862857562500001 1