1 0.24107268125 0.171764375 0.1450609859375 0.17098375 0.1450609859375 0.23344312500000003 0.2400292390625 0.23578562500000003 0.24107268125 0.171764375
1 0.2389849625 0.23500437500000002 0.328735171875 0.23734687499999998 0.32664828749999997 0.17644875 0.24107268125 0.17098375 0.2389849625 0.23500437500000002
1 0.33082289062500003 0.2381275 0.4163976609375 0.2381275 0.41535421875 0.179571875 0.32664828749999997 0.17801 0.33082289062500003 0.2381275
1 0.4174419375 0.23656625 0.5019732671875 0.23656625 0.4998863828125 0.17801 0.41431077656250004 0.179571875 0.4174419375 0.23656625
1 0.50301754375 0.23734687499999998 0.5875488718749999 0.23656625 0.5833751046875 0.174886875 0.4977994984375 0.17801 0.50301754375 0.23734687499999998
1 0.5875488718749999 0.23578562500000003 0.67103759375 0.23422375 0.6679064328125001 0.17410625 0.581287384375 0.175668125 0.5875488718749999 0.23578562500000003
1 0.7545254796875 0.174886875 0.6699941515625001 0.175668125 0.6720810359375 0.23656625 0.7587000828125 0.23578562500000003 0.7545254796875 0.174886875
1 0.841144528125 0.17332562499999998 0.7555697578125 0.17332562499999998 0.7587000828125 0.23344312500000003 0.83905764375 0.23344312500000003 0.841144528125 0.17332562499999998
1 0.1450609859375 0.23422375 0.14088638281250002 0.291218125 0.2348111953125 0.29278 0.236898078125 0.23578562500000003 0.1450609859375 0.23422375
1 0.2348111953125 0.291218125 0.328735171875 0.29278 0.328735171875 0.23734687499999998 0.23794152031250002 0.23578562500000003 0.2348111953125 0.291218125
1 0.32769172968750004 0.291999375 0.4184853796875 0.29278 0.41535421875 0.23656625 0.32769172968750004 0.23578562500000003 0.32769172968750004 0.291999375
1 0.4174419375 0.291999375 0.505104428125 0.293560625 0.50301754375 0.23734687499999998 0.41535421875 0.23656625 0.4174419375 0.291999375
1 0.5071913109375 0.293560625 0.5948546359375 0.293560625 0.5885923140625 0.23656625 0.5019732671875 0.23656625 0.5071913109375 0.293560625
1 0.5948546359375 0.293560625 0.6804302421874999 0.29278 0.6720810359375 0.23422375 0.5875488718749999 0.23578562500000003 0.5948546359375 0.293560625
1 0.6804302421874999 0.291999375 0.7691361734375 0.2904375 0.7566132 0.2326625 0.673124478125 0.23578562500000003 0.6804302421874999 0.291999375
1 0.76809273125 0.291218125 0.8526248953125 0.28965687500000004 0.8401010859375001 0.23422375 0.7555697578125 0.23422375 0.76809273125 0.291218125
1 0.13621804531249998 0.353828125 0.23290476249999997 0.354184375 0.2348095234375 0.291471875 0.14098078593750002 0.291471875 0.13621804531249998 0.353828125
1 0.23290476249999997 0.353471875 0.327209690625 0.353471875 0.326256475 0.292896875 0.2348095234375 0.292184375 0.23290476249999997 0.353471875
1 0.326732665625 0.353471875 0.41913283281249997 0.354184375 0.4172280703125 0.292540625 0.326732665625 0.29396625 0.326732665625 0.353471875
1 0.41913283281249997 0.353828125 0.5110559734375 0.353828125 0.5062932328125 0.293609375 0.4177042609375 0.293253125 0.41913283281249997 0.353828125
1 0.5115321640625 0.353828125 0.59964578125 0.35204625 0.593453634375 0.292540625 0.5058170421875 0.293253125 0.5115321640625 0.353828125
1 0.6001219718749999 0.35169 0.6882347531249999 0.35169 0.6796616546875 0.291828125 0.593453634375 0.293253125 0.6001219718749999 0.35169
1 0.6887117796875 0.35204625 0.7758721796875 0.35133375 0.76729908125 0.291471875 0.6801378453125 0.291828125 0.6887117796875 0.35204625
1 0.7768245609375 0.35133375 0.8658905593749999 0.348126875 0.8516015031249999 0.28933375 0.76729908125 0.29075937500000004 0.7768245609375 0.35133375
1 0.1357418546875 0.354184375 0.12955054375 0.41832250000000004 0.23004678437499998 0.41725375 0.2314753546875 0.353828125 0.1357418546875 0.354184375
1 0.23004678437499998 0.41761 0.326732665625 0.4168975 0.326732665625 0.354184375 0.2319515453125 0.354184375 0.23004678437499998 0.41761
1 0.327209690625 0.41725375 0.4219908109375 0.416540625 0.41960902187500004 0.353828125 0.327209690625 0.353471875 0.327209690625 0.41725375
1 0.42246700156249994 0.4168975 0.5153425234375 0.416184375 0.5105797828124999 0.353115625 0.41960902187500004 0.353471875 0.42246700156249994 0.4168975
1 0.5153425234375 0.415471875 0.6063141187500001 0.415115625 0.59964578125 0.35169 0.5105797828124999 0.353115625 0.5153425234375 0.415471875
1 0.6063141187500001 0.415115625 0.6968086890625 0.413690625 0.6887117796875 0.35169 0.59964578125 0.35204625 0.6063141187500001 0.415115625
1 0.69776106875 0.41404687500000004 0.7868262328125 0.41262125000000005 0.7758721796875 0.350265 0.6877585625 0.35169 0.69776106875 0.41404687500000004
1 0.7865797828125001 0.41301875 0.8781846281250001 0.4102775 0.8643416875 0.34661875000000003 0.7764018375 0.350578125 0.7865797828125001 0.41301875
1 0.78861570625 0.41332312499999996 0.7983868000000001 0.47728624999999997 0.8908053468749999 0.474545 0.8773700921875 0.4099725 0.78861570625 0.41332312499999996
1 0.6974177109374999 0.41393250000000004 0.70637426875 0.47911374999999995 0.7987936515625 0.47728624999999997 0.7869866328125 0.41301875 0.6974177109374999 0.41393250000000004
1 0.605812865625 0.415455 0.6131411859375 0.48094125 0.70637426875 0.47911374999999995 0.6974177109374999 0.41332312499999996 0.605812865625 0.415455
1 0.5138011703124999 0.41636875 0.5190935671875 0.482464375 0.6127343359374999 0.48094125 0.606219715625 0.415455 0.5138011703124999 0.41636875
1 0.4221963234375 0.41636875 0.42382456093750004 0.483986875 0.5190935671875 0.482464375 0.51502255625 0.41606437500000004 0.4221963234375 0.41636875
1 0.3265204671875 0.48520562500000003 0.42423224687500005 0.484291875 0.4221963234375 0.41606437500000004 0.3265204671875 0.416978125 0.3265204671875 0.48520562500000003
1 0.23043692500000001 0.41758749999999994 0.22717961562500003 0.48642375 0.32692731875000003 0.485814375 0.32611278125 0.416978125 0.23043692500000001 0.41758749999999994
1 0.1294678359375 0.41819625 0.12417543906249999 0.48733750000000003 0.22677276562499998 0.486119375 0.230030075 0.417891875 0.1294678359375 0.41819625
1 0.12458228906249999 0.48703312499999996 0.1180685046875 0.56013375 0.2235154546875 0.55800125 0.22595822812500002 0.485814375 0.12458228906249999 0.48703312499999996
1 0.11847535468749999 0.559524375 0.11196157031250001 0.636889375 0.22066583125 0.634756875 0.2231086046875 0.5573925 0.11847535468749999 0.559524375
1 0.2263659140625 0.48551 0.2235154546875 0.557696875 0.32611278125 0.5570875 0.32733416875 0.48490062500000003 0.2263659140625 0.48551
1 0.32692731875000003 0.48490062500000003 0.32611278125 0.55647875 0.42586048437499996 0.5546506250000001 0.42301086093749996 0.4836825 0.32692731875000003 0.48490062500000003
1 0.42586048437499996 0.5546506250000001 0.5231654140625001 0.5522143749999999 0.5186867171875 0.48185500000000003 0.42423224687500005 0.48337812500000005 0.42586048437499996 0.5546506250000001
1 0.5231654140625001 0.5522143749999999 0.6192481203125 0.5506912500000001 0.6127343359374999 0.48063625 0.5186867171875 0.48307312500000005 0.5231654140625001 0.5522143749999999
1 0.62087719375 0.5503868749999999 0.7149248125 0.5479499999999999 0.7067819546874999 0.478504375 0.6127343359374999 0.48063625 0.62087719375 0.5503868749999999
1 0.7149248125 0.547645625 0.80897243125 0.5461225 0.7979791140625 0.476676875 0.70637426875 0.47911374999999995 0.7149248125 0.547645625
1 0.8101938171875 0.5461225 0.9042406015625 0.543685625 0.8912130328125001 0.47484937499999996 0.7979791140625 0.476676875 0.8101938171875 0.5461225
1 0.8101938171875 0.545513125 0.8211862984374999 0.618309375 0.9180835421875001 0.615568125 0.9046482875 0.543685625 0.8101938171875 0.545513125
1 0.723066834375 0.62074625 0.8207786125000001 0.618309375 0.80897243125 0.545818125 0.7145171265625 0.548559375 0.723066834375 0.62074625
1 0.6204695078125 0.5500818749999999 0.6253550546875 0.62409625 0.7242882203125001 0.621050625 0.7145171265625 0.548254375 0.6204695078125 0.5500818749999999
1 0.5235722640625 0.5522143749999999 0.5268295734375 0.6271424999999999 0.625762740625 0.623791875 0.6192481203125 0.5503868749999999 0.5235722640625 0.5522143749999999
1 0.42667502031250004 0.5546506250000001 0.4278964078125 0.62897 0.5268295734375 0.6268374999999999 0.522757728125 0.551605 0.42667502031250004 0.5546506250000001
1 0.32570593125 0.5570875 0.32529908125 0.632015625 0.427081871875 0.630188125 0.42586048437499996 0.5549556250000001 0.32570593125 0.5570875
1 0.2235154546875 0.558915 0.22025898124999999 0.6341481250000001 0.32611278125 0.6317112500000001 0.32570593125 0.556783125 0.2235154546875 0.558915
1 0.111553884375 0.637498125 0.101782790625 0.71790875 0.214558896875 0.7130356250000001 0.22025898124999999 0.6338431250000001 0.111553884375 0.637498125
1 0.21537343281250002 0.7130356250000001 0.3244845453125 0.7087712500000001 0.32570593125 0.632320625 0.22025898124999999 0.63353875 0.21537343281250002 0.7130356250000001
1 0.32529908125 0.632015625 0.3244845453125 0.709380625 0.4299314953125 0.706639375 0.427488721875 0.6295787500000001 0.32529908125 0.632015625
1 0.427488721875 0.630188125 0.4299314953125 0.7063349999999999 0.532528821875 0.703593125 0.527643275 0.627446875 0.427488721875 0.630188125
1 0.5268295734375 0.6271424999999999 0.532121971875 0.703593125 0.6334979109375001 0.699938125 0.6253550546875 0.6231825 0.5268295734375 0.6271424999999999
1 0.6339047625 0.69963375 0.7365020890625 0.6953693750000001 0.723066834375 0.621355 0.6253550546875 0.6234875 0.6339047625 0.69963375
1 0.7365020890625 0.6956743750000001 0.8374711781249999 0.691105625 0.8203717625 0.619223125 0.7234745203124999 0.621355 0.7365020890625 0.6956743750000001
1 0.8382857140625 0.691105625 0.9384402671875 0.689886875 0.9176766921875 0.6161774999999999 0.8203717625 0.618309375 0.8382857140625 0.691105625
0 0.8745137843749999 0.159811875 0.11279365156250001 0.15329375 0.0640392640625 0.745288125 0.9770091890625 0.70265625 0.8745137843749999 0.159811875