1 0.1619343265625 0.0598318578125 0.18042949375 0.11077452968749998 0.26139075625 0.1289139015625 0.22654479218749998 0.039031131250000003 0.1619343265625 0.0598318578125
1 0.26068325937500003 0.129141675 0.18042949375 0.11077452968749998 0.23342773593750002 0.24811964999999997 0.30765844531250003 0.2509098796875 0.26068325937500003 0.129141675
1 0.35558129374999997 0.3760680765625 0.3085471515625 0.2525301984375 0.23332436875 0.246723346875 0.2842495625 0.3842590171875 0.35558129374999997 0.3760680765625
1 0.398656259375 0.4972008109375 0.3554488234375 0.37446378281250003 0.2856082296875 0.383953746875 0.33721575625 0.5203160546875 0.398656259375 0.4972008109375
1 0.44642627656249995 0.62060806875 0.39968934843750004 0.4970874921875 0.33712813750000004 0.5209273921875 0.3906281078125 0.657634140625 0.44642627656249995 0.62060806875
1 0.45906378437499995 0.47535075625 0.40025442499999997 0.49536204218749996 0.445576009375 0.6180226375 0.5004353703125 0.584633859375 0.45906378437499995 0.47535075625
1 0.500821425 0.585664346875 0.4448940390625 0.6191949265625001 0.48943028593750004 0.7416315078125 0.53985806875 0.6958494953125001 0.500821425 0.585664346875
1 0.41774447031250006 0.36279811562500003 0.35407119374999996 0.37440938749999997 0.39961089375 0.49556922031250006 0.45944227968750007 0.4729710625 0.41774447031250006 0.36279811562500003
1 0.4696650078125 0.35290035937500003 0.4163770734375 0.361499471875 0.4590823609375 0.47404062812500003 0.50672285625 0.4544135171875 0.4696650078125 0.35290035937500003
1 0.5065428953125 0.4549483 0.45930075937500003 0.472540734375 0.500255409375 0.5851686453125 0.54459820625 0.5565961140625 0.5065428953125 0.4549483
1 0.544889965625 0.5578417609375 0.501002309375 0.58635776875 0.53885433125 0.6971253749999999 0.5817915874999999 0.659951003125 0.544889965625 0.5578417609375
1 0.581507975 0.6590886140625 0.5397430375 0.6987456937500001 0.5777362203124999 0.8099447015625 0.6166285921875 0.7626349203125 0.581507975 0.6590886140625
1 0.5325987343749999 0.86683330625 0.5760198812499999 0.8094861140624999 0.5388120375 0.6985111234375 0.490031884375 0.742809003125 0.5325987343749999 0.86683330625
1 0.4458127140625 0.6206782484375 0.39080485625 0.6575197859374999 0.43818997968750006 0.79619515 0.49053389531249997 0.7421714953125 0.4458127140625 0.6206782484375
1 0.489388353125 0.74301618125 0.4380100203125 0.7967299328124999 0.48410807968749997 0.9358196546875 0.5331004593750001 0.8661949328125 0.489388353125 0.74301618125
1 0.4847897671875 0.9346464984375 0.498086209375 0.971732525 0.569428065625 0.9669764000000001 0.5338554375 0.8681647124999999 0.4847897671875 0.9346464984375
1 0.5913663812500001 0.965513846875 0.6166912046874999 0.921252503125 0.5775912046875 0.8099339359375 0.5329205015625 0.8667297156249999 0.5684992296875 0.9670383234375001 0.5913663812500001 0.965513846875
1 0.616625096875 0.7630544828125 0.5784146953125 0.8091919750000001 0.61729658125 0.9220113015625 0.6536766703125 0.865978178125 0.616625096875 0.7630544828125
1 0.6511567359375 0.7222301765625 0.61740581875 0.7635164921875 0.6543727859375 0.8660547328125 0.6861647234375 0.8163457046874999 0.6511567359375 0.7222301765625
1 0.6179969078124999 0.6271577078125 0.5812571609375 0.6596730203125001 0.6171322640625 0.76432940625 0.65099081875 0.72337038125 0.6179969078124999 0.6271577078125
1 0.5848316265625 0.5321990249999999 0.545291728125 0.558216075 0.5817695875 0.660911778125 0.6180758671875 0.6282190765625 0.5848316265625 0.5321990249999999
1 0.55058875625 0.4380200625 0.50692525625 0.45485297031250005 0.54549615 0.5565128968749999 0.58519941875 0.5325048 0.55058875625 0.4380200625
1 0.5139567546875 0.3438135953125 0.4682460796875 0.352865959375 0.5067386609375 0.45346431093749995 0.5498682390625 0.4374065296875 0.5139567546875 0.3438135953125
1 0.4077740890625 0.0624672234375 0.3553838796875 0.045931496875 0.3909502453125 0.1496186828125 0.4404513296875 0.1564742125 0.4077740890625 0.0624672234375
1 0.35482099843750003 0.0468988375 0.29245178906249997 0.027682196875 0.33117319843750004 0.14096300781249999 0.390270978125 0.15022995 0.35482099843750003 0.0468988375
1 0.33105645 0.140608009375 0.29351336093749997 0.027340434375 0.27724917968749996 0.0227073359375 0.226532953125 0.0390349421875 0.2613007671875 0.129270346875 0.33105645 0.140608009375
1 0.37329101875 0.2511855375 0.33094265 0.139338584375 0.2618312296875 0.1290995703125 0.308039215625 0.25175918125 0.37329101875 0.2511855375
1 0.416290478125 0.3623029453125 0.37377647187499996 0.250943075 0.30780543437499996 0.2510483171875 0.35451275625 0.37433329843749996 0.416290478125 0.3623029453125
1 0.42935050625000004 0.2512138515625 0.39088706093750003 0.15121031875 0.3345599140625 0.14144494218749998 0.37408703593750003 0.25092926718749997 0.42935050625000004 0.2512138515625
1 0.46824945625 0.35343460000000004 0.429267775 0.2499411265625 0.3727923328125 0.250559959375 0.416290478125 0.3623029453125 0.46824945625 0.35343460000000004
1 0.47736357187499995 0.252653921875 0.4406155625 0.15591768125 0.390653565625 0.150500321875 0.4297642203125 0.250688075 0.47736357187499995 0.252653921875
1 0.514154034375 0.34489145312499997 0.47723281406250007 0.250255290625 0.429598528125 0.25068396718749997 0.46933945312500003 0.3524861921875 0.514154034375 0.34489145312499997
1 0.6792651765625 0.6885811890625 0.650743421875 0.723424175 0.686313746875 0.8181850078125 0.7137617671875 0.776118475 0.6792651765625 0.6885811890625
1 0.7054007109375 0.6583125812499999 0.6790325125 0.688851428125 0.71313245 0.7763210765624999 0.7362355 0.7393800500000001 0.7054007109375 0.6583125812499999
1 0.7055413781250001 0.6587403109375 0.677190753125 0.576820428125 0.6491323875 0.5986393640625 0.67970930625 0.6887953625 0.7055413781250001 0.6587403109375
1 0.6495017078124999 0.5997623734374999 0.6180406609375 0.6282141328125 0.6504902265625 0.7233582296875001 0.6797347765625 0.6881666890625 0.6495017078124999 0.5997623734374999
1 0.650268171875 0.49185356718750006 0.619783409375 0.5096708296875 0.648917821875 0.5996707531250001 0.6774102625 0.575591153125 0.650268171875 0.49185356718750006
1 0.6196411421875 0.5106483015625 0.58566134375 0.5321473484375 0.6178509156249999 0.6286170546875 0.64921970625 0.5998847609375 0.6196411421875 0.5106483015625
1 0.617342528125 0.41189585937500006 0.5846742375 0.42392312031249996 0.6192186875 0.51062823125 0.6494412281249999 0.492513334375 0.617342528125 0.41189585937500006
1 0.5852082921874999 0.4242912296875 0.5498533671875 0.43792838125 0.5860275421875001 0.533115284375 0.61991508125 0.5113357046875 0.5852082921874999 0.4242912296875
1 0.5869059375 0.32942764687500004 0.55149904375 0.3374924625 0.5845755171875 0.42467017343749996 0.617601625 0.41155391406249997 0.5869059375 0.32942764687500004
1 0.55186409375 0.3376334703125 0.5135307515624999 0.3447474015625 0.550149440625 0.4391697671875 0.5854148234375 0.42439996874999997 0.55186409375 0.3376334703125
1 0.5549029453125 0.2491729015625 0.5185400109375 0.24996574843750002 0.55198609375 0.33826733125 0.585533384375 0.3302621125 0.5549029453125 0.2491729015625
1 0.5186765375 0.2499007296875 0.47712176875 0.25025656875 0.5133459484375 0.3441854640625 0.5510371765625 0.336088053125 0.5186765375 0.2499007296875
1 0.523184675 0.16745914687500002 0.4846745125 0.16328718125 0.517541646875 0.2505322875 0.5545879671875 0.24823251875 0.523184675 0.16745914687500002
1 0.48416263906249996 0.163140778125 0.44052789531250003 0.1566918171875 0.47726430937500003 0.2507660421875 0.5181703171875001 0.25032989375 0.48416263906249996 0.163140778125
1 0.4537585 0.074989746875 0.40898470624999994 0.062187592187499995 0.4407126984375 0.1572537546875 0.483743309375 0.163275778125 0.4537585 0.074989746875
1 0.482325340625 0.1624903703125 0.5228893359375 0.168064590625 0.49247387812500004 0.086862121875 0.4539550421875 0.0741077890625 0.482325340625 0.1624903703125
1 0.5214506609375 0.1668425171875 0.557082553125 0.170644628125 0.529667703125 0.099174553125 0.4923538953125 0.0882767109375 0.5214506609375 0.1668425171875
1 0.5867388734375 0.24793966875 0.5564283703124999 0.17063691875 0.5221054859375001 0.166850015625 0.554055396875 0.2486423984375 0.5867388734375 0.24793966875
1 0.6151217671875 0.3243347890625 0.58612518125 0.2470925828125 0.5543677796875001 0.24810615625 0.5861061000000001 0.32974834375 0.6151217671875 0.3243347890625
1 0.6449517109375 0.40033489843750003 0.616291940625 0.32359324375 0.5873702546875 0.33028547812500003 0.6168388046875 0.4104771578125 0.6449517109375 0.40033489843750003
1 0.645327315625 0.4003863296875 0.6171442546875 0.412296740625 0.6489995390625001 0.49281065156250004 0.6751658875000001 0.4767494359375 0.645327315625 0.4003863296875
1 0.675365965625 0.47725570624999997 0.6490875234375 0.49248070625 0.677483775 0.5758537875 0.70160341875 0.55455984375 0.675365965625 0.47725570624999997
1 0.701693178125 0.5551782328125 0.6771190687499999 0.575090278125 0.705645165625 0.6588581875 0.7285024203125 0.63273491875 0.701693178125 0.5551782328125
1 0.728549590625 0.6333737203124999 0.7055802421874999 0.6586607734375 0.7367295890625 0.7404935312500001 0.754857846875 0.7089094984375001 0.728549590625 0.6333737203124999
1 0.725225284375 0.536041153125 0.7016634765624999 0.554097175 0.7287146578125 0.6328849062499999 0.74937414375 0.60899548125 0.725225284375 0.536041153125
1 0.7494390671875 0.6091928953125 0.7283373531249999 0.633223734375 0.7548403796875001 0.709351753125 0.77458938125 0.67724689375 0.7494390671875 0.6091928953125
1 0.699672809375 0.46215604218750006 0.675312184375 0.4763078375 0.7019566453125 0.5543542031250001 0.7253812921875 0.5359028343750001 0.699672809375 0.46215604218750006
1 0.6434084062500001 0.31721503281249996 0.616089709375 0.32382783125 0.6449794703125 0.400278084375 0.6715720593750001 0.3899712875 0.6434084062500001 0.31721503281249996
1 0.6161469281249999 0.24631127187500002 0.586103825 0.2475121515625 0.615924928125 0.3243175125 0.643490796875 0.31697019375 0.6161469281249999 0.24631127187500002
1 0.6991573765625 0.462455075 0.6717939203125 0.39045905468750003 0.6450553125 0.400013328125 0.675448565625 0.477070165625 0.6991573765625 0.462455075
1 0.5867595984375 0.1726955703125 0.5567988749999999 0.1707771296875 0.5856886359375 0.24722737968750003 0.615725396875 0.2454118984375 0.5867595984375 0.1726955703125
1 0.5569287218750001 0.1711719546875 0.5869775890625 0.17286955937499998 0.5622226515625 0.10749956406250001 0.5308219515625 0.0997164328125 0.5569287218750001 0.1711719546875
0 0.1547175515625 0.0621552296875 0.508754109375 0.97102133125 0.5798532703125 0.9662813874999999 0.7976642328125 0.6980545828125 0.568337240625 0.08987168749999999 0.2511985875 0.0310940765625 0.1547175515625 0.0621552296875