1 0.770881090625 0.9347775734375 0.6985984875 0.9228327046875 0.6866984234375 0.983786821875 0.7569902265625 0.9971289625 0.770881090625 0.9347775734375
1 0.627759403125 0.905600246875 0.619014290625 0.9680925890625 0.686523434375 0.983761134375 0.6989689828125 0.92131676875 0.627759403125 0.905600246875
1 0.5561767375 0.897243684375 0.552126228125 0.9598948046875 0.618800553125 0.9665095015625 0.626843928125 0.90627296875 0.5561767375 0.897243684375
1 0.4861130328125 0.8937409593750001 0.4844972765625 0.954726803125 0.551612303125 0.9594423828125 0.5567420828125 0.8977000078125 0.4861130328125 0.8937409593750001
1 0.4877691046875 0.8261338 0.4863659734375 0.8945490312500001 0.5563657859375 0.8974467125000001 0.5621372859375 0.831699271875 0.4877691046875 0.8261338
1 0.561884396875 0.83089015625 0.5570341703125 0.89773410625 0.6273470359375 0.9070176609375 0.6354929078125 0.8398724859375 0.561884396875 0.83089015625
1 0.6354537062500001 0.840647503125 0.626843928125 0.90627296875 0.6980704796875 0.9217010968749999 0.7108317468750001 0.8552914625 0.6354537062500001 0.840647503125
1 0.7114167171875 0.8553597515625 0.6985593390625 0.9236066765625001 0.7708419421875 0.9355515453125 0.7871659906249999 0.8684889124999999 0.7114167171875 0.8553597515625
1 0.788201596875 0.8679059640625001 0.8057350078125 0.7943605953125 0.7256035875 0.7807198609375 0.7114402937500001 0.8555687125 0.788201596875 0.8679059640625001
1 0.6454713796875 0.7670790375000001 0.6359247578125 0.8396083265625001 0.71120555625 0.8561904437500001 0.725291921875 0.7810727484375 0.6454713796875 0.7670790375000001
1 0.5676552625 0.759943240625 0.562258259375 0.8317880921875 0.6352523406249999 0.8402483999999999 0.645412603125 0.768241040625 0.5676552625 0.759943240625
1 0.4904633140625 0.7521007171874999 0.48730505468749996 0.8261553781250001 0.562019678125 0.8304135718750001 0.5682990078125 0.7588495265625 0.4904633140625 0.7521007171874999
1 0.4902457546875 0.7524456515625 0.4125471890625 0.74298585 0.41410315937500003 0.8168112546874999 0.4872217390625 0.82596574375 0.4902457546875 0.7524456515625
1 0.48877207343749995 0.825772190625 0.41348015 0.8172908703124999 0.41489187968749996 0.8858200796875 0.4863367546875 0.8939806499999999 0.48877207343749995 0.825772190625
1 0.41510689375 0.8861534421874999 0.41596664375000003 0.9472273265625001 0.48386867968749997 0.9548459515625 0.48571868125 0.8953203937499999 0.41510689375 0.8861534421874999
1 0.3447149734375 0.8770826484375001 0.3489539203125 0.9387467078125 0.41696944374999995 0.9469004156249999 0.41553056718750003 0.8845595453125 0.3447149734375 0.8770826484375001
1 0.33948650156250004 0.8074608390625 0.34411872187500003 0.877080375 0.41568480625 0.8854350015625 0.41333277500000004 0.8179280609375 0.33948650156250004 0.8074608390625
1 0.41397770312500004 0.8169523171874999 0.41245791093750006 0.7408418 0.33493430625 0.7323187890625 0.339853659375 0.8080360531249999 0.41397770312500004 0.8169523171874999
1 0.3347891703125 0.7312476546875 0.2571602140625 0.720866990625 0.2657967484375 0.797808315625 0.33986693749999997 0.8077735328125 0.3347891703125 0.7312476546875
1 0.339643075 0.8082744921874999 0.26542774687500004 0.7972381453125 0.2735259921875 0.8691066093750001 0.34407043593750003 0.8783803734375001 0.339643075 0.8082744921874999
1 0.2732494125 0.8695193515625 0.2817984078125 0.9324766796875 0.349071915625 0.939553753125 0.34424998125 0.8772798125 0.2732494125 0.8695193515625
1 0.20462344687499998 0.8580802656250001 0.2151491828125 0.9212683593750001 0.2816239125 0.931970246875 0.27389613125 0.8685396093750001 0.20462344687499998 0.8580802656250001
1 0.1936124328125 0.7887713078125 0.20459694218750002 0.8586042656249999 0.273214721875 0.8689492796874999 0.2655342390625 0.797958628125 0.1936124328125 0.7887713078125
1 0.1796972265625 0.7105961781250001 0.1929496234375 0.7882951921875 0.2653169625 0.7974345765625 0.2574582515625 0.721301575 0.1796972265625 0.7105961781250001
1 0.2567030609375 0.7205575765625001 0.24681117187499998 0.635770940625 0.1643810546875 0.6251717140624999 0.1801687484375 0.7109763171875 0.2567030609375 0.7205575765625001
1 0.24656723593750002 0.6357424640625 0.25695324531249997 0.7215677140625 0.3348595578125 0.7307666546875 0.32795538125 0.647521478125 0.24656723593750002 0.6357424640625
1 0.3281665671875 0.6481973703125 0.3345030859375 0.7315972171875 0.41207816093750005 0.741928459375 0.4106130859375 0.6584723671875 0.3281665671875 0.6481973703125
1 0.410427553125 0.6579015203125 0.41214407656249996 0.740436934375 0.49015678906250004 0.7521164859375 0.49232070468750005 0.6694143968749999 0.410427553125 0.6579015203125
1 0.5756135125 0.6775114796875 0.492743078125 0.670766184375 0.4905878125 0.7521983640625 0.5676014406250001 0.7582599359375 0.5756135125 0.6775114796875
1 0.57506869375 0.6766651265625 0.5677728156249999 0.7578233375 0.6454036546874999 0.7662357765625 0.657303971875 0.686265275 0.57506869375 0.6766651265625
1 0.6573552234375 0.6863038718750001 0.6452437203125 0.7655984796874999 0.7253049828125 0.7806418671875 0.7414274421875 0.698396225 0.6573552234375 0.6863038718750001
1 0.7418300671875 0.697783571875 0.7255857390625 0.7811512359375 0.8060300484375 0.7921698796875 0.825707446875 0.708876846875 0.7418300671875 0.697783571875
1 0.7588412499999999 0.607089290625 0.7410164390625 0.69743188125 0.8253504875000001 0.7089477468750001 0.848380596875 0.6178672093750001 0.7588412499999999 0.607089290625
1 0.7600617140625 0.607231765625 0.670294834375 0.596101140625 0.6569115265625001 0.685985896875 0.7405961249999999 0.6972639265625 0.7600617140625 0.607231765625
1 0.67025171875 0.5955406062499999 0.58263189375 0.5856380140625 0.5748115734375 0.6771485265625 0.6565753812499999 0.6863674890625 0.67025171875 0.5955406062499999
1 0.5834143984375 0.58566308125 0.4952904078125 0.576025671875 0.49275717812500003 0.669780975 0.575611265625 0.6768494546875 0.5834143984375 0.58566308125
1 0.49570792812500003 0.577018134375 0.40888540312500005 0.5659061359375 0.4103549046875 0.65817605 0.491896859375 0.6696616046874999 0.49570792812500003 0.577018134375
1 0.321181978125 0.5546892 0.3284592421875 0.6486123921875 0.40980852968750003 0.6586477765625001 0.40845967656250004 0.566504521875 0.321181978125 0.5546892
1 0.23465327187499999 0.5426351687500001 0.2465987859375 0.636453146875 0.32798939374999997 0.6476653765625 0.320905346875 0.55530709375 0.23465327187499999 0.5426351687500001
1 0.1486265671875 0.5301547328125 0.16564719375 0.6255415125 0.2467610921875 0.635677771875 0.23489493437500003 0.5425045171875 0.1486265671875 0.5301547328125
1 0.128464834375 0.4235679515625 0.149844834375 0.530434775 0.23479455625 0.542950453125 0.22019013906249998 0.437740478125 0.128464834375 0.4235679515625
1 0.21919423437500002 0.43805662031250003 0.2351843515625 0.5416966359375001 0.321399790625 0.5539781687499999 0.3123060296875 0.45065927656250004 0.21919423437500002 0.43805662031250003
1 0.31160618125 0.45053865000000004 0.321036290625 0.5547121703125 0.40812902500000003 0.5660082640625 0.40536694375 0.4632160109375 0.31160618125 0.45053865000000004
1 0.30163970625 0.3311440875 0.311887096875 0.451437309375 0.4053886875 0.46278614375 0.4015924234375 0.3441118921875 0.30163970625 0.3311440875
1 0.2011025703125 0.3168097859375 0.2194685484375 0.43804971875 0.3129483921875 0.44982842187500005 0.3026574078125 0.3303970296875 0.2011025703125 0.3168097859375
1 0.106301575 0.30530925625 0.12869560625 0.42442183125 0.21878558125 0.43676324843750003 0.2021420703125 0.31563181406249996 0.106301575 0.30530925625
1 0.08170589687499999 0.16515259375 0.106042453125 0.303979684375 0.201093375 0.3175567453125 0.18557705468750002 0.17814437968750002 0.08170589687499999 0.16515259375
1 0.185945840625 0.177321565625 0.202098528125 0.3164925953125 0.30173377343749996 0.331686371875 0.2904013640625 0.19168089531250002 0.185945840625 0.177321565625
1 0.2897185328125 0.19089418125 0.30283980625 0.3318775625 0.4020891921875 0.3443540015625 0.3987647328125 0.20492356093750003 0.2897185328125 0.19089418125
1 0.40529614374999995 0.46285740156250005 0.40831871875000003 0.5645501265624999 0.49597823906249994 0.57721591875 0.49914398593750003 0.4738132015625 0.40529614374999995 0.46285740156250005
1 0.4009154625 0.34281665625 0.4049716859375 0.4628195265625 0.4986973859375 0.4737252953125 0.501105553125 0.357543903125 0.4009154625 0.34281665625
1 0.399050784375 0.20531255937499998 0.40184608125 0.34379116249999997 0.50099098125 0.3573285265625 0.50580161875 0.219507434375 0.399050784375 0.20531255937499998
1 0.6034890875000001 0.3652036578125 0.593103109375 0.483087084375 0.685060075 0.4943281953125 0.703277415625 0.37685294687500004 0.6034890875000001 0.3652036578125
1 0.8041482562500001 0.3872745796875 0.7029168953125 0.37726115312499997 0.6861713359375 0.49305023437499995 0.7794640625 0.5052942078125 0.8041482562500001 0.3872745796875
1 0.6851788203125 0.492483025 0.67076024375 0.5959113890625 0.7590019781249999 0.607114365625 0.7795094546875 0.5043968203125 0.6851788203125 0.492483025
1 0.5914340499999999 0.48244089375000004 0.5827211046875 0.5874380218749999 0.6701451406250001 0.596752790625 0.684818246875 0.4928922734375 0.5914340499999999 0.48244089375000004
1 0.6024604250000001 0.368208259375 0.501634190625 0.356889146875 0.498464909375 0.47336043749999995 0.591664234375 0.48292963125000005 0.6024604250000001 0.368208259375
1 0.5062309703125 0.2189315671875 0.501950159375 0.3573773765625 0.6027867703124999 0.3666703359375 0.6137991671874999 0.2314890796875 0.5062309703125 0.2189315671875
1 0.6141151375 0.231977309375 0.6019199515625 0.3654392046875 0.70335334375 0.3769217796875 0.7221800328125 0.24143445312499998 0.6141151375 0.231977309375
1 0.7215942171874999 0.239561740625 0.70206885625 0.37667924531249997 0.803548834375 0.3871309578125 0.8329518921875 0.25120760625 0.7215942171874999 0.239561740625
1 0.9390762125000001 0.2654019359375 0.8318005578125 0.2537802109375 0.8032556671875 0.3875891078125 0.9031347265624999 0.3974446671875 0.9390762125000001 0.2654019359375
1 0.7793992984375 0.5039999500000001 0.7578547015625 0.607047765625 0.8484003359375001 0.6180578359375 0.8737752703125 0.515017403125 0.7793992984375 0.5039999500000001
1 0.8040381 0.386877709375 0.7787454484375 0.503472275 0.875872940625 0.5139093046875 0.904909728125 0.3972994328125 0.8040381 0.386877709375
1 0.4978699921875 0.4732846734375 0.4960677953125 0.5770938109375 0.5828233453125 0.5861074984375 0.5919037625 0.48350046874999997 0.4978699921875 0.4732846734375