1 0.9603417875 0.6130832984375 0.9663757687500001 0.5414005140625 0.9666397625 0.5374406015625001 0.9624449687500001 0.5308065390625 0.8980935750000001 0.5718195796875001 0.9356936171875001 0.6290599078125 0.9603417875 0.6130832984375
1 0.9629043890625001 0.5310326375 0.9255645953125 0.4706675859375 0.8585421796875 0.50939630625 0.89849960625 0.5711928703125 0.9629043890625001 0.5310326375
1 0.8734467609375001 0.6715194453125 0.9154572906249999 0.729601415625 0.952696590625 0.703907071875 0.9564452187500001 0.6593739296875001 0.9369673359374999 0.6283585296875 0.8734467609375001 0.6715194453125
1 0.937867559375 0.628690478125 0.897439390625 0.5699967546875 0.83273616875 0.6129863953125 0.8737878046875001 0.6713453359375 0.937867559375 0.628690478125
1 0.8588975171875 0.5096472296875 0.7896207046875 0.550615471875 0.8333305390625 0.6125897140625 0.8982540203125 0.570497340625 0.8588975171875 0.5096472296875
1 0.8589161046875 0.5094264109375 0.8168306125000001 0.4457689 0.7467234265625 0.4860270390625 0.7909126296875 0.549356346875 0.8589161046875 0.5094264109375
1 0.8160541890624999 0.4465438546875 0.858767459375 0.5097933375 0.9258726968750001 0.4708958265625 0.8867511718750001 0.4063178953125 0.8160541890624999 0.4465438546875
1 0.773473359375 0.3782070875 0.8170321671874999 0.44548943750000003 0.88631381875 0.4063363203125 0.8440404031250001 0.3395247828125 0.773473359375 0.3782070875
1 0.6982396093750001 0.41728504375000003 0.745951915625 0.48588443124999997 0.8163457484375 0.44564678437499994 0.7721705265625001 0.3774698234375 0.6982396093750001 0.41728504375000003
1 0.8435450156250001 0.3392412640625 0.7981019546875 0.2698672578125 0.722256703125 0.307033903125 0.77335046875 0.3779265609375 0.8435450156250001 0.3392412640625
1 0.6451761125 0.3463736625 0.699572203125 0.41712898125000003 0.7727465312499999 0.3776107765625 0.722144225 0.3069050671875 0.6451761125 0.3463736625
1 0.5890340375 0.2709367125 0.64618425 0.3461395859375 0.722849975 0.30754251718750003 0.6689523421875 0.2340380234375 0.5890340375 0.2709367125
1 0.746934209375 0.1975071671875 0.6699589921875 0.23338100156250002 0.722176796875 0.3072451390625 0.7976883531250001 0.26951540937499996 0.746934209375 0.1975071671875
1 0.5339001765625 0.1906273234375 0.589389434375 0.270481934375 0.670107453125 0.23343485312499998 0.6148038890625 0.1571022515625 0.5339001765625 0.1906273234375
1 0.69815760625 0.12086445625 0.614428628125 0.157793025 0.6699391265625 0.23361700000000002 0.7484746515625 0.198065371875 0.69815760625 0.12086445625
1 0.6451952515625 0.34659792500000003 0.5635610578125 0.3866750234375 0.6206147 0.46037040781250005 0.698030721875 0.4174753765625 0.6451952515625 0.34659792500000003
1 0.6455986015625 0.3466199296875 0.5882421625 0.271696959375 0.5026995390625 0.31004613281250004 0.56376261875 0.386483596875 0.6455986015625 0.3466199296875
1 0.5882929296875 0.27109385 0.53338759375 0.1911539390625 0.44340350156249997 0.22926080624999998 0.502891134375 0.3098299015625 0.5882929296875 0.27109385
1 0.5027122171875 0.310369175 0.4116929734375 0.3511460234375 0.4771953171875 0.43045160937500004 0.5641786421874999 0.38683973437499997 0.5027122171875 0.310369175
1 0.4431346109375 0.2283574234375 0.3472460890625 0.269171565625 0.4115406703125 0.3529553515625 0.5023282515624999 0.3103482265625 0.4431346109375 0.2283574234375
1 0.47527830312499997 0.42894740468750003 0.4135090828125 0.352053403125 0.3154583328125 0.3973387328125 0.3846433890625 0.4759315609375 0.47527830312499997 0.42894740468750003
1 0.41168935937500006 0.351607515625 0.3466884546875 0.2689886328125 0.2417641296875 0.313205053125 0.31520270625 0.397346278125 0.41168935937500006 0.351607515625
1 0.3819034375 0.4764378734375 0.3143298390625 0.3967995359375 0.210385021875 0.4459247421875 0.28492763593750003 0.5265886703125 0.3819034375 0.4764378734375
1 0.24156048125 0.3127163125 0.12947192031250002 0.35931686093750004 0.211338909375 0.44563016875 0.31317026718749996 0.397235396875 0.24156048125 0.3127163125
1 0.3840516484375 0.47657239999999995 0.44738981874999995 0.5518022984375001 0.5364921734375 0.5032960875 0.47661511093750003 0.43029448437499995 0.3840516484375 0.47657239999999995
1 0.563581734375 0.3860328375 0.47532257656250004 0.43081182343749996 0.538524615625 0.50340696875 0.621541596875 0.45855689218749995 0.563581734375 0.3860328375
1 0.6992664890625 0.41776462499999995 0.62064584375 0.45958183124999996 0.6708351453125 0.5287939859375 0.7466281390625 0.48600243125000003 0.6992664890625 0.41776462499999995
1 0.7458217796875 0.4860645015625 0.67139051875 0.5287944734375001 0.7189983671875 0.5965639171875 0.7917326359375 0.55123605 0.7458217796875 0.4860645015625
1 0.670300734375 0.5284563437500001 0.5922967328125 0.5737760890625 0.645215909375 0.6404426062499999 0.719200325 0.5947815640624999 0.670300734375 0.5284563437500001
1 0.6198645703125 0.4588612328125 0.5366883015624999 0.50362081875 0.5933865171875 0.57411421875 0.669864090625 0.5283451765625 0.6198645703125 0.4588612328125
1 0.5928943609374999 0.5744312093749999 0.50837483125 0.624254309375 0.56427016875 0.69026310625 0.6453107625000001 0.6411222890625 0.5928943609374999 0.5744312093749999
1 0.5933043890625 0.5747814734375 0.5365105125 0.5038052234375 0.449069596875 0.5518287749999999 0.5087024312499999 0.6255837640624999 0.5933043890625 0.5747814734375
1 0.383440871875 0.47700977968749997 0.2844633484375 0.5262992234375 0.35377250781249997 0.603461765625 0.449251125 0.5516660640625 0.383440871875 0.47700977968749997
1 0.50752726875 0.6245415125 0.4488968171875 0.550730984375 0.35524180156249996 0.6028493921875 0.420117925 0.675847128125 0.50752726875 0.6245415125
1 0.12996672812500001 0.36100621093749996 0.0115709375 0.4097347078125 0.095700109375 0.497626509375 0.2088367484375 0.4451401171875 0.12996672812500001 0.36100621093749996
1 0.2091825578125 0.44530594843750004 0.0964667828125 0.4966479078125 0.178185759375 0.58012616875 0.2841588734375 0.5260829640625 0.2091825578125 0.44530594843750004
1 0 0.5802552890625 0.061838796875000004 0.6395880359375 0.177695009375 0.5803052828124999 0.0961228328125 0.49736326875000003 0 0.542640721875 0 0.5802552890625
1 0.1776183796875 0.5798387218750001 0.06268874375 0.639867328125 0.14571371093750002 0.7206966234375 0.2529023703125 0.6580731359375 0.1776183796875 0.5798387218750001
1 0.2839285796875 0.5267809546875 0.176957278125 0.579904559375 0.2528768765625 0.6581667171875 0.35448558281250003 0.6028005109375 0.2839285796875 0.5267809546875
1 0.4194220609375 0.6755769328125 0.3548123234375 0.6028183359375 0.2521993984375 0.6586254125 0.32301970468749996 0.73171520625 0.4194220609375 0.6755769328125
1 0.2529457171875 0.657932696875 0.1471103046875 0.7209038343749999 0.222300828125 0.7959526328125001 0.3230422421875 0.7314474640624999 0.2529457171875 0.657932696875
1 0.22323684375 0.7956390609375 0.2945511203125 0.866561746875 0.3891555078125 0.8015456890625 0.32358582343750003 0.731389771875 0.22323684375 0.7956390609375
1 0.4200661078125 0.6749645984375 0.32224070625 0.732256403125 0.389514553125 0.8015652765624999 0.480745809375 0.7438395515625 0.4200661078125 0.6749645984375
1 0.5101663671875001 0.6238563921875 0.4195753890625 0.6768948015625 0.4815757140625 0.743057115625 0.5641641671875 0.690409834375 0.5101663671875001 0.6238563921875
1 0.45208193750000003 0.867071540625 0.36211056875000003 0.9337995953125 0.426963721875 0.9954819515625 0.510363846875 0.9284224343749999 0.45208193750000003 0.867071540625
1 0.5543439703125 1 0.5672556859375 0.9891581625000001 0.509533875 0.9297233984375 0.427456909375 0.996882134375 0.43063315312499995 1 0.5543439703125 1
1 0.294568678125 0.866826821875 0.3613699375 0.9340281593749999 0.451648425 0.8670333343750001 0.38911455781250004 0.8014262984375 0.294568678125 0.866826821875
1 0.47953605781249997 0.74415551875 0.388792003125 0.8019535781249999 0.451550153125 0.866779796875 0.5368075203125 0.8089513796875 0.47953605781249997 0.74415551875
1 0.5372013984375 0.8083919453125 0.4511972421875 0.866522075 0.5101181046875001 0.928301578125 0.5910285375 0.8703635656250001 0.5372013984375 0.8083919453125
1 0.5908497140625 0.869337540625 0.5082767171875 0.9292146156250001 0.5669975796875 0.9887655828125 0.6456795359374999 0.930027321875 0.5908497140625 0.869337540625
1 0.668008753125 0.8143712234375 0.5908747359375 0.86986645 0.6450603 0.9300254296875 0.7196849984375 0.873552425 0.668008753125 0.8143712234375
1 0.6175755374999999 0.7545888749999999 0.5369720328125 0.8087815015625001 0.5907705578125 0.86994741875 0.66763690625 0.8152417328125001 0.6175755374999999 0.7545888749999999
1 0.48010715781249996 0.7447953265625 0.5370878171875 0.80827621875 0.61765305 0.7545272484375001 0.5652564953125 0.6897373828125 0.48010715781249996 0.7447953265625
1 0.6682293828125 0.815231075 0.7185897453125001 0.8731911203125 0.78797294375 0.8225873078125 0.739905578125 0.764782165625 0.6682293828125 0.815231075
1 0.618068003125 0.7541360312500001 0.6669788750000001 0.8153923109375001 0.73968475625 0.7647618015625001 0.69321423125 0.704046965625 0.618068003125 0.7541360312500001
1 0.7646451062499999 0.65675479375 0.7192987343749999 0.5944936984375 0.6452366796875 0.641242334375 0.6932664875000001 0.7043624609375 0.7646451062499999 0.65675479375
1 0.5659544375000001 0.6899057828124999 0.617278725 0.7542926203125 0.693578415625 0.7041597265624999 0.644754353125 0.6406163828125 0.5659544375000001 0.6899057828124999
1 0.8532496875 0.773423203125 0.8080002984375 0.7163658953125001 0.7395008671875 0.7638179953125 0.7877890734374999 0.8226126296875 0.8532496875 0.773423203125
1 0.6923036015624999 0.7044555078125 0.7391167859375 0.7651973546875 0.8090720171875001 0.7166212390625 0.7648340546875 0.6568233328125 0.6923036015624999 0.7044555078125
1 0.8338824453125 0.612400071875 0.7658666015625 0.657279653125 0.8087794265625 0.7166052765625001 0.873302065625 0.6719385765625 0.8338824453125 0.612400071875
1 0.9142378796875 0.729360196875 0.8731023499999999 0.6711277015625 0.8082117343749999 0.7163545546875 0.8529168328125 0.7742050265625 0.9142378796875 0.729360196875
1 0.76494194375 0.657006684375 0.8327326234375001 0.6133369734375 0.7913995625 0.551095178125 0.718471925 0.5939064875 0.765033828125 0.6576335203125 0.76494194375 0.657006684375
1 0 0.5415722015625 0.09655166093749999 0.49642169531249997 0.011119334375000001 0.40814892656249996 0 0.4254422 0 0.5415722015625
0 0.6139972171875 1 0.9502621906250001 0.7328273828125 0.9663757687500001 0.5414004953125 0.9694064890625 0.49593970625 0.713033965625 0.076177603125 0 0.4609458109375 0 0.5213281484375 0.3949020734375 1 0.6139972171875 1