1 0.7124803203125001 0.6742830828125 0.718548959375 0.740224490625 0.768069509375 0.7164094249999999 0.7622072906249999 0.6534572140625 0.7124803203125001 0.6742830828125
1 0.7707608984375 0.58869784375 0.717830409375 0.6052439453125 0.7125177421875 0.67372175 0.7640418578125 0.6535297796874999 0.7707608984375 0.58869784375
1 0.7228106515625 0.5353741078125 0.719137096875 0.6054314609375 0.7708521046875 0.588368390625 0.775029228125 0.5220363015625 0.7228106515625 0.5353741078125
1 0.7243488734375 0.46375000625 0.7233020359375 0.5355136515625001 0.7755715515625 0.5216914046875 0.7800703890625 0.4539291796875 0.7243488734375 0.46375000625
1 0.72814325 0.3915074640625 0.7242952078125 0.464182153125 0.7803586828125 0.453985803125 0.7848409453125 0.3857265359375 0.72814325 0.3915074640625
1 0.7298193796875 0.3170424265625 0.72683418125 0.3917151890625 0.785070190625 0.3852839859375 0.7892820125 0.3146362828125 0.7298193796875 0.3170424265625
1 0.7357569500000001 0.240762390625 0.730171171875 0.3170786859375 0.7888466171874999 0.31433604375 0.7926815359375 0.242790325 0.7357569500000001 0.240762390625
1 0.7923942671875001 0.24373035468749998 0.8148670093750001 0.1682752984375 0.7543759734375 0.15994122500000002 0.735678228125 0.2406382328125 0.7923942671875001 0.24373035468749998
1 0.7546006375000001 0.1602997703125 0.6869678140625 0.15071223125 0.6737916687500001 0.236232271875 0.7348803828125 0.24027514062500002 0.7546006375000001 0.1602997703125
1 0.73553199375 0.240767753125 0.6732907765625 0.2362619546875 0.667080596875 0.3182024265625 0.7306032499999999 0.31676289999999996 0.73553199375 0.240767753125
1 0.7301076078125 0.31698019374999997 0.6667544765625 0.317940865625 0.6651840828125 0.39755784375 0.7269995406249999 0.39136540468750003 0.7301076078125 0.31698019374999997
1 0.726621809375 0.3913187296875 0.66523330625 0.3964466578125 0.6637377125 0.4749416359375 0.7243445187499999 0.4640683359375 0.726621809375 0.3913187296875
1 0.723807753125 0.46459617656249996 0.6638340546875 0.47466832031250006 0.66252539375 0.5503593015625 0.722085225 0.5352829609375 0.723807753125 0.46459617656249996
1 0.7225171640625 0.5351823296875 0.6619688859374999 0.5501313140625 0.6589347562500001 0.62555135625 0.7173700546874999 0.6056776140625 0.7225171640625 0.5351823296875
1 0.7182066 0.605140640625 0.6585846765625 0.624876859375 0.6537481875 0.6974241937500001 0.71258203125 0.67338326875 0.7182066 0.605140640625
1 0.7117710625 0.6736431515625 0.6524257203125 0.696714353125 0.6595473875 0.7692981015625 0.7185495937499999 0.7400418453125 0.7117710625 0.6736431515625
1 0.652847365625 0.6968746328125001 0.588074371875 0.72287513125 0.5954093265625 0.7997299140624999 0.659756009375 0.7689118875000001 0.652847365625 0.6968746328125001
1 0.5933685546875 0.6469778546875 0.5874699765625 0.724244325 0.6534346671875 0.697586203125 0.6583931515625 0.6246870062500001 0.5933685546875 0.6469778546875
1 0.5931507625 0.647674715625 0.6592261171875 0.6245765546875 0.6627192453124999 0.55010145625 0.5944342265625 0.5686331906250001 0.5931507625 0.647674715625
1 0.5951498015625 0.5684725875 0.6623512 0.5508948734375 0.6639302218750001 0.47441095468750005 0.5948430796874999 0.48710423281250004 0.5951498015625 0.5684725875
1 0.59459973125 0.4874387171875 0.663754203125 0.47421487031250004 0.664369884375 0.397946078125 0.5976200375 0.4047556375 0.59459973125 0.4874387171875
1 0.598109828125 0.40420003437499996 0.6650891421875 0.3974373046875 0.666129728125 0.318123975 0.5995532875 0.31900340625 0.598109828125 0.40420003437499996
1 0.6728323359374999 0.236440521875 0.6028487078125 0.23220693906249998 0.5992912875 0.319204859375 0.6663777046875 0.3185189890625 0.6728323359374999 0.236440521875
1 0.673203115625 0.23673795000000003 0.6874050406250001 0.1507852625 0.616093896875 0.1402981296875 0.6022933953125 0.23144167968749998 0.673203115625 0.23673795000000003
1 0.6025313515625 0.231614171875 0.520139434375 0.22662580625 0.5180726859375 0.3211717703125 0.5991939562499999 0.3194264390625 0.6025313515625 0.231614171875
1 0.616406653125 0.139348621875 0.53926643125 0.12659992343749998 0.5203898796875001 0.226610965625 0.6017915546875 0.23115268281249998 0.616406653125 0.139348621875
1 0.599814890625 0.3195802203125 0.5192887546875 0.32025505625 0.5193965421875 0.41206450156249996 0.597943959375 0.403931634375 0.599814890625 0.3195802203125
1 0.59811065 0.404307559375 0.5198497203125 0.41211135312499997 0.5194074171875 0.5009732171875 0.5948785609375 0.4869049125 0.59811065 0.404307559375
1 0.5953408328124999 0.48697513125 0.5194447953125 0.50041255 0.51981525 0.5882952765625 0.595566340625 0.5669916796875001 0.5953408328124999 0.48697513125
1 0.5945979828125 0.5680544109375 0.5203048828125 0.587355871875 0.5185486671875 0.673502009375 0.5921421859375 0.6471169328124999 0.5945979828125 0.5680544109375
1 0.592552521875 0.64732701875 0.5188489796875 0.6727391671875 0.5131761781249999 0.7540893421875 0.5880856109375 0.7244110375 0.592552521875 0.64732701875
1 0.5877447921875001 0.7231981249999999 0.513717115625 0.7534722734375 0.519339578125 0.83731854375 0.59514055 0.7994071859375 0.5877447921875001 0.7231981249999999
1 0.5128108859375 0.7540691546875 0.4268487171875 0.791275840625 0.43014747656249996 0.8780188703125 0.5195102375 0.8369558296875 0.5128108859375 0.7540691546875
1 0.51266085625 0.75341666875 0.518338546875 0.67273886875 0.429134375 0.7030205703125 0.4263653953125 0.7921072984374999 0.51266085625 0.75341666875
1 0.43000082187500005 0.70348650625 0.51953428125 0.6727397265625 0.5197384421875 0.58815573125 0.4310436765625 0.611701840625 0.43000082187500005 0.70348650625
1 0.51957446875 0.5011173734375001 0.43039714218749997 0.5175603640625 0.43100352812500003 0.6114784484375 0.5203979796875 0.5881166484375 0.51957446875 0.5011173734375001
1 0.4318744859375 0.5173718859374999 0.5198970125 0.5003273171875 0.5192026281250001 0.4122167671875 0.4308625015625 0.42057601250000004 0.4318744859375 0.5173718859374999
1 0.42588950625 0.323259196875 0.4300638390625 0.4218763703125 0.51995456875 0.412562659375 0.5183377124999999 0.3204588296875 0.42588950625 0.323259196875
1 0.5197897515625 0.227929440625 0.42557961562499996 0.22144479375 0.42601415937500003 0.3223082203125 0.5187170296875 0.32016210625 0.5197897515625 0.227929440625
1 0.53903494375 0.127462275 0.444304034375 0.110759140625 0.42502459375 0.2208083375 0.5202178703125 0.22640800312499998 0.53903494375 0.127462275
1 0.44458945781250003 0.11096534218750001 0.32881499375 0.09193872656249999 0.314543675 0.21195643125000002 0.425142590625 0.21951776875 0.44458945781250003 0.11096534218750001
1 0.42563934843749995 0.22054879375 0.31548776093750003 0.21123114062499998 0.31872107031249997 0.32396364843750003 0.42512311406250003 0.3223444203125 0.42563934843749995 0.22054879375
1 0.42542388750000004 0.3224135875 0.3190368234375 0.3238081453125 0.32074044687500003 0.4326139015625 0.42991266250000004 0.4207883484375 0.42542388750000004 0.3224135875
1 0.4303969109375 0.517510575 0.430240259375 0.42133402656249996 0.320827465625 0.4322807125 0.3232196609375 0.536936628125 0.4303969109375 0.517510575
1 0.43059066562500004 0.5174672203124999 0.3223789359375 0.5372699921875 0.3256705609375 0.6401793234375 0.43154075937499997 0.611063465625 0.43059066562500004 0.5174672203124999
1 0.43146660781249996 0.611816225 0.325970025 0.6401615781250001 0.3277020984375 0.739592159375 0.42893962031250005 0.7034650609375 0.43146660781249996 0.611816225
1 0.3260856 0.8355072375000001 0.3325978875 0.9304146984375 0.4309993296875 0.8786105093750001 0.4267376625 0.7902651234375 0.3260856 0.8355072375000001
1 0.430164690625 0.70302591875 0.3280120546875 0.7394303609375 0.3263710234375 0.8357134390625 0.4267376625 0.7902651234375 0.430164690625 0.70302591875
1 0.2377319046875 0.981961565625 0.3321236171875 0.9302980421875 0.32601921875 0.8361034890625 0.20556861875000002 0.8872055953125001 0.21922275 0.9830584046874999 0.2377319046875 0.981961565625
1 0.2053492703125 0.8884185 0.32560409218749997 0.835765528125 0.3278211578125 0.7387650234375001 0.20223778124999997 0.782820446875 0.2053492703125 0.8884185
1 0.200478609375 0.6748878671874999 0.2056582703125 0.780809590625 0.32810159375 0.73948548125 0.32583345937499997 0.6397865234375 0.200478609375 0.6748878671874999
1 0.1964996390625 0.5608097265625 0.20148672343750001 0.6741076515625 0.3248531796875 0.6404688046875 0.3229062203125 0.5368044671875001 0.1964996390625 0.5608097265625
1 0.1955545484375 0.5624023031250001 0.323210984375 0.5367605109375 0.3209768296875 0.4327034828125 0.190401553125 0.4471055125 0.1955545484375 0.5624023031250001
1 0.190118409375 0.446199284375 0.32094907031250003 0.43197469218749995 0.31940803125 0.323273515625 0.1858639453125 0.32638628125 0.190118409375 0.446199284375
1 0.18574106875000002 0.3270443140625 0.318537678125 0.3236385140625 0.3149716796875 0.2125406515625 0.180302075 0.202614759375 0.18574106875000002 0.3270443140625
1 0.31526495625 0.21205645624999997 0.328892590625 0.092745578125 0.185358140625 0.0691147859375 0.180408490625 0.20209714843749998 0.31526495625 0.21205645624999997
1 0.18629418749999999 0.06953542812499999 0.011747715625 0.040824489062500004 0.017195553125 0.187785484375 0.180112503125 0.2016233046875 0.18629418749999999 0.06953542812499999
1 0.1812930390625 0.20211843749999997 0.018365696875 0.187224759375 0.02476841875 0.3285579328125 0.1858485703125 0.32637723125 0.1812930390625 0.20211843749999997
1 0.18464799062499998 0.32619604375 0.024827215625 0.3274096546875 0.03473513125 0.460947209375 0.19042271718749998 0.44584259531250003 0.18464799062499998 0.32619604375
1 0.1906161984375 0.44625611093749995 0.0346503015625 0.461300853125 0.0412149796875 0.5912429046875001 0.1958329859375 0.5616746234375001 0.1906161984375 0.44625611093749995
1 0.195712025 0.5613451281249999 0.042717546875 0.590050240625 0.0489960921875 0.7153225046875 0.20079732031250003 0.6743417390625 0.195712025 0.5613451281249999
1 0.200788215625 0.6745182468750001 0.0485002640625 0.715009909375 0.055123256249999995 0.8351287875000001 0.204705603125 0.7831416859375 0.200788215625 0.6745182468750001
1 0.20377228125000002 0.782773340625 0.054625879687500004 0.834373375 0.0602732734375 0.951202675 0.20469117187500002 0.8867715203125 0.20377228125000002 0.782773340625
1 0.060897140625 0.9508064640624999 0.06545093125 0.992170809375 0.218920475 0.9830763171875001 0.2030319578125 0.887930303125 0.060897140625 0.9508064640624999
0 0 0.0526269671875 0.050903856250000004 0.9930328578125 0.1866734140625 0.9849872546875 0.8013890968749999 0.7247739234374999 0.85065830625 0.14540994375 0 0.0092632578125 0 0.0526269671875