1 0.3171275 0.2878813703125 0.3253675 0.23450626562500002 0.26618437500000003 0.23129908124999998 0.254214375 0.27857560625 0.3171275 0.2878813703125
1 0.38421625000000004 0.238 0.32625875 0.23480367656249998 0.3171275 0.2886265671875 0.379205625 0.29011528750000004 0.38421625000000004 0.238
1 0.44300375000000003 0.2394853796875 0.38433875 0.23733834531250003 0.379449375 0.2903717625 0.440493125 0.29302172031249996 0.44300375000000003 0.2394853796875
1 0.501458125 0.24120885625000002 0.44311 0.2391754390625 0.440810625 0.2936850453125 0.5022506250000001 0.29421470312500003 0.501458125 0.24120885625000002
1 0.50114125 0.2411537171875 0.5020925 0.2945304921875 0.56313625 0.29400083593750004 0.5598325 0.2399340015625 0.50114125 0.2411537171875
1 0.440758125 0.29383375156249997 0.438511875 0.3503734328125 0.50272625 0.3507268171875 0.50193375 0.29436340781250003 0.440758125 0.29383375156249997
1 0.37367062500000003 0.3481929828125 0.438425625 0.3506382625 0.440586875 0.29359064375 0.37935375 0.29031411875 0.37367062500000003 0.3481929828125
1 0.566879375 0.34876691718749997 0.56312125 0.29415622343750003 0.501756875 0.29441687499999997 0.50262125 0.3506942359375 0.566879375 0.34876691718749997
1 0.56328 0.29415622343750003 0.6241156250000001 0.2923383453125 0.61849625 0.23798913906250002 0.5595687500000001 0.240109440625 0.56328 0.29415622343750003
1 0.6316075 0.34803759375 0.624158125 0.2918245609375 0.5631706249999999 0.2940735171875 0.5667725 0.3490008359375 0.6316075 0.34803759375
1 0.685928125 0.2923208015625 0.6767918749999999 0.23757560625 0.6186443749999999 0.23816374218749997 0.6238312500000001 0.2921278203125 0.685928125 0.2923208015625
1 0.696158125 0.3472481203125 0.68582875 0.2920367578125 0.62426375 0.29174269062499997 0.6314675000000001 0.347441103125 0.696158125 0.3472481203125
1 0.6766337499999999 0.23757560625 0.68564 0.29270593125 0.748025625 0.289815371875 0.736066875 0.2346942359375 0.6766337499999999 0.23757560625
1 0.68582875 0.29224895625 0.69659 0.3478262328125 0.761280625 0.3464770265625 0.747305 0.2896223890625 0.68582875 0.29224895625
1 0.5667681250000001 0.3488287390625 0.57033375 0.41507769375 0.6384825000000001 0.4152706765625 0.6319987499999999 0.347237259375 0.5667681250000001 0.3488287390625
1 0.631609375 0.3477694234375 0.6389143749999999 0.4156566421875 0.70648625 0.415463659375 0.696545 0.3470451125 0.631609375 0.3477694234375
1 0.697084375 0.3473458640625 0.7066306250000001 0.4152706765625 0.775311875 0.41180200468750006 0.76061625 0.3460810359375 0.697084375 0.3473458640625
1 0.502560625 0.35073600625 0.503345625 0.4170534671875 0.570341875 0.41493400156250004 0.56688375 0.3486349203125 0.502560625 0.35073600625
1 0.438511875 0.3498888890625 0.435453125 0.41620133593749997 0.503313125 0.41755054375 0.5031693749999999 0.3508663328125 0.438511875 0.3498888890625
1 0.3735125 0.34861737656249997 0.367563125 0.4129465328125 0.43542312499999997 0.416030075 0.4378725 0.35069507031249997 0.3735125 0.34861737656249997
1 0.317390625 0.288222221875 0.30826937499999996 0.34710776875 0.37310374999999996 0.3486499578125 0.379299375 0.2904452796875 0.317390625 0.288222221875
1 0.30826937499999996 0.346144528125 0.29836625 0.4104954046875 0.367196875 0.41321386875000005 0.373824375 0.34826399375 0.30826937499999996 0.346144528125
1 0.255479375 0.2808095234375 0.24208 0.3411328328125 0.30821125 0.3465296578125 0.31728812500000003 0.28801921406250003 0.255479375 0.2808095234375
1 0.24303687499999999 0.3386574765625 0.229268125 0.4024753546875 0.29784875 0.41114870468750003 0.3082225 0.3467769421875 0.24303687499999999 0.3386574765625
1 0.28678375 0.48263826249999997 0.2982075 0.4109189640625 0.22929750000000002 0.403041771875 0.213593125 0.477049290625 0.28678375 0.48263826249999997
1 0.359808125 0.4845923140625 0.367329375 0.41303842968750004 0.29843125000000004 0.41077777812500005 0.286905 0.4824728484375 0.359808125 0.4845923140625
1 0.213390625 0.4770350875 0.19522625 0.5588863828124999 0.27403625 0.5623558890625 0.2871475 0.4823734328125 0.213390625 0.4770350875
1 0.28695125 0.4821211359375 0.2738925 0.5625480375 0.35169375 0.5638972437499999 0.35990625 0.48468588125 0.28695125 0.4821211359375
1 0.367179375 0.4128671671875 0.359878125 0.4840284046875 0.43244625000000003 0.48648955781250003 0.435471875 0.415950709375 0.367179375 0.4128671671875
1 0.359719375 0.48466416093750003 0.351475 0.5637736 0.428411875 0.56570091875 0.43215812500000006 0.486104428125 0.359719375 0.48466416093750003
1 0.503703125 0.48797660781249996 0.503126875 0.4172456140625 0.435410625 0.41551044218750005 0.431953125 0.48662740156249995 0.503703125 0.48797660781249996
1 0.5044237500000001 0.5660317453125 0.50382875 0.48784294062500005 0.43224125 0.48626148750000003 0.428206875 0.565279865625 0.5044237500000001 0.5660317453125
1 0.5031950000000001 0.41706432812500005 0.503845 0.488378446875 0.57501875 0.487800334375 0.5705525 0.41501086093749995 0.5031950000000001 0.41706432812500005
1 0.57089 0.4148688390625 0.575450625 0.4874770265625 0.647056875 0.4870910609375 0.638700625 0.415395990625 0.57089 0.4148688390625
1 0.580205625 0.5670735171875 0.57517 0.4879782796875 0.503556875 0.48850125312500003 0.50442125 0.5661704265624999 0.580205625 0.5670735171875
1 0.5755950000000001 0.48850125312500003 0.5799175 0.5667485375 0.65656625 0.5671345031249999 0.647056875 0.487152046875 0.5755950000000001 0.48850125312500003
1 0.71901375 0.4869883046875 0.70628 0.414945696875 0.63861875 0.4156716796875 0.6469750000000001 0.4871812859375 0.71901375 0.4869883046875
1 0.706596875 0.41490726875000006 0.71901375 0.4869816203125 0.791051875 0.4842832078125 0.7753475 0.4118170421875 0.706596875 0.41490726875000006
1 0.732515625 0.5665396828125 0.718804375 0.4869949875 0.64679 0.4873283203125 0.655723125 0.56711779375 0.732515625 0.5665396828125
1 0.7191212499999999 0.486571428125 0.73266 0.566154553125 0.8098850000000001 0.564227234375 0.79101125 0.48328070156249997 0.7191212499999999 0.486571428125
1 0.656340625 0.567521303125 0.668280625 0.654940684375 0.7511243750000001 0.65397744375 0.733115 0.566478696875 0.656340625 0.567521303125
1 0.7330725 0.5660384296875 0.7506925 0.6533993312499999 0.833921875 0.6476173765625 0.810149375 0.5655146203125 0.7330725 0.5660384296875
1 0.580453125 0.5666984125 0.5866487499999999 0.6543901421875 0.668051875 0.653619046875 0.656525625 0.5666984125 0.580453125 0.5666984125
1 0.504304375 0.5662497906249999 0.50510125 0.6549682546875 0.587080625 0.6549682546875 0.580165 0.5666984125 0.504304375 0.5662497906249999
1 0.42820749999999996 0.5651904765625 0.42357187500000004 0.6537736 0.505119375 0.6547368421875001 0.504110625 0.566081871875 0.42820749999999996 0.5651904765625
1 0.35115875 0.5634954046875 0.3407175 0.6533107765625 0.42356187500000003 0.6544670015625 0.42831625000000006 0.56523391875 0.35115875 0.5634954046875
1 0.273621875 0.5627568921874999 0.25806125 0.6529540515625001 0.341338125 0.653918128125 0.351423125 0.5633350046875 0.273621875 0.5627568921874999
1 0.1953175 0.5590451125 0.174691875 0.646458646875 0.258256875 0.6528187140624999 0.27381687499999996 0.5624294062499999 0.1953175 0.5590451125
1 0.23963062499999999 0.7544828734375 0.25825624999999997 0.652710109375 0.17436374999999998 0.6475179609375 0.14857375 0.7554461156250001 0.23963062499999999 0.7544828734375
1 0.23970750000000002 0.7548512953125 0.328958125 0.7531336671875 0.34149250000000003 0.6536850453125 0.257928125 0.6527218046875001 0.23970750000000002 0.7548512953125
1 0.32864625 0.7525204671875 0.41775375 0.7525898078125 0.42322875 0.6541052625 0.3406725 0.653913115625 0.32864625 0.7525204671875
1 0.41828000000000004 0.75233918125 0.506599375 0.75233918125 0.505158125 0.654817878125 0.42274625 0.6544327484375 0.41828000000000004 0.75233918125
1 0.5058900000000001 0.7514603171875 0.5939412500000001 0.7515096078125 0.586593125 0.65495238125 0.504901875 0.6545672515625001 0.5058900000000001 0.7514603171875
1 0.59403625 0.7523082703124999 0.682198125 0.7528563078125 0.66807875 0.654179615625 0.586675625 0.654179615625 0.59403625 0.7523082703124999
1 0.66851 0.653812865625 0.682499375 0.7523082703124999 0.771669375 0.7532606515625 0.75049 0.654390978125 0.66851 0.653812865625
1 0.8335593749999999 0.64731913125 0.7509868749999999 0.6546173765625001 0.77103 0.7535121140625 0.86151 0.7494653296875 0.8335593749999999 0.64731913125
1 0.771279375 0.7531562234375 0.797353125 0.86532414375 0.894893125 0.8666733499999999 0.8616112499999999 0.7496867171875 0.771279375 0.7531562234375
1 0.682499375 0.7525204671875 0.700179375 0.8654728484374999 0.796855 0.8650877187500001 0.7717856249999999 0.753883040625 0.682499375 0.7525204671875
1 0.5943287500000001 0.7522005015625 0.6036937499999999 0.8635973265624999 0.699936875 0.8637903093749999 0.68250375 0.7520075187499999 0.5943287500000001 0.7522005015625
1 0.50584125 0.752064328125 0.506273125 0.8646182124999999 0.60453375 0.8638471171875001 0.594304375 0.7516791984375 0.50584125 0.752064328125
1 0.41742687500000003 0.7518847125 0.41076875 0.866139515625 0.5062912500000001 0.8653684203124999 0.5052831249999999 0.7516591484374999 0.41742687500000003 0.7518847125
1 0.329016875 0.7531979953125 0.313456875 0.8697986640625001 0.410420625 0.8663299921875 0.417048125 0.7524269 0.329016875 0.7531979953125
1 0.23955687499999997 0.7551478703125001 0.21736875000000003 0.8719415203124999 0.314188125 0.870207184375 0.328884375 0.7530284046875 0.23955687499999997 0.7551478703125001
1 0.148754375 0.7567493734374999 0.11979437500000001 0.87103759375 0.21791062499999997 0.8718078531250001 0.24009874999999997 0.7546290734375 0.148754375 0.7567493734374999
0 0.75053625 0.20051294843749998 0.248964375 0.19925898125 0.0755675 0.9033249796874999 0.94554875 0.9058571421874999 0.75053625 0.20051294843749998