1 0.218591690625 0.8167008546875 0.1373728125 0.821526025 0.1411327828125 0.8899747843749999 0.21791568749999998 0.8878671734375001 0.218591690625 0.8167008546875
1 0.297210671875 0.817169784375 0.21845049374999997 0.817682546875 0.21739813749999998 0.8863544609374999 0.293381228125 0.8846966593750001 0.297210671875 0.817169784375
1 0.3742995796875 0.8180456953125 0.29793989062500004 0.8172108203124999 0.29379163125 0.8853076234374999 0.3676349578125 0.8873914359375 0.3742995796875 0.8180456953125
1 0.4511773359375 0.82039418125 0.374805903125 0.8170854171874999 0.36706570312500003 0.8877994359375 0.44072426406250004 0.890515509375 0.4511773359375 0.82039418125
1 0.514107703125 0.89415008125 0.527631875 0.825685153125 0.4517661234375 0.8214160796875 0.440740209375 0.8903146515625 0.514107703125 0.89415008125
1 0.587446975 0.900890221875 0.6051242078125 0.8316702265625 0.5285167296875 0.8248870578125 0.51418271875 0.8944473671875001 0.587446975 0.900890221875
1 0.661206890625 0.9070183328124999 0.68122600625 0.8394137078125 0.6045360609375 0.8306483625000001 0.5868355328125 0.9012541046875 0.661206890625 0.9070183328124999
1 0.735178996875 0.9116756687500001 0.7586333015625 0.8457470624999999 0.6816612109375 0.838943378125 0.661249 0.9070720109374999 0.735178996875 0.9116756687500001
1 0.680131534375 0.8393521203125 0.7044211734375 0.7650646828125 0.623001246875 0.75850553125 0.6040422453125001 0.8340816984374999 0.680131534375 0.8393521203125
1 0.758465140625 0.8472446687499999 0.7858605546875 0.7756547921875 0.70469284375 0.7650564937500001 0.6811992265625 0.83874954375 0.758465140625 0.8472446687499999
1 0.78525080625 0.7759979015625 0.816834284375 0.6967283281250001 0.7296126625 0.6872964328125 0.7038052671874999 0.7653830968750001 0.78525080625 0.7759979015625
1 0.7041907890625 0.764650821875 0.7302224109375001 0.686953325 0.6447850265625 0.67875321875 0.623767521875 0.7586173515625 0.7041907890625 0.764650821875
1 0.6040520640625 0.8324882203125 0.623204240625 0.7577960312500001 0.543337515625 0.7517938796875 0.528239228125 0.8255836671875001 0.6040520640625 0.8324882203125
1 0.5279075515625 0.8259415546875 0.5431671375 0.751030325 0.4633002890625 0.745029034375 0.4515991 0.8207596765625 0.5279075515625 0.8259415546875
1 0.542503665625 0.75174695625 0.5600224140625001 0.6728173328125 0.47593142187500004 0.666954025 0.46297365468749996 0.7459637671875 0.542503665625 0.75174695625
1 0.4518006546875 0.820303159375 0.4631766046875 0.747058746875 0.3832113921875 0.7436895078125 0.3747564796875 0.8189227734375001 0.4518006546875 0.820303159375
1 0.6238516046875 0.75836119375 0.64436693125 0.678092253125 0.5597193953125 0.672197628125 0.5432584765625 0.75156506875 0.6238516046875 0.75836119375
1 0.46233727187499996 0.7473558890625001 0.47528204062499996 0.6651521359375 0.391926284375 0.6619695250000001 0.38308989531250004 0.742896525 0.46233727187499996 0.7473558890625001
1 0.37485651875000003 0.8175613453125001 0.382330278125 0.7422119953124999 0.302535959375 0.7396072109375 0.2974894203125 0.817890740625 0.37485651875000003 0.8175613453125001
1 0.3827254 0.7433656171874999 0.3922252640625 0.66172198125 0.3066452625 0.658414209375 0.30218211875 0.7402316921875001 0.3827254 0.7433656171874999
1 0.2966207171875 0.817078321875 0.3029191 0.7401557640624999 0.22013741250000002 0.7407744296875001 0.219492371875 0.8176463843749999 0.2966207171875 0.817078321875
1 0.219005878125 0.816858084375 0.21963523281250003 0.7403696203125001 0.13347260625 0.743060809375 0.1380220296875 0.8201076687500001 0.219005878125 0.816858084375
1 0.3031433265625 0.7405449328125 0.307135978125 0.65821485 0.21985194687499998 0.658957578125 0.21914214062499998 0.7418498125 0.3031433265625 0.7405449328125
1 0.2192497109375 0.7411018953124999 0.219690525 0.660079884375 0.1287470859375 0.6628785984375 0.13397478125 0.74346561875 0.2192497109375 0.7411018953124999
1 0.12574546874999998 0.5683305921875 0.12887556875 0.6635015265625 0.22003414999999998 0.65920698125 0.219756728125 0.5675889953125 0.12574546874999998 0.5683305921875
1 0.3062057375 0.65840165 0.3118843765625 0.5682502078125 0.22003468124999997 0.5676046359375 0.2204196734375 0.65847470625 0.3062057375 0.65840165
1 0.39244985468750004 0.660992825 0.40185978906250003 0.572181865625 0.3123237484375 0.5671435453125 0.30737203125 0.6580898609375 0.39244985468750004 0.660992825
1 0.47546662656249994 0.6659338828125 0.49021391562499994 0.5770467140625 0.40196069687499997 0.5728345484374999 0.3923330125 0.6624080953125 0.47546662656249994 0.6659338828125
1 0.5594115484375 0.6722098734374999 0.5778810515624999 0.582778190625 0.4902285015625 0.5763379171875 0.4757293609375 0.66585735625 0.5594115484375 0.6722098734374999
1 0.3172473046875 0.469347315625 0.31221988437500003 0.5674516374999999 0.40136565468749996 0.5724679984375001 0.4130523984375 0.47172340156250003 0.3172473046875 0.469347315625
1 0.49000427343749997 0.5759487515624999 0.505817684375 0.477696534375 0.41238905 0.47243917187499995 0.40191828437500005 0.5721755921875 0.49000427343749997 0.5759487515624999
1 0.5775487359375 0.5831360390625 0.598421425 0.48479283593750006 0.50559345625 0.47730736875 0.4903972125 0.576739615625 0.5775487359375 0.5831360390625
1 0.6667082125 0.5907924953125 0.6941371109375 0.49168683281250003 0.5993091234375 0.48446536875 0.577475096875 0.5824692390624999 0.6667082125 0.5907924953125
1 0.578130784375 0.5836783953125 0.559598475 0.67159860625 0.643752915625 0.678973421875 0.667612978125 0.5890911046875 0.578130784375 0.5836783953125
1 0.7309123734375 0.6868938828125 0.758548496875 0.5960926640624999 0.6675592531250001 0.5894646328125 0.6440819234374999 0.67906150625 0.7309123734375 0.6868938828125
1 0.7586651484375 0.5972297453125 0.7308586484374999 0.6872674109375 0.7310290265625 0.688030965625 0.815972675 0.6977112265625001 0.8503448656250001 0.6087978609375 0.7586651484375 0.5972297453125
1 0.8502911421875 0.6091713859375 0.8879906640625 0.506873825 0.7903280390625 0.499870271875 0.7574647328124999 0.5983996781250001 0.8502911421875 0.6091713859375
1 0.7579290609375 0.5968900421875001 0.79075824375 0.49921877812500004 0.6940907671875001 0.49114070625000006 0.6674350609374999 0.589603740625 0.7579290609375 0.5968900421875001
1 0.79014785 0.49956185 0.8276939999999999 0.38858545625 0.7244159484375 0.3816433328125 0.693195134375 0.49199124375 0.79014785 0.49956185
1 0.6942611453125 0.4919042625 0.7250891453125 0.382811734375 0.6228607312500001 0.3744207390625 0.59920893125 0.4842936328125 0.6942611453125 0.4919042625
1 0.8877567515625 0.5069389281250001 0.9318059046875 0.3955745 0.82797195 0.388601096875 0.7900734375 0.5003446765625 0.8877567515625 0.5069389281250001
1 0.505974028125 0.4778557796875 0.5237130875 0.3674884171875 0.422991925 0.36232246875 0.4126614125 0.4715083421875 0.505974028125 0.4778557796875
1 0.5993779 0.48461707656249997 0.6230381359375 0.3745820390625 0.5229729562500001 0.36744676875 0.50622694375 0.4773256234375 0.5993779 0.48461707656249997
1 0.6230381359375 0.3745820390625 0.6512084078125 0.2487483015625 0.5440413484375 0.241715175 0.5234149328125 0.3669698625 0.6230381359375 0.3745820390625
1 0.7239995484375 0.3824643109375 0.76038221875 0.2565909234375 0.65136515 0.24945369374999998 0.62215595 0.37472719374999997 0.7239995484375 0.3824643109375
1 0.82679728125 0.3887506640625 0.8698411390624999 0.2632521109375 0.7594273140625 0.25804251875 0.725147540625 0.3820862703125 0.82679728125 0.3887506640625
1 0.9321623046875 0.3976947078125 0.982367075 0.26908754687499997 0.8706168125 0.2627991984375 0.8277491875 0.3878598125 0.9321623046875 0.3976947078125
1 0.3131442453125 0.5684845921874999 0.317026003125 0.46887482968749994 0.219802640625 0.46791904375 0.22058760781250003 0.5684349375 0.3131442453125 0.5684845921874999
1 0.22073154375 0.5677986421875 0.22054277187500002 0.4679606921875 0.1202755015625 0.4648265203125 0.1261102375 0.569497290625 0.22073154375 0.5677986421875
1 0.21998233749999999 0.4690092359375 0.2186112890625 0.3540540875 0.11220883125 0.35208000781250004 0.1202285109375 0.46490127187499997 0.21998233749999999 0.4690092359375
1 0.3174203484375 0.46847263906250003 0.3222088296875 0.35737565937500004 0.21852713750000002 0.35204312031249996 0.2199496609375 0.4672837921875 0.3174203484375 0.46847263906250003
1 0.41257892968750004 0.4708175625 0.42284584374999995 0.36053063750000003 0.3225785734375 0.3573964671875 0.3178089359375 0.46892931875 0.41257892968750004 0.4708175625
1 0.4220321484375 0.3623502046875 0.43561584218749994 0.23419033437499998 0.3272792328125 0.23010118125 0.3223845171875 0.35721596875 0.4220321484375 0.3623502046875
1 0.52312305625 0.367536959375 0.5437375578125 0.2397735921875 0.43554425312499995 0.23468808281250003 0.4227004703125 0.3617573328125 0.52312305625 0.367536959375
1 0.2172949515625 0.22190510468750002 0.2184039734375 0.3524675234375 0.21815478124999998 0.35338574375 0.322349271875 0.3577444578125 0.3274224140625 0.22910568593749997 0.2172949515625 0.22190510468750002
1 0.2192652984375 0.353448234375 0.218178140625 0.2209521203125 0.10282328125 0.21897518124999998 0.11160914531249999 0.352407159375 0.2192652984375 0.353448234375
1 0.2175221578125 0.2229214421875 0.21472647031249997 0.073774928125 0.09262756250000001 0.0694122578125 0.10385208906250001 0.21860695625 0.2175221578125 0.2229214421875
1 0.327350821875 0.2296034328125 0.3335076671875 0.080458915625 0.21458341406249998 0.074769559375 0.2177487203125 0.2239377421875 0.327350821875 0.2296034328125
1 0.43695292500000005 0.235269125 0.4500691078125 0.0870179953125 0.3329948640625 0.081432740625 0.3277205671875 0.22962423906249999 0.43695292500000005 0.235269125
1 0.4507505640625 0.0882729546875 0.43599837656249996 0.234927565625 0.5432369031250001 0.24146380625 0.5672397734375 0.0953297421875 0.4507505640625 0.0882729546875
1 0.650966046875 0.2497764796875 0.684064628125 0.10264891875 0.5666796734374999 0.09403639531249999 0.5440138859375 0.241249246875 0.650966046875 0.2497764796875
1 0.7603535015625 0.2569345515625 0.8018194546874999 0.1112813859375 0.6830257015625001 0.10208867968749999 0.6517061796875 0.24981812812499998 0.7603535015625 0.2569345515625
1 0.8027179 0.109030034375 0.759342265625 0.257585525 0.870685821875 0.26341269375 0.9214275046875 0.1162117703125 0.8027179 0.109030034375
1 0.9958173796875001 0.12155127968749999 0.9215706859375 0.115216275 0.8720642 0.262386696875 0.9820317125000001 0.2706183546875 0.9930952671875 0.2440462890625 0.9958173796875001 0.12155127968749999