1 1 0.5984680078125 0.9958294125 0.5875268640625 0.92614144375 0.6142117578125 0.9603548343750001 0.6963236875 1 0.6780081453125 1 0.5984680078125
1 0.8980383937499999 0.532750653125 0.9271506484375 0.61397999375 0.9945413609375 0.5886440046875 0.9653206640625 0.510726365625 0.8980383937499999 0.532750653125
1 0.8708883125 0.4527148203125 0.8978135249999999 0.5319809546875 0.9657677359375001 0.5100669765625 0.9409753484375001 0.43292182187500006 0.8708883125 0.4527148203125
1 0.8452518375 0.37233066406250004 0.869767359375 0.45256085468749996 0.9415802624999999 0.43335335781250006 0.9174719390625 0.3561559421875 0.8452518375 0.37233066406250004
1 0.8943598109374999 0.278889534375 0.8226403250000001 0.29125182031249996 0.8460350906249999 0.3713287265625 0.917270153125 0.3562167421875 0.8943598109374999 0.278889534375
1 0.8742940671874999 0.2004738109375 0.8003290812499999 0.20883297343749999 0.8215401109375 0.2906441046875 0.8946226421875 0.2786975875 0.8742940671874999 0.2004738109375
1 0.8534783125000001 0.1218587046875 0.7802388078125 0.1271751296875 0.7995456328125 0.20983423124999998 0.8748712609375 0.2009659390625 0.8534783125000001 0.1218587046875
1 0.8311503218749999 0.04359015625 0.75829830625 0.044710181249999995 0.77962176875 0.1269061609375 0.8535153921875 0.1217945171875 0.8311503218749999 0.04359015625
1 0.780576309375 0.1283303515625 0.699264490625 0.13180312031250002 0.72244236875 0.21850343125 0.8030751921875 0.2090236640625 0.780576309375 0.1283303515625
1 0.7598207234375 0.044307778125 0.6800128515625 0.0435316390625 0.6991578031250001 0.131525403125 0.7796004609375 0.12745837499999998 0.7598207234375 0.044307778125
1 0.6805691578124999 0.044030009375 0.591746190625 0.041879056250000005 0.6142285484375 0.13568287031249998 0.6997989312499999 0.1323173546875 0.6805691578124999 0.044030009375
1 0.69894434375 0.13220055 0.61367224375 0.13518449999999999 0.636708375 0.22666970156250002 0.7222731062500001 0.2176681828125 0.69894434375 0.13220055
1 0.8015167484375001 0.2096266625 0.7216763109375 0.218566565625 0.7448334531249999 0.303446765625 0.8223206578125 0.29066295625 0.8015167484375001 0.2096266625
1 0.8227903640625 0.29086815 0.7441502859375 0.30391671875 0.767308315625 0.3887967109375 0.845455265625 0.37175398125000003 0.8227903640625 0.29086815
1 0.7450905875 0.3043269015625 0.6617087500000001 0.3165860390625 0.6865359578125 0.4057800953125 0.768339065625 0.3887747328125 0.7450905875 0.3043269015625
1 0.844936584375 0.37172126250000004 0.769333790625 0.3881435796875 0.7950958453125 0.47211249375 0.8715781609375 0.4519049640625 0.844936584375 0.37172126250000004
1 0.721992609375 0.21767982031250002 0.6362153078125 0.2273562796875 0.6612141375 0.3171377703125 0.744638896875 0.30361652499999997 0.721992609375 0.21767982031250002
1 0.7699286484375001 0.38889699375000003 0.6850136265625 0.40714480468750003 0.712189496875 0.49454723593749994 0.794366209375 0.47254323125 0.7699286484375001 0.38889699375000003
1 0.87021336875 0.4523253953125 0.7939742125 0.47359196406250004 0.8204201203125001 0.5570900453125 0.898640621875 0.5321850515625 0.87021336875 0.4523253953125
1 0.79495635 0.47273956562499997 0.7118393390625 0.4943333859375 0.739701103125 0.5840835281250001 0.8211580203125 0.5572155734375001 0.79495635 0.47273956562499997
1 0.8981634656249999 0.5333957734375 0.8208161984375 0.5564828578125 0.8514927218749999 0.6418291109375 0.9267368703125 0.6129167578125 0.8981634656249999 0.5333957734375
1 0.9261443968749999 0.6137230484375 0.8512801484375 0.6425040531249999 0.8852072140624999 0.7305482343749999 0.9587349875 0.69619825625 0.9261443968749999 0.6137230484375
1 0.8211144828125001 0.5561012921875 0.73932830625 0.5836529125000001 0.7717614937499999 0.6736061984374999 0.852903615625 0.6424442875 0.8211144828125001 0.5561012921875
1 0.8521347374999999 0.6426208609375 0.7729152515625 0.6733412375000001 0.80868400625 0.7662867078125 0.8854197859375 0.729873290625 0.8521347374999999 0.6426208609375
1 0.7175167421875 0.805770671875 0.8092451687500001 0.7659141828125 0.7719386625 0.6733218578125 0.6826407999999999 0.7088619671874999 0.7175167421875 0.805770671875
1 0.73984851875 0.584542765625 0.6498179640624999 0.6133608609375 0.6825550875 0.7085685859375 0.7710840734375 0.6732050515625 0.73984851875 0.584542765625
1 0.7110462562500001 0.4943817609375 0.6209682109375 0.5188264375 0.64857849375 0.6133324453125 0.7391205921874999 0.5834569609375 0.7110462562500001 0.4943817609375
1 0.6857093796875 0.40665316406249996 0.5936180234374999 0.4256091125 0.6215684265625 0.518470971875 0.712469690625 0.493957984375 0.6857093796875 0.40665316406249996
1 0.6613379203124999 0.317451328125 0.5673630375000001 0.3327685671875 0.5929210968749999 0.4258667671875 0.6855392609375001 0.4064109796875 0.6613379203124999 0.317451328125
1 0.5513626406250001 0.6458727921875 0.648916853125 0.613321275 0.6214269171875 0.5192272015625 0.5188771984375 0.545909878125 0.5513626406250001 0.6458727921875
1 0.592622815625 0.42624833124999995 0.49100596718749995 0.44770560000000004 0.5198166109375 0.5463202671875 0.6209408375 0.518768375 0.592622815625 0.42624833124999995
1 0.567832940625 0.3329744390625 0.46428938124999997 0.34923615625000004 0.49070768593749997 0.44808716249999997 0.5932517734375 0.4255377734375 0.567832940625 0.3329744390625
1 0.54291416875 0.237850325 0.4362448875 0.24762725156249998 0.463647365625 0.34844440625 0.5672090421875 0.3333071453125 0.54291416875 0.237850325
1 0.5681507125 0.33216399218750003 0.660673553125 0.317493278125 0.6372981875 0.227652021875 0.5409253125 0.2375695984375 0.5681507125 0.33216399218750003
1 0.6133635921875 0.134494053125 0.5147223078125001 0.1408613078125 0.54130930625 0.2374814125 0.6372646171875 0.2272779828125 0.6133635921875 0.134494053125
1 0.5157894656249999 0.1403031734375 0.6137475859375 0.13440586875 0.6144307515625 0.1339359171875 0.59301828125 0.042391628125000004 0.49377205 0.041068346875 0.5157894656249999 0.1403031734375
1 0.49415604375 0.040980160937499996 0.38064108124999996 0.041366940625 0.40928595625 0.14503085468750002 0.5173671453125 0.14109405625 0.49415604375 0.040980160937499996
1 0.5157253984375 0.1411948953125 0.408493959375 0.1448367734375 0.43572882812499997 0.24788530468749997 0.5414901609375 0.2375562859375 0.5157253984375 0.1411948953125
1 0.4090504640625 0.1453358203125 0.287122621875 0.149220659375 0.31786740468749997 0.2586664765625 0.4368841265625 0.2484839859375 0.4090504640625 0.1453358203125
1 0.4364119921875 0.247415353125 0.3187629421875 0.2575209046875 0.34771263750000003 0.3664390515625 0.463516184375 0.34861407187500004 0.4364119921875 0.247415353125
1 0.409841359375 0.1451115328125 0.380789584375 0.041583721875 0.3069143921875 0.039990289062500003 0.25948870625 0.050881626562500004 0.287036909375 0.14892728125000002 0.409841359375 0.1451115328125
1 0.49110455625 0.447482684375 0.3769664921875 0.4716108484375 0.4085155578125 0.5777297640625 0.5188093859375 0.5463968546875 0.49110455625 0.447482684375
1 0.4637704125 0.34831492656249996 0.3478055828125 0.36619357343750003 0.3771947265625 0.4723920625 0.4904953640625 0.44742520468749997 0.4637704125 0.34831492656249996
1 0.3478055828125 0.36619357343750003 0.2147863578125 0.3854886078125 0.24685513593750003 0.4989901125 0.3765688125 0.47211862812499994 0.3478055828125 0.36619357343750003
1 0.3188197640625 0.2587810734375 0.1827784578125 0.26960093125 0.2154177234375 0.3850551328125 0.3482676984375 0.367049771875 0.3188197640625 0.2587810734375
1 0.28760958593749997 0.1500841671875 0.149514165625 0.15387309062500001 0.18454178593749998 0.2700296109375 0.31803383749999997 0.257739678125 0.28760958593749997 0.1500841671875
1 0.1277249375 0.081141253125 0.148790440625 0.1532454296875 0.28639450625 0.1494428203125 0.26129499843750004 0.050466810937499995 0.1277249375 0.081141253125
1 0.6495889859374999 0.6119681531250001 0.55098199375 0.6462833921875 0.5853685609375 0.747166075 0.683164409375 0.7076774484375 0.6495889859374999 0.6119681531250001
1 0.6824912375000001 0.707773478125 0.5851403265624999 0.746384859375 0.6185070609375 0.85125271875 0.7185226640625 0.8049446250000001 0.6824912375000001 0.707773478125
1 0.5863670640625 0.7465608046875001 0.4746946484375 0.792211371875 0.51142215625 0.9029757375 0.6185970734375 0.8512725359375001 0.5863670640625 0.7465608046875001
1 0.5504462921875 0.6460304515625 0.4403009546875 0.6838283859375001 0.4727629609375 0.7930721640625 0.5846952875 0.7472585140625 0.5504462921875 0.6460304515625
1 0.51816530625 0.5467479328125 0.40682020156250004 0.5785702609375 0.44018693593749997 0.6834381171875 0.5507507421875 0.6454529828125 0.51816530625 0.5467479328125
1 0.4088912890625 0.5787113609375 0.278901275 0.613981875 0.314267584375 0.727559725 0.440081309375 0.6837082 0.4088912890625 0.5787113609375
1 0.3772282046875 0.47220217656249996 0.2450709453125 0.5000512828125 0.27941297187499997 0.6138643625 0.40806999062499993 0.5782485421875 0.3772282046875 0.47220217656249996
1 0.3462250171875 0.8444213171875001 0.4732218265625 0.7930361921875 0.4742083328125 0.79294050625 0.4406098 0.68354128125 0.3132441890625 0.7277947484375 0.3462250171875 0.8444213171875001
1 0.47386588124999995 0.79176834375 0.3449742765625 0.8438749218750001 0.384951215625 0.96389588125 0.5119592359375 0.903469846875 0.47386588124999995 0.79176834375
1 0.30830006875 1 0.3842181640625 0.962973928125 0.347134196875 0.8437953468750001 0.20261620156250001 0.9040751328125 0.23268772499999998 1 0.30830006875 1
1 0.3137558875 0.7276772375 0.165987575 0.778700634375 0.20363871093750002 0.9038403140625 0.3480435734375 0.8431700546875 0.3137558875 0.7276772375
1 0.2794682 0.612184421875 0.130043453125 0.6556691 0.1671241 0.7788560828125 0.31364186875 0.72728696875 0.2794682 0.612184421875
1 0.1310204515625 0.654481684375 0.27948168125 0.6133027109375 0.24690209375 0.499918515625 0.095588225 0.53133331875 0.1310204515625 0.654481684375
1 0.2158776734375 0.3853435453125 0.060290093749999996 0.40773698124999996 0.0945296796875 0.53241004375 0.24641047187499998 0.4991977875 0.2158776734375 0.3853435453125
1 0.18312419375 0.269498396875 0.025935604687500002 0.28267385312500004 0.0601208484375 0.40902665312500003 0.21564943906249998 0.38456233125 0.18312419375 0.269498396875
1 0.010578621875 0.23801898124999998 0.0234124 0.2826112765625 0.184126759375 0.270293384375 0.1493640046875 0.15293802031249998 0.0069605296875 0.15661192031249999 0.010578621875 0.23801898124999998
1 0.12848638437499998 0.0809663875 0.00486031875 0.10935718593749999 0.006962528125000001 0.1566568984375 0.1478621265625 0.1519077640625 0.12848638437499998 0.0809663875