1 0.2986725 0.0781735875 0.22480625 0.072034053125 0.21166625 0.13720597968749998 0.289439375 0.1461794015625 0.2986725 0.0781735875
1 0.37111875 0.085257475 0.2979625 0.07959053125 0.289439375 0.14523421875 0.365436875 0.1499568109375 0.37111875 0.085257475
1 0.443209375 0.08667441875000001 0.37160000000000004 0.0846960140625 0.366146875 0.1499568109375 0.440013125 0.1532632890625 0.443209375 0.08667441875000001
1 0.514235 0.08761877031250001 0.44271625 0.086254153125 0.44036875000000003 0.154207640625 0.51459 0.15515199375 0.514235 0.08761877031250001
1 0.5142225 0.0878114625 0.515300625 0.154207640625 0.589166875 0.154207640625 0.585615625 0.0880913625 0.5142225 0.0878114625
1 0.585729375 0.0878114625 0.589910625 0.1550174421875 0.6648425 0.152656146875 0.657385 0.085595515625 0.585729375 0.0878114625
1 0.656845 0.085215115625 0.6641325 0.1536004984375 0.739419375 0.14935049843749998 0.729475625 0.0837068109375 0.656845 0.085215115625
1 0.72952375 0.0836578078125 0.739774375 0.1498230890625 0.81506125 0.14746179375 0.801566875 0.08323421875 0.72952375 0.0836578078125
1 0.6641325 0.15029485 0.671945 0.2234950171875 0.7514937500000001 0.22160631249999999 0.73835375 0.14935049843749998 0.6641325 0.15029485
1 0.73930125 0.1499833890625 0.751755 0.22162873749999998 0.8316212500000001 0.2158687703125 0.815106875 0.146022425 0.73930125 0.1499833890625
1 0.7509431249999999 0.22126910312499998 0.76502125 0.29723505 0.8505725 0.2929144515625 0.83108 0.21550830625 0.7509431249999999 0.22126910312499998
1 0.6727006249999999 0.22342940156250002 0.681905625 0.3008355484375 0.7655624999999999 0.297595515625 0.75121375 0.221989203125 0.6727006249999999 0.22342940156250002
1 0.589739375 0.154337209375 0.59407125 0.2256237546875 0.6720425 0.2241835546875 0.663920625 0.151817275 0.589739375 0.154337209375
1 0.5150481250000001 0.15482558125 0.515829375 0.227783221875 0.593800625 0.226343853125 0.58946875 0.153977575 0.5150481250000001 0.15482558125
1 0.51564375 0.22687292343749998 0.5171831250000001 0.30302989999999996 0.5992149999999999 0.3019493359375 0.5932593749999999 0.2256237546875 0.51564375 0.22687292343749998
1 0.44057625 0.152450165625 0.43829124999999997 0.22475830624999998 0.515991875 0.225838040625 0.515179375 0.155272425 0.44057625 0.152450165625
1 0.5939631249999999 0.225838040625 0.59883625 0.3025249171875 0.68141 0.3014443515625 0.67274625 0.223678571875 0.5939631249999999 0.225838040625
1 0.43806375 0.22550913593750002 0.43535625 0.303275746875 0.516305625 0.304715946875 0.5152224999999999 0.22550913593750002 0.43806375 0.22550913593750002
1 0.36580625 0.149283221875 0.359805625 0.22432142812500003 0.437235 0.22612209375 0.44048375 0.1537558140625 0.36580625 0.149283221875
1 0.359550625 0.2237059796875 0.352495625 0.302088040625 0.435610625 0.3035282390625 0.43777687500000007 0.225041528125 0.359550625 0.2237059796875
1 0.290440625 0.1453247515625 0.280385 0.2187782390625 0.360251875 0.22381810624999998 0.364854375 0.1500124578125 0.290440625 0.1453247515625
1 0.21209625000000001 0.138595515625 0.196999375 0.2119368765625 0.27984375 0.21913787343750002 0.28986125 0.1460514953125 0.21209625000000001 0.138595515625
1 0.279573125 0.217697675 0.26874375 0.296904484375 0.352941875 0.3023048171875 0.36052249999999997 0.22345847187499998 0.279573125 0.217697675
1 0.197540625 0.21157724218750001 0.181296875 0.2882632890625 0.26874375 0.29582392031250004 0.279573125 0.2184177734375 0.197540625 0.21157724218750001
1 0.255959375 0.384163621875 0.26895437499999997 0.2966760796875 0.1815075 0.2876752484375 0.16526375 0.3784028234375 0.255959375 0.384163621875
1 0.269225 0.2973961796875 0.25623 0.384163621875 0.34503062500000004 0.3884833890625 0.352069375 0.3020764125 0.269225 0.2973961796875
1 0.3531525 0.30243687656249996 0.34530125 0.38956395312500003 0.43247749999999996 0.38956395312500003 0.43572625 0.30423671093750004 0.3531525 0.30243687656249996
1 0.43581000000000003 0.3028787375 0.432665625 0.38894601406249996 0.518488125 0.3896661125 0.5165925 0.3039792359375 0.43581000000000003 0.3028787375
1 0.516835625 0.30406644531250004 0.5184037499999999 0.390343853125 0.603955625 0.3889036546875 0.5985406249999999 0.302496678125 0.516835625 0.30406644531250004
1 0.4293325 0.48611129531249997 0.43204000000000004 0.3892641203125 0.345243734375 0.3892641203125 0.33647125 0.483231728125 0.4293325 0.48611129531249997
1 0.43253312499999996 0.3895730890625 0.42879125 0.48539202656249997 0.5197575 0.48539202656249997 0.5181331250000001 0.39070348906249996 0.43253312499999996 0.3895730890625
1 0.5186225 0.38996926875 0.519486875 0.4857516609375 0.6101825 0.4835913625 0.603684375 0.3885440203125 0.5186225 0.38996926875
1 0.603520625 0.3891769109375 0.610994375 0.4839518265625 0.703585 0.4821511625 0.690860625 0.38602325625 0.603520625 0.3891769109375
1 0.6914981250000001 0.38769684375 0.680939375 0.3005697671875 0.59863625 0.30309053124999996 0.604321875 0.388057309375 0.6914981250000001 0.38769684375
1 0.6812693750000001 0.300503321875 0.6914981250000001 0.387337209375 0.78029875 0.385897009375 0.766220625 0.29768936875 0.6812693750000001 0.300503321875
1 0.76649125 0.296609634375 0.766220625 0.297329734375 0.780569375 0.38481727499999996 0.8707231249999999 0.37869601406250003 0.849876875 0.29192940156249997 0.76649125 0.296609634375
1 0.7795725 0.3836353828125 0.797625625 0.47950498281250004 0.8929237499999999 0.478064784375 0.8707231249999999 0.378336378125 0.7795725 0.3836353828125
1 0.6913975 0.387197675 0.703464375 0.48267026562500004 0.797950625 0.4801503328125 0.7798112500000001 0.38510215937500003 0.6913975 0.387197675
1 0.7027175 0.4818098 0.7175425 0.5888787375 0.8182556249999999 0.587799003125 0.79740875 0.4797898671875 0.7027175 0.4818098
1 0.61087375 0.484110465625 0.618454375 0.5903189375 0.7183550000000001 0.587799003125 0.703735 0.481950165625 0.61087375 0.484110465625
1 0.797445625 0.47903820625 0.81852625 0.587799003125 0.9197806249999999 0.58671926875 0.892706875 0.47799003281249997 0.797445625 0.47903820625
1 0.428925 0.48629568125 0.42373500000000003 0.591132059375 0.521731875 0.5916112953125 0.519930625 0.48524833906250003 0.428925 0.48629568125
1 0.52010125 0.48576827187499994 0.52101125 0.5916112953125 0.618648125 0.59017441875 0.611081875 0.48381063125 0.52010125 0.48576827187499994
1 0.521371875 0.59209053125 0.5238937499999999 0.7128272421874999 0.628375625 0.7118696015625 0.618648125 0.59017441875 0.521371875 0.59209053125
1 0.61781625 0.589988371875 0.628625 0.71120431875 0.734908125 0.7102466781250001 0.717254375 0.588072259375 0.61781625 0.589988371875
1 0.718310625 0.5884950171875001 0.7341875 0.7088089703125 0.8415518750000001 0.7097674421875 0.8174125 0.5875930234375 0.718310625 0.5884950171875001
1 0.818208125 0.5884950171875001 0.8422381250000001 0.71024169375 0.951043125 0.71024169375 0.920419375 0.5847134546875 0.818208125 0.5884950171875001
1 0.256879375 0.3834003328125 0.242158125 0.4793588046875 0.33619187500000003 0.48367109687500004 0.34628000000000003 0.38832724218750003 0.256879375 0.3834003328125
1 0.165778125 0.3773081390625 0.1456025 0.4769634546875 0.24287874999999998 0.4793588046875 0.25693 0.38401578125 0.165778125 0.3773081390625
1 0.14556750000000002 0.476889534375 0.122149375 0.58421179375 0.22519 0.58804485 0.242483125 0.4783272421875 0.14556750000000002 0.476889534375
1 0.24221187500000002 0.47997342187500003 0.22482937500000003 0.5899609640625 0.32570875 0.5904402 0.336516875 0.4840764125 0.24221187500000002 0.47997342187500003
1 0.336955625 0.48366112968749997 0.32606875 0.5904402 0.423345 0.5928355484375001 0.42874937500000004 0.486950996875 0.336955625 0.48366112968749997
1 0.32585625 0.590602159375 0.312925625 0.7122699328125 0.41812812499999996 0.7141868765625 0.422811875 0.5910539859374999 0.32585625 0.590602159375
1 0.42337499999999995 0.591656146875 0.41812812499999996 0.713707640625 0.523330625 0.7146652828125 0.52116875 0.591533221875 0.42337499999999995 0.591656146875
1 0.22465625 0.5886586375 0.224769375 0.5895490031249999 0.20556125 0.7141868765625 0.312925625 0.7132284046875 0.325895625 0.5900955156250001 0.22465625 0.5886586375
1 0.121615625 0.5838671093750001 0.094594375 0.71083305625 0.206281875 0.7151445187500001 0.2257375 0.5886586375 0.121615625 0.5838671093750001
1 0.095536875 0.7112400328125 0.063970625 0.85312956875 0.18250312500000002 0.8555249171874999 0.20592187499999998 0.7132284046875 0.095536875 0.7112400328125
1 0.206281875 0.7122699328125 0.18250312500000002 0.854567275 0.29815375 0.8555249171874999 0.312925625 0.71274916875 0.206281875 0.7122699328125
1 0.313285625 0.71274916875 0.29779374999999997 0.854567275 0.411643125 0.8555249171874999 0.419569375 0.7132284046875 0.313285625 0.71274916875
1 0.525964375 0.8538837203125 0.523081875 0.7130240859375 0.41859999999999997 0.713503321875 0.412475625 0.8543629562499999 0.525964375 0.8538837203125
1 0.5238025000000001 0.7132707640625 0.52524375 0.8550888703125 0.63981375 0.8531719265625 0.628284375 0.7108745843750001 0.5238025000000001 0.7132707640625
1 0.629005 0.7108745843750001 0.6387324999999999 0.8536511625 0.75474375 0.8512558140625 0.7349281249999999 0.7099169437499999 0.629005 0.7108745843750001
1 0.870949375 0.8529750828125 0.84239 0.70965946875 0.7340418750000001 0.7092408640625 0.75529875 0.8534543187500001 0.870949375 0.8529750828125
1 0.84357875 0.7107134546875 0.870949375 0.8539335546875 0.989121875 0.850579734375 0.950931875 0.708761628125 0.84357875 0.7107134546875