1 0.04396412037037037 0.28203703703703703 0.0728125 0.0854166666666667
1 0.028611111111111108 0.42838541666666663 0.057222222222222216 0.08068287037037045
1 0.13306712962962963 0.20028356481481482 0.10912037037037034 0.09844907407407408
1 0.018645833333333334 0.5753877314814815 0.03729166666666667 0.08359953703703696
1 0.008726851851851852 0.7200347222222222 0.017453703703703704 0.08805555555555564
1 0.26764467592592595 0.5340798611111112 0.12800925925925927 0.10341435185185191
1 0.3311863425925926 0.18173032407407408 0.13628472222222224 0.1191550925925926
1 0.1869675925925926 0.436880787037037 0.11849537037037035 0.0985879629629629
1 0.29868055555555556 0.35635416666666664 0.1313194444444445 0.10971064814814824
1 0.056064814814814824 0.7433738425925925 0.10765046296296296 0.10155092592592592
1 0.23984953703703704 0.7078530092592593 0.12355324074074074 0.1111574074074074
1 0.016822916666666667 0.6480555555555556 0.03364583333333333 0.08826388888888878
1 0.025179398148148145 0.5026504629629629 0.05035879629629629 0.08219907407407412
1 0.10665509259259258 0.3537326388888889 0.09799768518518519 0.092037037037037
1 0.4020138888888889 0.4532175925925926 0.15025462962962965 0.11623842592592588
1 0.0571238425925926 0.206875 0.08246527777777776 0.09493055555555552
1 0.061481481481481484 0.6659837962962962 0.09974537037037037 0.09831018518518526
1 0.08010416666666667 0.511869212962963 0.09946759259259261 0.08893518518518526
1 0.1350347222222222 0.7664120370370371 0.1108680555555556 0.10472222222222224
1 0.3667476851851852 0.6419386574074075 0.14722222222222214 0.11931712962962955
1 0.21211805555555557 0.2732986111111111 0.11863425925925926 0.1032754629629629
1 0.3378009259259259 0.8282233796296297 0.14575231481481482 0.12241898148148138
1 0.1570601851851852 0.6028761574074074 0.11224537037037038 0.09849537037037041
1 0.22953125000000002 0.1863599537037037 0.12814814814814818 0.10810185185185187
1 0.07549189814814815 0.5884664351851852 0.10277777777777779 0.0952314814814816
1 0.23178819444444443 0.7954340277777778 0.137800925925926 0.11761574074074055
1 0.44038194444444445 0.26523148148148146 0.15673611111111113 0.12414351851851854
1 0.12459490740740739 0.27537615740740745 0.11068287037037035 0.09847222222222225
1 0.09579282407407408 0.4304224537037037 0.10434027777777777 0.09525462962962976
1 0.14998842592592593 0.6834143518518518 0.11872685185185183 0.1064004629629629
1 0.5165798611111111 0.5663136574074075 0.16611111111111115 0.12428240740740737
1 0.4770601851851852 0.7668113425925925 0.16804398148148145 0.1368055555555557
1 0.4686284722222222 0.8668923611111111 0.1696990740740741 0.13995370370370352
1 0.31611689814814814 0.26863425925925927 0.1378009259259259 0.11761574074074073
1 0.1711400462962963 0.5230150462962964 0.12005787037037038 0.09861111111111107
1 0.4588541666666666 0.16890625 0.15853009259259246 0.13197916666666668
1 0.5555034722222223 0.3595775462962963 0.17259259259259246 0.13218750000000004
1 0.5911631944444444 0.15757523148148148 0.17916666666666678 0.14321759259259262
1 0.20263310185185185 0.35621527777777773 0.12644675925925924 0.10339120370370374
1 0.3529861111111111 0.7374131944444444 0.15365740740740746 0.12565972222222221
1 0.25416087962962963 0.6201793981481482 0.131412037037037 0.11283564814814824
1 0.691875 0.47469328703703706 0.19929398148148145 0.1372685185185185
1 0.2866898148148148 0.4447743055555556 0.13752314814814817 0.10824074074074072
1 0.572482638888889 0.26093171296296297 0.17420138888888878 0.1337731481481482
1 0.7350983796296297 0.2546180555555556 0.20435185185185195 0.149837962962963
1 0.6470659722222223 0.6955729166666667 0.19493055555555544 0.14813657407407418
1 0.4964525462962963 0.665787037037037 0.1647337962962963 0.13050925925925938
1 0.38427662037037036 0.5510937499999999 0.15016203703703698 0.11311342592592588
1 0.6102083333333332 0.9116493055555555 0.19194444444444442 0.15277777777777785
1 0.4212210648148148 0.358443287037037 0.15659722222222214 0.11945601851851854
1 0.535306712962963 0.4613946759259259 0.17079861111111114 0.12435185185185187
1 0.6305208333333333 0.805925925925926 0.19511574074074076 0.1543865740740742
1 0.7578935185185185 0.1441724537037037 0.2029745370370369 0.1560648148148148
1 0.6666898148148148 0.5867361111111111 0.1945138888888888 0.134074074074074
1 0.7186226851851851 0.3626273148148148 0.20407407407407413 0.140462962962963
1 0.847957175925926 0.6098206018518518 0.23560185185185176 0.15030092592592598
1 0.8848668981481481 0.36563078703703705 0.21239583333333342 0.15776620370370367
1 0.8010995370370371 0.8471296296296297 0.2283449074074074 0.16893518518518497
1 0.8257118055555555 0.7280671296296297 0.23119212962962976 0.1596064814814815
1 0.8719502314814814 0.48530092592592594 0.23091435185185177 0.1502314814814815
1 0.8993692129629629 0.24515625000000002 0.19070601851851876 0.1636921296296296
1 0.7876157407407407 0.9332291666666667 0.22199074074074066 0.11261574074074084
1 0.9138715277777777 0.12468171296296297 0.16910879629629605 0.17274305555555552
1 0 0.3907033453125 0.0600633515625 0.393192996875 0.07170962187499999 0.31815811875 0.0068074796875 0.3188362390625 0 0.36944029375 0 0.3907033453125