1 0.9168882328124999 0.8260592453125 0.850496559375 0.8191398875000001 0.8295045859375 0.887944415625 0.8965346453124999 0.8884144953125 0.9168882328124999 0.8260592453125
1 0.849612821875 0.81827521875 0.9187653046875001 0.8252538515625 0.9237876937499999 0.8100551578124999 0.9383009484375 0.756806646875 0.87377424375 0.748106859375 0.849612821875 0.81827521875
1 0.9554834734375 0.6937646859375 0.896814484375 0.682052059375 0.873934575 0.74751860625 0.9382258406249999 0.7570822109375 0.9554834734375 0.6937646859375
1 0.9742662843750001 0.6248513546875001 0.9210123906250001 0.6109295890625 0.8947046703125 0.680869825 0.9556113703125 0.6932954375 0.9742662843750001 0.6248513546875001
1 0.9879928781249999 0.5551352859375001 0.942345815625 0.5402512500000001 0.923016334375 0.6111702953125 0.974380503125 0.6244322890625 0.987524615625 0.5762070968749999 0.9879928781249999 0.5551352859375001
1 0.944906325 0.5403482171875 0.8710817703125 0.5169516234375 0.8509015484375 0.5928902765624999 0.9212898890625001 0.6111769796875001 0.944906325 0.5403482171875
1 0.9217839921875 0.6106530859375 0.8510424796875 0.5930294 0.8255539375 0.6675571859375 0.89606 0.680783465625 0.9217839921875 0.6106530859375
1 0.8964411890624999 0.68084961875 0.82466289375 0.6670298390625 0.7985812171875 0.7399431265625 0.8754815499999999 0.7500217984375 0.8964411890624999 0.68084961875
1 0.8732137421875 0.7489856796875001 0.8009935171875 0.74058386875 0.775728321875 0.8142980671875 0.850046215625 0.8182904421874999 0.8732137421875 0.7489856796875001
1 0.8487995187499999 0.817679428125 0.7746895265625 0.8143128187500001 0.7479754640625 0.8876421765625 0.8287745796875001 0.8879862921875 0.8487995187499999 0.817679428125
1 0.7747634031249999 0.8140417703124999 0.690446390625 0.808254696875 0.6632916578125 0.8870032578125 0.749367484375 0.8870931078125001 0.7747634031249999 0.8140417703124999
1 0.79840219375 0.740189846875 0.7161982921875001 0.728553984375 0.6899726625 0.8095885234375 0.7770038890625 0.814920346875 0.79840219375 0.740189846875
1 0.8240772312500001 0.6668760796875 0.7427223546875 0.6502210546875 0.7170891078125 0.7290821703125 0.7991305375 0.7400017421875 0.8240772312500001 0.6668760796875
1 0.85190270625 0.5932596875 0.7667219546874999 0.5697606328125 0.7427604140625 0.6519796890625 0.8257054593750001 0.6675461375 0.85190270625 0.5932596875
1 0.870527790625 0.516412115625 0.7907276765625 0.49026204218749997 0.7676929968749999 0.570978759375 0.8517903578125001 0.5927168968750001 0.870527790625 0.516412115625
1 0.9436620609374999 0.5395290703125 0.963896071875 0.468513715625 0.894707834375 0.44139458906250006 0.8703717421875 0.5173947671875 0.9449008421875 0.5401046859374999 0.9436620609374999 0.5395290703125
1 0.9420060828124999 0.5393357953125 0.9879945203125 0.555061375 0.9896855828125 0.47896360156249995 0.9637478640625 0.46905749218750004 0.9420060828124999 0.5393357953125
1 0.9138848484375 0.363441840625 0.892443515625 0.4402109109375 0.967014290625 0.4684627484375 0.9857480031250001 0.3959330046875 0.9138848484375 0.363441840625
1 0.9657909921875 0.468779459375 0.98970409375 0.478130590625 0.99146951875 0.3986864859375 0.98663881875 0.3964611890625 0.9657909921875 0.468779459375
1 0.9933018656250001 0.31623085156249997 0.936995875 0.28624155625 0.915518496875 0.3650411484375 0.98663881875 0.3964611890625 0.9919180234375 0.3785037765625 0.9933018656250001 0.31623085156249997
1 0.9371752984375 0.286678875 0.8585141296875 0.2430562890625 0.8334396890625 0.325561984375 0.9152156890625 0.365349478125 0.9371752984375 0.286678875
1 0.9130995796875 0.3636220234375 0.8358519875000001 0.3262027265625 0.8124470125000001 0.4082780421875 0.8931056281249999 0.4407755375 0.9130995796875 0.3636220234375
1 0.89455300625 0.4411599828125 0.8118163421875 0.4086936703125 0.7888557671875 0.48913849843749996 0.8697547984374999 0.51637148125 0.89455300625 0.4411599828125
1 0.7901821078125 0.49068767500000005 0.695384703125 0.4588055796875 0.6716114453124999 0.5460286515624999 0.7652902046875 0.5706195171874999 0.7901821078125 0.49068767500000005
1 0.813364996875 0.40942718281249996 0.7186011671875 0.3717270828125 0.6962755171875 0.4593337625 0.7887444718750001 0.49004484374999996 0.813364996875 0.40942718281249996
1 0.83368894375 0.32536811718749997 0.7424102421875001 0.282474325 0.7196401906250001 0.3717114921875 0.8127703734375 0.4078122875 0.83368894375 0.32536811718749997
1 0.8583192140625 0.24449207031250003 0.768223259375 0.1934622734375 0.7432271796875 0.283273559375 0.8353989203125 0.32513477968750004 0.8583192140625 0.24449207031250003
1 0.7428580609375001 0.283872046875 0.634169240625 0.23081672812499998 0.609956065625 0.32724692499999997 0.7194489421875 0.3706437953125 0.7428580609375001 0.283872046875
1 0.7695238359375 0.19362954375000002 0.6589029328125 0.13627331250000002 0.6349118453125 0.2318886859375 0.7429576328125 0.2823056515625 0.7695238359375 0.19362954375000002
1 0.634169240625 0.23081672812499998 0.5076276890625 0.17302036406250001 0.484645553125 0.278227703125 0.6119597828125001 0.3274884703125 0.634169240625 0.23081672812499998
1 0.6600522 0.135853246875 0.5350639234375001 0.068561440625 0.5090009625 0.17367669531250002 0.6336488140625 0.2308278796875 0.6600522 0.135853246875
1 0.71790735 0.3695386953125 0.6091168515625001 0.3282577921875 0.5841341359375 0.42328130937499997 0.6906182046875 0.45620945781250005 0.71790735 0.3695386953125
1 0.6087882921875 0.32610612968749997 0.4846822171875 0.27714405000000003 0.4579295640625 0.3820185171875 0.5842803265625001 0.42145012656249997 0.6087882921875 0.32610612968749997
1 0.4838274875 0.276917021875 0.3324421640625 0.21709783593749998 0.3051694171875 0.3306064875 0.4602595734375 0.3811273515625 0.4838274875 0.276917021875
1 0.5107774140625 0.1746758953125 0.3561649421875 0.1031619109375 0.33145637968749997 0.217351646875 0.4860878125 0.27897075 0.5107774140625 0.1746758953125
1 0.3837905234375 0.0056857859375 0.358661190625 0.1007292578125 0.511894484375 0.17394040625 0.5365442828125 0.0700552359375 0.42075290781249997 0.0062333765625 0.3837905234375 0.0056857859375
1 0.3577491640625 0.1029329671875 0.38610619375 0.0057200921874999994 0.1823732328125 0.002701825 0.1792644578125 0.015924282812500003 0.3577491640625 0.1029329671875
1 0.3574130671875 0.1019455859375 0.1763702265625 0.013091139062500002 0.150028859375 0.1433605359375 0.3323111078125 0.217578675 0.3574130671875 0.1019455859375
1 0.334765653125 0.21706255312499997 0.1488038671875 0.1428983734375 0.121669634375 0.26934493125 0.30506149531250004 0.3294088375 0.334765653125 0.21706255312499997
1 0.5634511875 0.51919763125 0.431232559375 0.4829508609375 0.40890216874999996 0.586909453125 0.537452934375 0.6109106078125001 0.5634511875 0.51919763125
1 0.6729136687499999 0.5471448640625 0.562804121875 0.5178981734375 0.534796653125 0.6096417171875 0.6488783921875 0.6327630937500001 0.6729136687499999 0.5471448640625
1 0.7673018046875 0.5716523765625 0.6713327265625 0.5455982546875 0.6477003609375 0.6323044062500001 0.7457152515625001 0.6529031234375 0.7673018046875 0.5716523765625
1 0.695108271875 0.45836679062499996 0.5873646109374999 0.42411327343750005 0.5629473015625 0.517372859375 0.670307859375 0.5460657624999999 0.695108271875 0.45836679062499996
1 0.5872214328124999 0.42463858749999994 0.458086296875 0.3807579765625 0.4338888390625 0.48421975 0.5610814921875 0.5168772734375 0.5872214328124999 0.42463858749999994
1 0.45765653593750005 0.3823347578125 0.305908203125 0.329630134375 0.278561175 0.4446534046875 0.43503772031250004 0.48481468124999993 0.45765653593750005 0.3823347578125
1 0.0977687140625 0.3987983921875 0.06365652499999999 0.5207790640625001 0.25162707812499996 0.5578335484375 0.27882583125 0.44542833281250005 0.0977687140625 0.3987983921875
1 0.3093427046875 0.3302877140625 0.1226314140625 0.2694897046875 0.092929225 0.3975129546875 0.28023121406249996 0.4459024109375 0.3093427046875 0.3302877140625
1 0.433919475 0.484359275 0.2763779515625 0.44348856718749996 0.2494593421875 0.5581234796875 0.4073099296875 0.58685729375 0.433919475 0.484359275
1 0.4103421015625 0.586729478125 0.25280841249999997 0.5585261890625 0.22328189062499998 0.6700332453125 0.3734461046875 0.6866707484375 0.4103421015625 0.586729478125
1 0.2488997375 0.5570011375 0.06418799375 0.5206043625000001 0.0284036 0.6455506343749999 0.22036047656250002 0.6690574953125 0.2488997375 0.5570011375
1 0 0.770492990625 0.1871152796875 0.777340540625 0.2169534734375 0.6678654734375 0.027225082812500002 0.6466990578125 0 0.7465867312500001 0 0.770492990625
1 0 0.8881404234374999 0.15125885156250002 0.886679428125 0.1848177828125 0.7762434390624999 0 0.7715974812499999 0 0.8881404234374999
1 0.18689677968750001 0.77824180625 0.1530571578125 0.8879031109375 0.3155498671875 0.8882799828125 0.347213846875 0.7867123359375 0.18689677968750001 0.77824180625
1 0.220944534375 0.6683676140625 0.1840379296875 0.7781789859375 0.345937221875 0.7871309703125 0.3748991234375 0.6865599421875 0.220944534375 0.6683676140625
1 0.506280675 0.7022490953125 0.3748991234375 0.6865599421875 0.3476049671875 0.7867010343749999 0.4809861796875 0.7949832156250001 0.506280675 0.7022490953125
1 0.343267296875 0.7855488875 0.31708601875000003 0.887295846875 0.44978465468750006 0.88756570625 0.4790374609375 0.7936727875 0.343267296875 0.7855488875
1 0.40747500625 0.5869488359374999 0.37467726562500003 0.6873739234375 0.50760143125 0.703584409375 0.535413725 0.60958064375 0.40747500625 0.5869488359374999
1 0.6473387171875 0.6326997015625 0.5376844125 0.6100964796875 0.5062479921875 0.7032654125 0.62023506875 0.7178754890625 0.6473387171875 0.6326997015625
1 0.50671739375 0.7033828921875 0.47838215625 0.7960184796875 0.5931452265625 0.8031998328125001 0.6205999249999999 0.7183296640625 0.50671739375 0.7033828921875
1 0.47722961406250003 0.7957123484374999 0.4484063921875 0.887870953125 0.5620559171874999 0.8859554062500001 0.589646675 0.8047048218749999 0.47722961406250003 0.7957123484374999
1 0.5624721359375 0.8843111359375 0.6646229031249999 0.8857163171875 0.691235065625 0.8091166171875 0.5908915968749999 0.8023870562500001 0.5624721359375 0.8843111359375
1 0.62083905625 0.7185830625 0.5913651234375 0.80251283125 0.690034328125 0.8094267203125 0.7155691875 0.7285947640625 0.62083905625 0.7185830625
1 0.6439773125 0.6318266609375 0.61989200625 0.7183315140625 0.716781853125 0.7297231875 0.7422424546874999 0.6493511578125 0.6439773125 0.6318266609375