1 0.66875 0.1328125 0.06015625 0.0625
1 0.48046875 0.33046875 0.07109375 0.08671875
1 0.43203125 0.12890625 0.059375 0.0625
1 0.55 0.13046875 0.05859375 0.0625
1 0.740625 0.19921875 0.07109375 0.071875
1 0.61328125 0.19375 0.06171875 0.06796875
1 0.48828125 0.1890625 0.06328125 0.06875
1 0.76484375 0.3453125 0.084375 0.0921875
1 0.31875 0.128125 0.06484375 0.0625
1 0.68515625 0.26328125 0.07109375 0.0765625
1 0.365625 0.1890625 0.0671875 0.0671875
1 0.753125 0.27109375 0.07578125 0.0875
1 0.70390625 0.4265625 0.08203125 0.10390625
1 0.55234375 0.2578125 0.0671875 0.075
1 0.621875 0.3359375 0.07578125 0.08828125
1 0.55234375 0.41640625 0.0765625 0.1
1 0.4703125 0.5046875 0.0828125 0.11015625
1 0.42109375 0.2546875 0.0703125 0.07421875
1 0.29140625 0.253125 0.0734375 0.075
1 0.2734375 0.328125 0.084375 0.08984375
1 0.25390625 0.403125 0.084375 0.09453125
1 0.4015625 0.409375 0.08046875 0.09609375
1 0.3421875 0.3265625 0.078125 0.08046875
1 0.31015625 0.4984375 0.09453125 0.109375
1 0.79765625 0.5296875 0.09921875 0.11953125
1 0.35625 0.2578125 0.07421875 0.0796875
1 0.23515625 0.49375 0.0921875 0.10859375
1 0.78203125 0.4328125 0.08671875 0.10859375
1 0.634375 0.52109375 0.08671875 0.1171875
1 0.6953125 0.34140625 0.07734375 0.09453125
1 0.553125 0.62265625 0.0890625 0.128125
1 0.48515625 0.25859375 0.0671875 0.07890625
1 0.328125 0.40859375 0.08515625 0.10078125
1 0.553125 0.33515625 0.07421875 0.08984375
1 0.72890625 0.6390625 0.09921875 0.13203125
1 0.4109375 0.33046875 0.07578125 0.08515625
1 0.715625 0.52265625 0.08671875 0.11640625
1 0.37890625 0.60859375 0.09609375 0.128125
1 0.20703125 0.60234375 0.1015625 0.11875
1 0.81953125 0.64609375 0.103125 0.1328125
1 0.628125 0.42265625 0.08125 0.10703125
1 0.29375 0.60390625 0.10078125 0.13046875
1 0.4765625 0.41328125 0.07734375 0.1
1 0.39140625 0.50078125 0.08671875 0.11484375
1 0.55390625 0.5109375 0.0828125 0.11953125
1 0.63984375 0.63046875 0.09375 0.134375
1 0.46328125 0.6140625 0.08828125 0.12578125
1 0.4578125 0.74765625 0.09921875 0.15546875
1 0.6484375 0.76796875 0.09921875 0.1625
1 0.3640625 0.7390625 0.1046875 0.1515625
1 0.2703125 0.73515625 0.11171875 0.14921875
1 0.553125 0.753125 0.09453125 0.15859375
1 0.1828125 0.72578125 0.115625 0.14609375
1 0.74453125 0.77421875 0.10703125 0.16484375
1 0.84296875 0.784375 0.11953125 0.16171875
1 0.3432859375 0.1606416671875 0.28473281250000004 0.15918055625 0.2694109375 0.2214861109375 0.3309734375 0.22245972187500002 0.3432859375 0.1606416671875
1 0.35395703125 0.1066111109375 0.3427390625 0.15820694375 0.4018390625 0.1601541671875 0.41004765625 0.10563750000000001 0.35395703125 0.1066111109375
1 0.40251171875 0.15955 0.39378828125 0.224697221875 0.4558984375 0.22177638906250002 0.46109687499999996 0.16044444375 0.40251171875 0.15955
1 0.5231515625000001 0.10562638906249999 0.46521015625000006 0.10467777812500001 0.46094453125 0.159377778125 0.52101875 0.1615916671875 0.5231515625000001 0.10562638906249999
1 0.52089609375 0.16067638906249998 0.51885234375 0.2245 0.58265703125 0.22773194375 0.5810671875 0.16148472187500001 0.52089609375 0.16067638906249998
1 0.57975390625 0.107609721875 0.58118984375 0.165790278125 0.64244921875 0.16550694375 0.636865625 0.10704305624999999 0.57975390625 0.107609721875
1 0.5824921875 0.22682777812500002 0.58444921875 0.2964416671875 0.6537101562500001 0.29957500000000004 0.6470578125 0.22891666718749998 0.5824921875 0.22682777812500002
1 0.6421703125 0.163459721875 0.6470578125 0.2296125 0.7122101562500001 0.231352778125 0.7030140625 0.1645236109375 0.6421703125 0.163459721875
1 0.69485703125 0.1076666671875 0.7026484375 0.16821527812499998 0.7651984374999999 0.1658361109375 0.75298984375 0.10751944375 0.69485703125 0.1076666671875