1 0.33043981481481477 0.7231597222222221 0.09120370370370363 0.10388888888888878
1 0.1972800925925926 0.8858506944444444 0.08425925925925926 0.08486111111111114
1 0.49288194444444444 0.7175 0.08640046296296297 0.10055555555555565
1 0.6532407407407407 0.7049131944444444 0.09409722222222214 0.09777777777777778
1 0.4102141203703704 0.8015104166666667 0.08449074074074084 0.09111111111111114
1 0.1640625 0.7297743055555556 0.10057870370370373 0.10430555555555543
1 0.27913773148148147 0.9500694444444445 0.07609953703703702 0.075138888888889
1 0.26006944444444446 0.8120833333333334 0.08912037037037042 0.08975694444444429
1 0.415162037037037 0.9416840277777776 0.06967592592592595 0.070173611111111
1 0.6804976851851852 0.9166319444444444 0.08078703703703702 0.07534722222222215
1 0.3410300925925926 0.8794618055555556 0.08101851851851852 0.08159722222222214
1 0.5481770833333333 0.9303125 0.07453703703703703 0.0750694444444445
1 0.23315972222222223 0.6331076388888889 0.10428240740740743 0.12006944444444442
1 0.6877893518518519 0.5091666666666667 0.11556712962962976 0.12993055555555558
1 0.4848958333333333 0.8699479166666666 0.07945601851851851 0.081527777777778
1 0.6250868055555555 0.8543576388888889 0.08258101851851851 0.08166666666666664
1 0.4088541666666667 0.6276388888888889 0.0963541666666666 0.11659722222222228
1 0.754369212962963 0.6068229166666667 0.10561342592592596 0.11388888888888893
1 0.583130787037037 0.6183333333333334 0.1009837962962962 0.11524305555555543
1 0.5626446759259259 0.7923958333333333 0.084375 0.08798611111111114
1 0.5026331018518518 0.5173958333333333 0.103125 0.13093749999999993
1 0.30980902777777775 0.5220659722222223 0.11273148148148149 0.13760416666666658
1 0.12170138888888889 0.5257465277777778 0.12372685185185187 0.1396527777777777
1 0.7121527777777779 0.7779513888888889 0.09050925925925916 0.08513888888888879
1 0.7785011574074074 0.5027951388888889 0.1171875 0.13156250000000008
1 0.1457175925925926 0.6354340277777778 0.11232638888888888 0.12666666666666657
1 0.6683738425925926 0.6122048611111112 0.10740740740740726 0.12020833333333343
1 0.40271990740740743 0.39314236111111106 0.11649305555555553 0.15493055555555557
1 0.2146122685185185 0.5231770833333333 0.11603009259259256 0.14243055555555556
1 0.19994212962962962 0.3927951388888889 0.12928240740740743 0.16329861111111113
1 0.4892650462962963 0.7940972222222221 0.08460648148148149 0.09423611111111115
1 0.6088252314814815 0.38788194444444446 0.12262731481481488 0.1520833333333333
1 0.5727141203703704 0.7100520833333334 0.09120370370370381 0.10388888888888896
1 0.40856481481481477 0.7196875 0.09288194444444446 0.10708333333333328
1 0.8088252314814814 0.3789930555555555 0.1305555555555557 0.15555555555555553
1 0.09088541666666666 0.3890625 0.1320601851851852 0.15406250000000005
1 0.7094907407407407 0.3865277777777778 0.1258101851851851 0.15378472222222223
1 0.31906828703703705 0.6300694444444443 0.10289351851851851 0.12468749999999992
1 0.4963831018518518 0.6229687500000001 0.09797453703703703 0.11822916666666679
1 0.596383101851852 0.5132291666666667 0.10949074074074083 0.13434027777777793
1 0.4057581018518519 0.521701388888889 0.10642361111111107 0.13576388888888893
1 0.29971064814814813 0.39460069444444446 0.11984953703703702 0.1613194444444445
1 0.5088831018518518 0.39076388888888886 0.11336805555555554 0.15479166666666666
1 0.28912037037037036 0.2382986111111111 0.13368055555555552 0.19781250000000003
1 0.5160011574074075 0.24069444444444446 0.12702546296296297 0.18659722222222222
1 0.736255787037037 0.23246527777777776 0.14085648148148167 0.18097222222222217
1 0.40054976851851853 0.2411458333333333 0.12557870370370364 0.18965277777777773
1 0.1775752314814815 0.2385763888888889 0.1447337962962963 0.2014236111111111
1 0.6268229166666666 0.23888888888888887 0.13478009259259274 0.18538194444444445
1 0.8432581018518519 0.22848958333333336 0.15179398148148165 0.18145833333333333
1 0.07074652777777778 0.2381423611111111 0.14149305555555555 0.1987152777777778
1 0.2007567296875 0.6815931171875 0.2159833359375 0.7701677171875 0.294666021875 0.7687337203125 0.28468464375 0.6795066875 0.2007567296875 0.6815931171875
1 0.294772834375 0.7684885718750001 0.30289122343749997 0.843931815625 0.3771193625 0.8390624421874999 0.3735668671875 0.76427144375 0.294772834375 0.7684885718750001
1 0.13633313281249998 0.7739448828125 0.1558651765625 0.8515273953125 0.22854551406249998 0.8453635937499999 0.21541319374999998 0.76970658125 0.13633313281249998 0.7739448828125
1 0.228788546875 0.8477171718750001 0.24062933125 0.9177916203125 0.3100622515625 0.9141966406250001 0.3027304234375 0.8433783125 0.228788546875 0.8477171718750001
1 0.169259884375 0.92040610625 0.1848200703125 0.9861276453125001 0.2511833 0.9824449187500001 0.240917740625 0.916248284375 0.169259884375 0.92040610625
1 0.3099999375 0.9153370687500001 0.3161485234375 0.9772401734375 0.382493884375 0.9720368875000001 0.3810898015625 0.90970229375 0.3099999375 0.9153370687500001
1 0.377812584375 0.8399632218749999 0.38023125156250004 0.9107844953124999 0.4495343921875 0.9059309890625 0.4497567015625 0.8352748890624999 0.377812584375 0.8399632218749999
1 0.5224380828124999 0.829016628125 0.5174345390624999 0.899919878125 0.5848243640625 0.8895046328125 0.5938195859375 0.8203147875000001 0.5224380828124999 0.829016628125
1 0.44862977343750005 0.9048657062500001 0.4476421828125 0.9668281171875 0.512232234375 0.9623107328125 0.5174334671875 0.9004262890625 0.44862977343750005 0.9048657062500001
1 0.5859648765625 0.8899220546875 0.57698363125 0.9525180671875001 0.6397815765625 0.947739765625 0.6516332890625 0.88370285 0.5859648765625 0.8899220546875
1 0.6663400640625 0.8135524703125 0.6513494093750001 0.8827111999999999 0.7181328453125 0.880178590625 0.7360044640625001 0.8070150328125001 0.6663400640625 0.8135524703125
1 0.603690671875 0.7490407046875001 0.5933782296875 0.8199887531250001 0.664997171875 0.813891103125 0.680745025 0.7425137265624999 0.603690671875 0.7490407046875001
1 0.696800678125 0.6576598578125 0.6798422453125 0.7425718015625 0.7551665359374999 0.7375571234375 0.7778728625 0.6516533 0.696800678125 0.6576598578125