1 0.9285416666666666 0.4491203703703704 0.08403935185185177 0.0877199074074074
1 0.8642939814814815 0.3522627314814815 0.0951620370370371 0.10086805555555553
1 0.8821875 0.7278703703703704 0.08716435185185176 0.08790509259259256
1 0.9084780092592591 0.5894618055555555 0.08086805555555543 0.08440972222222225
1 0.6986979166666666 0.28771412037037036 0.11726851851851841 0.1177893518518518
1 0.6584606481481481 0.6285995370370371 0.11400462962962958 0.10822916666666664
1 0.73140625 0.7189351851851852 0.10612268518518526 0.10307870370370367
1 0.8456886574074074 0.4997280092592593 0.0903356481481481 0.09121527777777771
1 0.6797685185185185 0.4570543981481482 0.11559027777777775 0.1098842592592593
1 0.7775810185185185 0.39951388888888884 0.10458333333333343 0.10454861111111118
1 0.7572511574074074 0.5578240740740741 0.10138888888888893 0.09967592592592603
1 0.8590567129629629 0.8641203703703704 0.0841550925925926 0.0955324074074074
1 0.8239236111111111 0.6493518518518518 0.09031249999999993 0.08965277777777772
1 0.5646643518518518 0.5206076388888888 0.13133101851851842 0.11862268518518526
1 0.5845601851851852 0.3388136574074074 0.13457175925925924 0.1266203703703704
1 0.5424016203703704 0.7038252314814815 0.12979166666666658 0.1200925925925926
1 0.6125810185185185 0.8753182870370371 0.12822916666666656 0.11999999999999993
1 0.513900462962963 0.8858912037037037 0.13144675925925925 0.12643518518518526
1 0.6309722222222222 0.7950868055555554 0.11565972222222207 0.1145717592592593
1 0.7967592592592594 0.7939641203703703 0.08725694444444443 0.09415509259259255
1 0.7056655092592592 0.8730150462962964 0.10145833333333343 0.10436342592592567
1 0.4344849537037037 0.59890625 0.1502199074074074 0.12910879629629618
1 0.8344097222222222 0.5749074074074073 0.0934606481481481 0.09140046296296304
1 0.764693287037037 0.47772569444444446 0.11083333333333326 0.10491898148148149
1 0.8080381944444444 0.7187847222222222 0.09826388888888893 0.09949074074074069
1 0.7170023148148148 0.7939293981481481 0.11090277777777775 0.10960648148148149
1 0.5945543981481481 0.24479166666666669 0.1440393518518519 0.1334259259259259
1 0.4755787037037037 0.20020833333333332 0.16143518518518524 0.1485069444444445
1 0.7458680555555556 0.6400347222222222 0.10763888888888892 0.10004629629629633
1 0.6455150462962963 0.7107175925925926 0.12342592592592591 0.11190972222222229
1 0.3941956018518519 0.8905266203703703 0.15353009259259257 0.14179398148148153
1 0.4080729166666667 0.7982986111111112 0.15040509259259255 0.1416087962962962
1 0.30267361111111113 0.47067708333333336 0.17533564814814814 0.1384027777777778
1 0.4561979166666667 0.40001736111111114 0.15656250000000008 0.13572916666666668
1 0.5277430555555556 0.7960069444444444 0.14399305555555558 0.13030092592592588
1 0.6691203703703703 0.5424363425925925 0.11712962962962976 0.10841435185185197
1 0.4639409722222222 0.2996064814814815 0.15658564814814824 0.13729166666666667
1 0.32230902777777776 0.2536805555555556 0.18657407407407406 0.15936342592592592
1 0.2790972222222222 0.6897858796296296 0.18018518518518523 0.14961805555555543
1 0.4197106481481481 0.6989004629629629 0.15651620370370373 0.1326041666666667
1 0.33094907407407403 0.14550347222222224 0.18510416666666663 0.16552083333333334
1 0.5746354166666666 0.42814814814814817 0.13916666666666658 0.12064814814814824
1 0.2610474537037037 0.7997511574074074 0.18659722222222222 0.16092592592592592
1 0.2462152777777778 0.9036516203703705 0.17878472222222222 0.16046296296296275
1 0.5554398148148147 0.6154571759259259 0.1328240740740741 0.11402777777777792
1 0.4453761574074074 0.49711805555555555 0.15017361111111108 0.1259837962962962
1 0.31055555555555553 0.3608912037037037 0.18172453703703706 0.1481481481481482
1 0.29082754629629626 0.5841377314814815 0.17843750000000008 0.13702546296296295
1 0.11912615740740742 0.5622337962962962 0.21311342592592591 0.159375
1 0.1415104166666667 0.31803240740740735 0.22104166666666666 0.167650462962963
1 0.14954282407407407 0.1980902777777778 0.22591435185185188 0.18042824074074076
1 0.09787037037037037 0.7982986111111111 0.19574074074074074 0.17784722222222218
1 0.10646412037037038 0.6779918981481481 0.21166666666666667 0.16709490740740734
1 0.13192708333333333 0.4371006944444444 0.2146527777777778 0.15790509259259267
1 0.15975694444444444 0.08922453703703703 0.2304861111111111 0.17289351851851853
1 0.09079861111111112 0.9002719907407407 0.18159722222222224 0.15991898148148137
1 0.7386290171875001 0.349845746875 0.642467009375 0.315047121875 0.634496790625 0.40345893125 0.7311268671875 0.42990361562499996 0.7386290171875001 0.349845746875
1 0.8332966734375 0.3018609234375 0.7496824203125 0.266587509375 0.739142575 0.348518290625 0.823468559375 0.3778935671875 0.8332966734375 0.3018609234375
1 0.8977136546875 0.40478246249999994 0.8222570515625 0.3774874125 0.8125555859375 0.45453690468749997 0.8865419125 0.4757864578125 0.8977136546875 0.40478246249999994
1 0.9725187921874999 0.3571539703125 0.9076738546875 0.3322823390625 0.896236325 0.403638078125 0.9621665437500001 0.4262094671875 0.9725187921874999 0.3571539703125
1 0.953000953125 0.49387405781249993 0.886616040625 0.47505806406250006 0.8755493156249999 0.54670035625 0.9449627625 0.562020646875 0.953000953125 0.49387405781249993
1 0.9332989062499999 0.6291415687499999 0.8645590562500001 0.618380859375 0.85256319375 0.68753053125 0.918724334375 0.6949026484374999 0.9332989062499999 0.6291415687499999
1 0.905117025 0.760672615625 0.8383641203125001 0.7582044453125001 0.825413715625 0.8270116203125 0.895790246875 0.8246401546875 0.905117025 0.760672615625
1 0.8244368625 0.826676553125 0.752732609375 0.8292753421875 0.7408344062500001 0.9028513437499999 0.813221534375 0.8962289140624999 0.8244368625 0.826676553125