1 0.634375 0.2828125 0.078125 0.0890625
1 0.75703125 0.14140625 0.07265625 0.07265625
1 0.48359375 0.27578125 0.0734375 0.08671875
1 0.33515625 0.275 0.08203125 0.08359375
1 0.559375 0.20390625 0.0734375 0.07734375
1 0.7875 0.28828125 0.08671875 0.08984375
1 0.68046875 0.075 0.065625 0.0640625
1 0.6984375 0.20546875 0.0765625 0.0765625
1 0.55546875 0.0734375 0.06171875 0.0609375
1 0.309375 0.07734375 0.06953125 0.06328125
1 0.62421875 0.13671875 0.06953125 0.06953125
1 0.43125 0.07421875 0.06484375 0.0640625
1 0.72421875 0.37265625 0.08984375 0.1046875
1 0.303125 0.4546875 0.0984375 0.1125
1 0.490625 0.13515625 0.06796875 0.06875
1 0.3609375 0.1390625 0.07109375 0.06875
1 0.56171875 0.365625 0.08203125 0.1015625
1 0.2421875 0.359375 0.09140625 0.0984375
1 0.4 0.36015625 0.08671875 0.1
1 0.41875 0.20078125 0.0734375 0.07421875
1 0.475 0.46015625 0.08671875 0.1140625
1 0.653125 0.4703125 0.09453125 0.1203125
1 0.82734375 0.48046875 0.10546875 0.12109375
1 0.28046875 0.203125 0.078125 0.07265625
1 0.21953125 0.45390625 0.1 0.1140625
1 0.80546875 0.37734375 0.09453125 0.1109375
1 0.321875 0.36015625 0.09296875 0.10390625
1 0.5671875 0.5828125 0.0984375 0.13671875
1 0.74140625 0.4765625 0.0984375 0.125
1 0.75546875 0.5984375 0.1109375 0.14296875
1 0.48671875 0.2046875 0.071875 0.08203125
1 0.3765625 0.57265625 0.1046875 0.1328125
1 0.41015625 0.2765625 0.078125 0.08984375
1 0.56171875 0.2796875 0.0796875 0.09375
1 0.190625 0.565625 0.1109375 0.134375
1 0.85625 0.61015625 0.11328125 0.13359375
1 0.28359375 0.56640625 0.10859375 0.1328125
1 0.64453125 0.36875 0.0875 0.10859375
1 0.48046875 0.3625 0.08359375 0.10234375
1 0.38828125 0.4578125 0.09296875 0.1171875
1 0.56484375 0.46328125 0.08984375 0.11796875
1 0.66328125 0.5890625 0.1015625 0.14296875
1 0.46953125 0.57734375 0.0953125 0.1359375
1 0.6734375 0.73515625 0.11171875 0.17421875
1 0.4625 0.71640625 0.10546875 0.165625
1 0.259375 0.7078125 0.11953125 0.15703125
1 0.56953125 0.72421875 0.1046875 0.16875
1 0.77578125 0.74296875 0.12109375 0.17578125
1 0.3609375 0.709375 0.11171875 0.1609375
1 0.16015625 0.703125 0.12890625 0.1578125
1 0.88359375 0.7515625 0.13515625 0.17421875
1 0.6669671875 0.24257777812499998 0.6763859375 0.3260388890625 0.75410625 0.330272221875 0.73983125 0.24703055625 0.6669671875 0.24257777812499998
1 0.5904703125 0.1713125 0.59390703125 0.2409166671875 0.66686875 0.242797221875 0.65920234375 0.172252778125 0.5904703125 0.1713125
1 0.72805 0.1763888890625 0.74036015625 0.2475 0.8135867187500001 0.24938194375 0.79534609375 0.176015278125 0.72805 0.1763888890625
1 0.6524234375 0.1065791671875 0.65935234375 0.172777778125 0.7278203125 0.17418888906250002 0.7167171875 0.10834861093749999 0.6524234375 0.1065791671875
1 0.70681640625 0.0476291671875 0.7164531249999999 0.1097583328125 0.7828062499999999 0.11116944375 0.7682671875 0.0490916671875 0.70681640625 0.0476291671875
1 0.58523203125 0.0476291671875 0.5866546875 0.1055263890625 0.65247890625 0.1055263890625 0.64666328125 0.04768055625 0.58523203125 0.0476291671875
1 0.5232765625 0.10399305625 0.523209375 0.1694861109375 0.5898265625 0.17042638906250002 0.58744765625 0.1045861109375 0.5232765625 0.10399305625
1 0.39801875 0.10928055625 0.38982421875 0.17276944375 0.4559125 0.169947221875 0.46040703125000004 0.1045763890625 0.39801875 0.10928055625
1 0.46510234375000004 0.0471125 0.46040703125000004 0.10410694375 0.52411640625 0.105047221875 0.524909375 0.0476708328125 0.46510234375000004 0.0471125
1 0.347009375 0.05124861093750001 0.336159375 0.10974999999999999 0.39696171874999997 0.108809721875 0.40515625 0.051433332812499996 0.347009375 0.05124861093750001
1 0.27458203124999997 0.10813055625000001 0.258175 0.1746513890625 0.32267734375 0.173709721875 0.33642421875 0.11069027812500001 0.27458203124999997 0.10813055625000001
1 0.3239203125 0.17349444375 0.3094765625 0.238515278125 0.38082265625 0.2381263890625 0.39023359375 0.1731041671875 0.3239203125 0.17349444375
1 0.24056562499999998 0.2376416671875 0.21970625 0.31561944375 0.29477421875 0.31600833281249996 0.3103125 0.238527778125 0.24056562499999998 0.2376416671875