1 0.04115162037037037 0.5970775462962963 0.07401620370370371 0.08084490740740743
1 0.28762731481481485 0.42853009259259256 0.10695601851851855 0.09924768518518512
1 0.08067708333333333 0.34163773148148147 0.0802662037037037 0.08107638888888893
1 0.058188657407407404 0.47063078703703703 0.08025462962962963 0.07951388888888893
1 0.09417824074074074 0.687326388888889 0.09287037037037035 0.09560185185185191
1 0.11347222222222222 0.549074074074074 0.08810185185185185 0.08449074074074084
1 0.1335648148148148 0.41313657407407406 0.08810185185185185 0.08449074074074084
1 0.24693865740740742 0.7379340277777777 0.11642361111111113 0.11209490740740743
1 0.1024363425925926 0.21970486111111112 0.08186342592592592 0.08582175925925925
1 0.17430555555555555 0.6382523148148149 0.09912037037037039 0.09583333333333321
1 0.1583738425925926 0.280931712962963 0.08657407407407405 0.08912037037037042
1 0.16860532407407408 0.7127025462962964 0.11167824074074076 0.10410879629629619
1 0.34579861111111115 0.6858217592592593 0.1305092592592592 0.11574074074074066
1 0.19511574074074076 0.4936921296296296 0.09439814814814813 0.09097222222222215
1 0.2653240740740741 0.5825231481481481 0.11166666666666672 0.10254629629629619
1 0.3656712962962963 0.5201967592592592 0.12420138888888888 0.10769675925925934
1 0.476880787037037 0.44730902777777776 0.13833333333333328 0.11759259259259255
1 0.21828703703703703 0.35138888888888886 0.0944212962962963 0.09409722222222223
1 0.2422569444444444 0.21140046296296297 0.09601851851851854 0.09884259259259257
1 0.3266087962962963 0.20515046296296297 0.1148726851851852 0.11359953703703703
1 0.410162037037037 0.19658564814814813 0.1195717592592592 0.11533564814814819
1 0.3886863425925926 0.3567997685185185 0.12109953703703705 0.11070601851851851
1 0.3115219907407408 0.2783854166666667 0.10230324074074079 0.10376157407407405
1 0.5021585648148148 0.2728877314814815 0.13841435185185186 0.12853009259259257
1 0.43810763888888893 0.8043113425925925 0.15098379629629619 0.1383680555555557
1 0.2341840277777778 0.28203125 0.10228009259259263 0.10063657407407404
1 0.511712962962963 0.19126157407407404 0.1368287037037037 0.12534722222222222
1 0.33705439814814814 0.7713252314814815 0.13523148148148145 0.1206018518518519
1 0.4618055555555555 0.6276041666666666 0.14461805555555554 0.12251157407407405
1 0.2565335648148148 0.6617766203703704 0.11795138888888887 0.10746527777777785
1 0.5870949074074074 0.5565393518518518 0.15715277777777778 0.12766203703703702
1 0.2094212962962963 0.42048611111111106 0.10065972222222222 0.09276620370370381
1 0.4013831018518519 0.2774016203703703 0.1258333333333333 0.11712962962962958
1 0.2772743055555556 0.5078414351851851 0.11322916666666671 0.10260416666666679
1 0.5697627314814815 0.7486400462962963 0.16349537037037046 0.1403935185185185
1 0.3011400462962963 0.35379050925925926 0.10854166666666672 0.10243055555555554
1 0.44681712962962966 0.7141203703703705 0.14461805555555554 0.12251157407407405
1 0.6075636574074075 0.36588541666666663 0.15877314814814802 0.13553240740740735
1 0.6350983796296296 0.17965856481481482 0.15099537037037045 0.13993055555555559
1 0.5587731481481482 0.8475115740740741 0.1650810185185186 0.14357638888888893
1 0.35691550925925924 0.6041377314814815 0.13204861111111105 0.11267361111111107
1 0.6193807870370371 0.2732349537037037 0.16349537037037046 0.1403935185185185
1 0.37678819444444445 0.4385127314814815 0.12420138888888896 0.10769675925925917
1 0.488744212962963 0.3609085648148148 0.14148148148148146 0.12083333333333339
1 0.46739004629629627 0.5375289351851851 0.14771990740740737 0.11950231481481488
1 0.5784201388888889 0.651417824074074 0.16502314814814803 0.13576388888888893
1 0.5957407407407407 0.4577546296296296 0.1540277777777778 0.12754629629629619
1 0.7404340277777777 0.47427662037037044 0.18854166666666677 0.14756944444444428
1 0.7247974537037036 0.6842881944444444 0.19635416666666677 0.1478587962962962
1 0.7498321759259259 0.371556712962963 0.18543981481481495 0.15057870370370363
1 0.7647048611111111 0.2694155092592593 0.1839236111111111 0.1567708333333333
1 0.7279166666666667 0.5778935185185186 0.19162037037037044 0.1414351851851851
1 0.7725925925925926 0.17378472222222224 0.18239583333333337 0.16140046296296298
1 0.7122858796296296 0.7886863425925926 0.2011111111111111 0.15740740740740744
1 0.7029108796296296 0.89453125 0.19961805555555562 0.16672453703703702
1 0.2012247671875 0.248722815625 0.21251773125 0.1820829296875 0.142426390625 0.18809753437500001 0.13226104375 0.2515702828125 0.2012247671875 0.248722815625
1 0.059712415625 0.3143637375 0.11999964062499999 0.314713703125 0.1297517125 0.2505682828125 0.0720031015625 0.253961484375 0.059712415625 0.3143637375
1 0.10843361250000001 0.378749496875 0.175448421875 0.38350166093750004 0.19104029218750002 0.31692859375000004 0.1192149234375 0.3153379328125 0.10843361250000001 0.378749496875
1 0.097656259375 0.443647175 0.10731676875 0.3784047234375 0.0476227109375 0.37376614531249996 0.037028703125 0.4364917421875 0.097656259375 0.443647175
1 0.0855044703125 0.50846955625 0.1564457703125 0.52138243125 0.1657589671875 0.4519397515625 0.0966963109375 0.4433600453125 0.0855044703125 0.50846955625
1 0.0157585015625 0.5595198984375 0.07752697187499999 0.5754298078125 0.09011123125 0.5093296640625 0.027816132812499998 0.49794628906250005 0.0157585015625 0.5595198984375
1 0.1448109546875 0.5911227828125 0.219482359375 0.6102476609374999 0.22999533906249997 0.5349299765625 0.1555062296875 0.521051625 0.1448109546875 0.5911227828125
1 0.0643289671875 0.6406616890625 0.134371565625 0.661886165625 0.1455594390625 0.5912403828125 0.0753807484375 0.5747826515625001 0.0643289671875 0.6406616890625
1 0.0051083078125 0.68962159375 0.053275878124999995 0.7080303546875 0.06837326406250001 0.6408908 0.00480488125 0.6222445578125 0.0046166265625 0.6232446703125001 0.0051083078125 0.68962159375