1 0.07255208333333332 0.7257118055555555 0.08340277777777778 0.08152777777777764
1 0.05903356481481481 0.5879340277777778 0.08023148148148147 0.07520833333333332
1 0.04787037037037037 0.45177083333333334 0.08181712962962963 0.07836805555555557
1 0.15906250000000002 0.8049652777777778 0.09440972222222221 0.09114583333333322
1 0.0808912037037037 0.7969791666666668 0.08969907407407407 0.08791666666666664
1 0.03983217592592593 0.31567708333333333 0.07561342592592593 0.08447916666666666
1 0.04657986111111111 0.3830034722222222 0.08340277777777778 0.08152777777777782
1 0.2860358796296296 0.33598958333333334 0.11010416666666671 0.10086805555555553
1 0.34436342592592595 0.8286111111111112 0.11952546296296296 0.10732638888888886
1 0.3020775462962963 0.4980381944444444 0.11318287037037038 0.09468749999999986
1 0.054606481481481485 0.5175347222222222 0.08336805555555556 0.07684027777777783
1 0.21993055555555557 0.5860416666666667 0.10532407407407404 0.08826388888888896
1 0.11623263888888888 0.2955034722222222 0.0944212962962963 0.09270833333333339
1 0.14157407407407407 0.6585069444444445 0.0896875 0.08635416666666665
1 0.3212731481481481 0.6640625 0.11634259259259264 0.09944444444444436
1 0.19108796296296296 0.2776388888888889 0.09756944444444442 0.09590277777777771
1 0.40056712962962965 0.4018055555555556 0.13202546296296286 0.10760416666666668
1 0.20471064814814816 0.4294791666666667 0.10064814814814813 0.08972222222222222
1 0.24821180555555555 0.8186631944444445 0.11320601851851855 0.09781249999999986
1 0.1175636574074074 0.36973958333333334 0.08814814814814813 0.0894444444444444
1 0.12799189814814813 0.5121354166666666 0.08651620370370372 0.08003472222222215
1 0.23669560185185184 0.7402951388888889 0.10693287037037039 0.09454861111111104
1 0.2830960648148148 0.25546875 0.12265046296296296 0.10739583333333336
1 0.4477141203703704 0.7559201388888889 0.13831018518518512 0.1124305555555555
1 0.12589699074074073 0.44022569444444437 0.0928125 0.08642361111111115
1 0.1394849537037037 0.5873784722222222 0.0928125 0.08642361111111115
1 0.42140625 0.5788020833333334 0.1351157407407408 0.10298611111111118
1 0.3844386574074074 0.22803819444444445 0.1289351851851852 0.11222222222222218
1 0.5331423611111111 0.4781770833333333 0.14767361111111105 0.111076388888889
1 0.3390856481481482 0.7488194444444444 0.11950231481481488 0.10420138888888886
1 0.5122280092592593 0.29102430555555553 0.14931712962962962 0.12204861111111107
1 0.5045138888888889 0.19868055555555555 0.14934027777777778 0.1251736111111111
1 0.20026041666666666 0.3559548611111111 0.10694444444444447 0.09611111111111112
1 0.23299189814814816 0.6621006944444445 0.11162037037037038 0.09465277777777778
1 0.5619270833333333 0.6733159722222222 0.15710648148148146 0.11909722222222215
1 0.4601041666666667 0.8468055555555555 0.14616898148148144 0.11885416666666657
1 0.5820601851851851 0.8604513888888888 0.15876157407407412 0.13163194444444457
1 0.6931828703703704 0.5715625 0.17586805555555554 0.12107638888888879
1 0.2107349537037037 0.5046006944444444 0.10374999999999997 0.08666666666666671
1 0.39131944444444444 0.31333333333333335 0.1351967592592592 0.11392361111111109
1 0.2928935185185185 0.4181597222222223 0.11635416666666672 0.10100694444444436
1 0.3128587962962963 0.5826388888888889 0.11945601851851854 0.09795138888888885
1 0.5727546296296296 0.7641666666666667 0.1586921296296296 0.12225694444444439
1 0.43534143518518514 0.6673784722222222 0.13984953703703695 0.10934027777777774
1 0.6643055555555556 0.3639236111111111 0.17437500000000003 0.1304166666666667
1 0.7243865740740741 0.7769097222222222 0.1806597222222223 0.13524305555555555
1 0.4113657407407407 0.4887499999999999 0.1351157407407408 0.102986111111111
1 0.5230902777777777 0.38656250000000003 0.14770833333333327 0.11576388888888892
1 0.5471469907407407 0.5761284722222222 0.15391203703703696 0.10965277777777782
1 0.640150462962963 0.16107638888888892 0.17131944444444436 0.13972222222222222
1 0.6541782407407407 0.2621527777777778 0.17444444444444435 0.1397916666666667
1 0.7384259259259259 0.879548611111111 0.1807060185185186 0.14149305555555572
1 0.6767650462962963 0.4641840277777778 0.17271990740740736 0.11788194444444447
1 0.7111458333333334 0.6766319444444445 0.18687499999999985 0.13069444444444436
1 0.8477430555555555 0.4523611111111111 0.21189814814814803 0.134375
1 0.8814756944444444 0.6827604166666668 0.21666666666666642 0.14541666666666658
1 0.815619212962963 0.2282465277777778 0.20421296296296276 0.15138888888888893
1 0.8312905092592594 0.3402951388888889 0.20728009259259253 0.14364583333333325
1 0.865 0.5675694444444443 0.21502314814814802 0.1344444444444445
1 0.8955613425925926 0.7940625 0.20887731481481495 0.15319444444444433
1 0.8054224537037037 0.11710069444444444 0.20274305555555544 0.1638541666666667
1 0.9021990740740741 0.9035763888888889 0.19560185185185192 0.1622916666666665
1 0.034748196875 0.68846963125 0.10652425000000001 0.69201348125 0.10058684843750001 0.6210523890624999 0.030021739062500004 0.621323309375 0.034748196875 0.68846963125
1 0.11516240312499999 0.7623292187499999 0.197322075 0.7697648984375001 0.18747303906249999 0.6956351781250001 0.1074571421875 0.692227178125 0.11516240312499999 0.7623292187499999