1 0.671875 0.07734375 0.07109375 0.0703125
1 0.41328125 0.08125 0.0671875 0.07265625
1 0.5421875 0.078125 0.0640625 0.06796875
1 0.746875 0.14921875 0.07734375 0.0796875
1 0.6125 0.1484375 0.071875 0.078125
1 0.4015625 0.225 0.0765625 0.0890625
1 0.784375 0.30859375 0.09296875 0.09921875
1 0.28515625 0.08515625 0.07109375 0.07109375
1 0.47578125 0.1484375 0.0671875 0.07734375
1 0.471875 0.3015625 0.078125 0.09296875
1 0.628125 0.30390625 0.08359375 0.09453125
1 0.5484375 0.22109375 0.075 0.0859375
1 0.69296875 0.221875 0.08046875 0.08671875
1 0.31953125 0.30546875 0.0875 0.09140625
1 0.71875 0.403125 0.09375 0.11171875
1 0.38828125 0.39765625 0.0921875 0.10859375
1 0.3421875 0.15390625 0.075 0.0765625
1 0.2578125 0.22890625 0.0859375 0.0828125
1 0.55625 0.4 0.08828125 0.11015625
1 0.46796875 0.50859375 0.09140625 0.12265625
1 0.40859375 0.153125 0.07421875 0.0828125
1 0.80390625 0.40625 0.096875 0.1171875
1 0.82578125 0.51875 0.10625 0.12890625
1 0.646875 0.51328125 0.09921875 0.1265625
1 0.22265625 0.4 0.0953125 0.109375
1 0.3296875 0.228125 0.0828125 0.08984375
1 0.2890625 0.50546875 0.10234375 0.1265625
1 0.47421875 0.22265625 0.07421875 0.0890625
1 0.2 0.50546875 0.10703125 0.12421875
1 0.5640625 0.6390625 0.10234375 0.14453125
1 0.7359375 0.5140625 0.103125 0.12734375
1 0.5515625 0.30390625 0.08125 0.09609375
1 0.30390625 0.40078125 0.09609375 0.1171875
1 0.36875 0.63515625 0.1078125 0.1453125
1 0.39375 0.303125 0.08515625 0.09609375
1 0.63671875 0.403125 0.0890625 0.115625
1 0.7546875 0.646875 0.1125 0.1484375
1 0.38046875 0.51015625 0.0953125 0.1296875
1 0.85078125 0.64921875 0.11953125 0.15078125
1 0.2703125 0.6359375 0.1125 0.1484375
1 0.17421875 0.634375 0.115625 0.14296875
1 0.4703125 0.3984375 0.084375 0.11171875
1 0.5578125 0.51015625 0.09453125 0.12421875
1 0.66171875 0.64375 0.10546875 0.14921875
1 0.46328125 0.63828125 0.0953125 0.14375
1 0.459375 0.78984375 0.1109375 0.175
1 0.6765625 0.80078125 0.11953125 0.17890625
1 0.56875 0.7921875 0.1078125 0.17734375
1 0.246875 0.78671875 0.1234375 0.171875
1 0.7796875 0.80234375 0.12578125 0.17890625
1 0.3546875 0.7875 0.11640625 0.175
1 0.8875 0.809375 0.14140625 0.18515625
1 0.1421875 0.790625 0.13515625 0.17265625
1 0.6593484375 0.262884721875 0.6694859375 0.35180416718749996 0.748703125 0.3555791671875 0.73267109375 0.2633041671875 0.6593484375 0.262884721875
1 0.71946796875 0.1848708328125 0.7336140624999999 0.26372361093749996 0.809059375 0.26498194375 0.7878398437499999 0.185290278125 0.71946796875 0.1848708328125
1 0.5798953124999999 0.1848708328125 0.58555390625 0.262884721875 0.6598195312499999 0.26372361093749996 0.64897421875 0.18319305624999999 0.5798953124999999 0.1848708328125
1 0.6971546875 0.047777778124999996 0.7072921875 0.11195 0.77165625 0.11195 0.75821796875 0.044422221875 0.6971546875 0.047777778124999996
1 0.5709671875 0.0493958328125 0.5752640625 0.11153055625 0.6410421875 0.11069166718750001 0.6346765624999999 0.0473583328125 0.5709671875 0.0493958328125
1 0.6410421875 0.1132083328125 0.6495296875000001 0.18325277812500002 0.71908046875 0.1845111109375 0.70658515625 0.11069166718750001 0.6410421875 0.1132083328125
1 0.51026796875 0.11013194374999999 0.51026484375 0.11073194374999999 0.5105039062500001 0.1843708328125 0.57981875 0.1843708328125 0.575575 0.11055138906249999 0.51026796875 0.11013194374999999
1 0.44694218750000003 0.051041667187499994 0.44442343749999996 0.11550833281249999 0.509146875 0.11274999999999999 0.510115625 0.05000694375 0.44694218750000003 0.051041667187499994
1 0.32622421875 0.0553833328125 0.31498984375 0.12153888906250002 0.37971328125000003 0.1194708328125 0.38610781250000004 0.055004167187499994 0.32622421875 0.0553833328125
1 0.25010468750000003 0.12171805625000001 0.23631406250000003 0.1953138890625 0.30413828125000003 0.1915208328125 0.31498984375 0.12084861093749999 0.25010468750000003 0.12171805625000001
1 0.2173359375 0.267122221875 0.19829687499999998 0.3558986109375 0.2756546875 0.35161944375 0.2908859375 0.2653388890625 0.2173359375 0.267122221875