1 0.883909309375 0.402019575 0.9442179796874999 0.42315604687499997 0.9511710328125 0.36155374375 0.8928535421875001 0.3346435109375 0.883909309375 0.402019575
1 0.8760680234375 0.4722321765625 0.93817824375 0.49194893124999994 0.945528075 0.42460942968750004 0.8828016953125 0.40239871562499996 0.8760680234375 0.4722321765625
1 0.8699851734375 0.53809201875 0.9332530968749999 0.5539275421875 0.936912234375 0.4912462640625 0.875974953125 0.47280041562499997 0.8699851734375 0.53809201875
1 0.8629066609375 0.608756040625 0.9304026500000001 0.6215515421875 0.9337562875 0.5544886578125 0.8676889328125 0.538243075 0.8629066609375 0.608756040625
1 0.8535191687499999 0.6778732 0.92072204375 0.6865575078124999 0.9296287859374999 0.6218689984375 0.8647395687499999 0.6093667843749999 0.8535191687499999 0.6778732
1 0.78252143125 0.6687553203125 0.8557780390625 0.6788336078125 0.8632449390625 0.6086576109374999 0.794984709375 0.595610875 0.78252143125 0.6687553203125
1 0.7951618296875 0.595549359375 0.8634667296874999 0.609306828125 0.8688302718750001 0.53886915 0.8024647390625 0.5214481671875 0.7951618296875 0.595549359375
1 0.8014838953125001 0.5215359421875 0.8691869625 0.5389679140625 0.8783043078125001 0.47129070625 0.8076353421875 0.44857334687500006 0.8014838953125001 0.5215359421875
1 0.8099802453124999 0.449008478125 0.8759287015625 0.4712524703125 0.8831835671875 0.40256228906249997 0.8171558203125 0.3756938484375 0.8099802453124999 0.449008478125
1 0.8162607421875 0.3752579671875 0.8818612640625 0.402576678125 0.8922369640625 0.334310259375 0.8220279250000001 0.3016819890625 0.8162607421875 0.3752579671875
1 0.740810178125 0.34611143437499997 0.8162178593749999 0.37551979375 0.8230185046875 0.3027185953125 0.7483335546875 0.26772289374999997 0.740810178125 0.34611143437499997
1 0.73169448125 0.424742396875 0.8075774328125 0.4482894734375 0.818507603125 0.3756815875 0.7409256515625 0.34477808906249996 0.73169448125 0.424742396875
1 0.723788159375 0.502518634375 0.8009153031249999 0.5214287625 0.8081348687500001 0.44874705937500003 0.7326754609374999 0.42465380937499997 0.723788159375 0.502518634375
1 0.7128530015625001 0.5810850921874999 0.79599873125 0.5957029890625 0.8025917874999999 0.5215193515625 0.7245151062499999 0.501030640625 0.7128530015625001 0.5810850921874999
1 0.7023026828125001 0.6588317531250001 0.781828103125 0.6689908328125 0.79568711875 0.5961212546875 0.7141758015625 0.580439346875 0.7023026828125001 0.6588317531250001
1 0.8556771890625001 0.6790395765625 0.7820805171874999 0.6680871578125 0.77319715 0.7429775546874999 0.843901775 0.747984240625 0.8543757203125001 0.679026928125 0.8556771890625001 0.6790395765625
1 0.843987809375 0.747458965625 0.9102996750000001 0.75273215625 0.9211903640625 0.6863662749999999 0.8528633046874999 0.67851741875 0.843987809375 0.747458965625
1 0.770766346875 0.7430668890625001 0.759069096875 0.8174351281250001 0.8342133015625001 0.8189390578125 0.8465859453125001 0.749298365625 0.770766346875 0.7430668890625001
1 0.8351942781249999 0.818850471875 0.9041559640625 0.8197467125 0.9116636 0.753255875 0.845650009375 0.7485291593750001 0.8351942781249999 0.818850471875
1 0.825251903125 0.88840506875 0.8949013234375001 0.8851023437500001 0.9046360609375 0.8198842484375 0.83387336875 0.8180641171874999 0.825251903125 0.88840506875
1 0.7486497390625 0.8928523625 0.8250798375 0.8894556218749999 0.8351942781249999 0.818850471875 0.7611169515625 0.8167334937499999 0.7486497390625 0.8928523625
1 0.663545759375 0.8977942671875001 0.7489779046875 0.8925515953125001 0.7609760046875 0.816346509375 0.6743558000000001 0.817041296875 0.663545759375 0.8977942671875001
1 0.6767007046875 0.8174764296875001 0.75845916875 0.8169611203124999 0.771563359375 0.742853959375 0.6887887734375 0.737771640625 0.6767007046875 0.8174764296875001
1 0.688405825 0.7371593375 0.7729703015625 0.7431150390625 0.78114169375 0.66871060625 0.7002359265625 0.6590295703125 0.688405825 0.7371593375
1 0.607203821875 0.6468761359374999 0.7019974875 0.6582455734375 0.71195021875 0.5797674296875 0.6210037500000001 0.5626203453125 0.607203821875 0.6468761359374999
1 0.5929780640625 0.73078145 0.6900383359375 0.73716325625 0.7004970375 0.658209365625 0.6081848015625 0.6467875484375 0.5929780640625 0.73078145
1 0.57840830625 0.816787059375 0.6744954703125 0.8173086015625 0.6888854249999999 0.7383015828125 0.5938730078125001 0.731218140625 0.57840830625 0.816787059375
1 0.565671453125 0.9034034125 0.6639432609375 0.8964873640625 0.6758863796875 0.8182048343749999 0.579432165625 0.816436646875 0.565671453125 0.9034034125
1 0.46415243281249996 0.8168464421875001 0.5793482046875 0.8157745828125 0.5932858453125001 0.732053015625 0.48120388125 0.724540009375 0.46415243281249996 0.8168464421875001
1 0.4482969109375 0.907751909375 0.5668653828125 0.9037903437500001 0.578816475 0.8171543031249999 0.465219440625 0.816232578125 0.4482969109375 0.907751909375
1 0.331603059375 0.814697246875 0.46415243281249996 0.8168464421875001 0.48303691875 0.7251499406249999 0.353185503125 0.7153886218750001 0.331603059375 0.814697246875
1 0.3141787640625 0.9151809015625 0.4491278625 0.9085793140625 0.46370549062500005 0.816624853125 0.33305301875 0.8146956859375001 0.3141787640625 0.9151809015625
1 0.4808749453125 0.72333384375 0.5915128359375 0.7323696546875 0.6020456624999999 0.647153459375 0.49670394375000004 0.6319164609375 0.4808749453125 0.72333384375
1 0.3527897 0.7163300015625 0.479740978125 0.72503948125 0.4961081640625 0.63354155 0.37097080312499997 0.6157696203125 0.3527897 0.7163300015625
1 0.197065465625 0.705633128125 0.3519588515625 0.7161758265625 0.3726398640625 0.617480884375 0.218202478125 0.5974792578125 0.197065465625 0.705633128125
1 0.1726811359375 0.812705815625 0.3349879265625 0.8145652828125 0.3547295046875 0.715341034375 0.1963106921875 0.7050144703125001 0.1726811359375 0.812705815625
1 0.155316275 0.9239543250000001 0.3160520484375 0.91450700625 0.33566648906249996 0.8156492296875 0.1738861140625 0.8158026734374999 0.155316275 0.9239543250000001
1 0 0.929808315625 0.1581119421875 0.9225570421875 0.17396471875 0.813547053125 0 0.8150743 0 0.929808315625
1 0 0.816235425 0.173283625 0.81425424375 0.197141540625 0.705168646875 0.00977103125 0.6943466843749999 0 0.73612348125 0 0.816235425
1 0.008526289062500001 0.6942426609375 0.199066596875 0.7066100234375 0.21763630156249997 0.59845918125 0.0348885953125 0.575084296875 0.008526289062500001 0.6942426609375
1 0.38764464374999996 0.51860213125 0.5166142218750001 0.5414877828125 0.5302561859375 0.45248686562499996 0.40929956875 0.42062665 0.38764464374999996 0.51860213125
1 0.5155403 0.5423350671875 0.6225735546875 0.562196671875 0.635512990625 0.47920613906250004 0.527451828125 0.452489340625 0.5155403 0.5423350671875
1 0.620592203125 0.5628747359374999 0.714102340625 0.579704059375 0.727442075 0.5014451546875 0.6343103453125 0.4791182796875 0.620592203125 0.5628747359374999
1 0.49983387031250004 0.6325214859375 0.606790946875 0.6471386296875 0.6198878578125 0.5620574578124999 0.5154571875 0.5428425078125 0.49983387031250004 0.6325214859375
1 0.370609334375 0.6169111484375 0.49991698281249997 0.63201404375 0.51364350625 0.5425059515624999 0.3904490015625 0.5185996562499999 0.370609334375 0.6169111484375
1 0.218457934375 0.5986149890625 0.3708588046875 0.6153880093749999 0.391680125 0.5185591578125 0.2401281765625 0.48913596562499995 0.218457934375 0.5986149890625
1 0.0837899546875 0.33648909374999997 0.0652414953125 0.45467270624999995 0.24066347968750001 0.4885813 0.26142925781250004 0.3814009296875 0.0837899546875 0.33648909374999997
1 0.035779828125 0.5753524140625 0.22169598750000002 0.5994522328125 0.2420693703125 0.4887486359375 0.060537215624999995 0.45379975781250004 0.035779828125 0.5753524140625
1 0.23777513906249997 0.4892422359375 0.39053062656250004 0.51849285625 0.407898115625 0.42002246718749997 0.2596636875 0.3802697921875 0.23777513906249997 0.4892422359375
1 0.2627270828125 0.3812901203125 0.41047733906249995 0.4213672328125 0.417915009375 0.320891346875 0.28111969531250003 0.2739291359375 0.2627270828125 0.3812901203125
1 0.0841819390625 0.336855003125 0.258735503125 0.38100129374999997 0.27820106875 0.273572965625 0.10245037187499999 0.21545467031249999 0.0841819390625 0.336855003125
1 0.121430059375 0.0946381890625 0.10188145468750001 0.2139926546875 0.27477597343750004 0.273203834375 0.2920964828125 0.1674530546875 0.121430059375 0.0946381890625
1 0.13138457812499998 0.0058393140625 0.120862590625 0.09317644375 0.28967106875000004 0.1674548515625 0.304143928125 0.0593665 0.199231684375 0.0088547421875 0.13138457812499998 0.0058393140625
1 0.306186365625 0.059053082812500005 0.29226261875000004 0.16659350781249999 0.4346404203125 0.2246747515625 0.447257321875 0.1249402765625 0.306186365625 0.059053082812500005
1 0.28975848593750003 0.16548234687500002 0.278435371875 0.27440074375 0.41913141875 0.3215781265625 0.4336984515625 0.2237966765625 0.28975848593750003 0.16548234687500002
1 0.41913141875 0.3215781265625 0.5392632125000001 0.36169790625 0.5539184484375 0.27211074218750003 0.4349751609375 0.22484377812499998 0.41913141875 0.3215781265625
1 0.44820122187500006 0.12640756250000001 0.430758678125 0.22406134843749997 0.55171133125 0.2724370328125 0.5633909609375001 0.1802463296875 0.44820122187500006 0.12640756250000001
1 0.419260203125 0.3207918328125 0.4080774 0.42001146718750004 0.5279628875 0.45279298749999997 0.540935540625 0.36109446875 0.419260203125 0.3207918328125
1 0.5301356890625 0.453277203125 0.6341526890625 0.4786329796875 0.6442564890625 0.394770459375 0.5396358984375 0.3608157140625 0.5301356890625 0.453277203125
1 0.5520686031250001 0.270164634375 0.5400893390625 0.360906540625 0.6447521234375 0.3945308375 0.654430878125 0.3107865640625 0.5520686031250001 0.270164634375
1 0.5623161062500001 0.1794237796875 0.5509482609374999 0.2699567375 0.6519906062499999 0.30807438593750003 0.660123109375 0.22736914062500002 0.5623161062500001 0.1794237796875
1 0.748980265625 0.26936556093749997 0.6598352640625 0.22894446406250002 0.6521557015624999 0.3105631578125 0.7418342640625 0.3456959140625 0.748980265625 0.26936556093749997
1 0.652615996875 0.3106485734375 0.6450595 0.3944116390625 0.7311649796874999 0.42445119531250003 0.7409152859375 0.34494154374999997 0.652615996875 0.3106485734375
1 0.644138909375 0.394240809375 0.630893009375 0.478009721875 0.7230287125 0.5030667859375 0.7326619328125 0.4239805953125 0.644138909375 0.394240809375