1 0.41281828703703705 0.12177662037037038 0.08606481481481491 0.08606481481481483
1 0.3238715277777778 0.17100115740740743 0.09590277777777771 0.09443287037037038
1 0.5200578703703703 0.2892824074074074 0.0963657407407407 0.10224537037037038
1 0.4636342592592593 0.20419560185185187 0.08956018518518523 0.09249999999999999
1 0.6754803240740741 0.19261574074074073 0.0877199074074074 0.0877199074074074
1 0.5439409722222223 0.15368055555555554 0.0810995370370371 0.08109953703703705
1 0.5897685185185185 0.3883912037037037 0.106388888888889 0.11373842592592584
1 0.7496643518518519 0.43289930555555556 0.11273148148148149 0.11567129629629633
1 0.6043171296296297 0.2397800925925926 0.08625000000000008 0.08918981481481483
1 0.6704398148148148 0.3308912037037037 0.10289351851851851 0.10730324074074069
1 0.26708912037037036 0.3163310185185185 0.12100694444444446 0.12394675925925931
1 0.42721064814814813 0.3515104166666666 0.107951388888889 0.11383101851851851
1 0.3179166666666667 0.4252199074074074 0.1232175925925926 0.1349768518518518
1 0.804537037037037 0.22906828703703702 0.0939699074074074 0.08809027777777781
1 0.3709201388888889 0.25553240740740735 0.10289351851851851 0.10730324074074069
1 0.4892534722222222 0.4657349537037037 0.1200925925925926 0.13479166666666664
1 0.8377199074074074 0.5525578703703704 0.1294675925925926 0.13534722222222229
1 0.3784490740740741 0.5533680555555556 0.13848379629629637 0.15612268518518527
1 0.6661053240740741 0.507355324074074 0.1232175925925926 0.1349768518518518
1 0.8177893518518518 0.3738773148148148 0.10574074074074069 0.10280092592592602
1 0.7589930555555556 0.6428703703703704 0.1416087962962962 0.15630787037037042
1 0.7412789351851853 0.27825810185185185 0.09406250000000008 0.08965277777777772
1 0.19236111111111112 0.5135358796296297 0.14519675925925926 0.16430555555555557
1 0.6694444444444445 0.26154513888888886 0.09783564814814802 0.10077546296296296
1 0.5693634259259259 0.5958217592592592 0.12883101851851855 0.1508796296296296
1 0.4444097222222222 0.273900462962963 0.10454861111111118 0.10895833333333335
1 0.7457233796296296 0.3532581018518518 0.10932870370370366 0.11079861111111108
1 0.4487789351851852 0.7023379629629629 0.14787037037037026 0.18314814814814806
1 0.8452141203703704 0.6658854166666666 0.14648148148148152 0.15971064814814823
1 0.5975925925925927 0.3102256944444444 0.0997685185185185 0.10711805555555554
1 0.7522337962962963 0.5288078703703704 0.13149305555555557 0.14325231481481476
1 0.6681770833333334 0.41094328703703703 0.1146643518518518 0.12201388888888882
1 0.5069039351851852 0.36946759259259265 0.10832175925925931 0.12008101851851852
1 0.28836805555555556 0.5309027777777778 0.13517361111111104 0.15281249999999993
1 0.24609953703703705 0.6584085648148148 0.16377314814814808 0.18876157407407418
1 0.6577546296296296 0.7474189814814813 0.1540277777777778 0.18195601851851856
1 0.4024826388888888 0.44657986111111114 0.12689814814814823 0.14453703703703696
1 0.8635185185185186 0.8039872685185185 0.16009259259259281 0.17920138888888887
1 0.6610069444444445 0.6183796296296297 0.1384837962962962 0.15612268518518527
1 0.5791493055555555 0.4850752314814814 0.11871527777777775 0.137824074074074
1 0.47234374999999995 0.5745023148148147 0.1309490740740742 0.16034722222222228
1 0.146875 0.6392939814814815 0.16671296296296295 0.18582175925925917
1 0.7615798611111111 0.7784837962962963 0.16358796296296294 0.1856365740740742
1 0.34964699074074074 0.6847858796296297 0.1511805555555556 0.18645833333333323
1 0.5577951388888889 0.7290393518518519 0.14134259259259263 0.17809027777777758
1 0.5427430555555556 0.8822916666666666 0.1636921296296297 0.21366898148148153
1 0.31124999999999997 0.8382118055555555 0.17325231481481485 0.21734953703703716
1 0.7694155092592593 0.9144068287037037 0.18253472222222217 0.17118634259259266
1 0.6554803240740741 0.899056712962963 0.1762847222222222 0.20188657407407398
1 0.42453703703703705 0.8581597222222221 0.16709490740740734 0.21854166666666686
1 0.2007175925925926 0.812199074074074 0.17858796296296298 0.2285648148148148
1 0.8794849537037036 0.9280555555555555 0.19079861111111107 0.143888888888889
1 0.11160300925925926 0.7929050925925927 0.14265046296296297 0.22643518518518527
1 0.2127357359375 0.34883967031249996 0.1720729140625 0.44900118906250003 0.26033741875 0.47051680781250005 0.2953393546875 0.3716891859375 0.2127357359375 0.34883967031249996
1 0.2767424515625 0.1933967140625 0.24577709374999998 0.266269275 0.322687646875 0.28600471875 0.347171903125 0.2119599203125 0.2767424515625 0.1933967140625
1 0.3235593140625 0.2853232328125 0.2949252953125 0.36959257968750003 0.37806593906249997 0.3854841234375 0.4007674453125 0.3028817109375 0.3235593140625 0.2853232328125
1 0.32776101562500004 0.070679165625 0.3022007125 0.1294939125 0.3709448890625 0.147735178125 0.39077904375 0.086442190625 0.32776101562500004 0.070679165625
1 0.3707935390625 0.146025071875 0.348905 0.2117805578125 0.4213539703125 0.228275071875 0.4383847046875 0.1612684171875 0.3707935390625 0.146025071875
1 0.45350235781250003 0.1041370390625 0.4372313015625 0.16260534531249998 0.506108115625 0.179876290625 0.5178401953125 0.120878015625 0.45350235781250003 0.1041370390625
1 0.5051456265625001 0.179495478125 0.49252076875000006 0.24790884531250001 0.5635238109375 0.2637057859375 0.5737250640625 0.19557325 0.5051456265625001 0.179495478125
1 0.5809145625000001 0.13644093906250002 0.572290671875 0.198323521875 0.63913873125 0.21737328125 0.644572625 0.154549896875 0.5809145625000001 0.13644093906250002
1 0.771248365625 0.25830570625 0.7678917328125 0.1925620671875 0.76785410625 0.1928373171875 0.7048543781250001 0.173323365625 0.7054977890624999 0.2372436140625 0.771248365625 0.25830570625
1 0.775117784375 0.323909059375 0.8454321265625 0.34411411406250003 0.8372367265625 0.27401125937500004 0.7699648015625 0.2568566234375 0.775117784375 0.323909059375
1 0.786966159375 0.49011696406249994 0.8662036734375 0.51516191875 0.8545015484375 0.42075235624999996 0.7811418359375 0.40197774218750004 0.786966159375 0.49011696406249994