1 0.67109375 0.07734375 0.06875 0.07109375
1 0.5421875 0.078125 0.06328125 0.06796875
1 0.41328125 0.08125 0.065625 0.07265625
1 0.284375 0.084375 0.0703125 0.0734375
1 0.6125 0.1484375 0.071875 0.0765625
1 0.746875 0.15 0.07890625 0.078125
1 0.47578125 0.1484375 0.06796875 0.0765625
1 0.6921875 0.22265625 0.08046875 0.0890625
1 0.40078125 0.22421875 0.07578125 0.08671875
1 0.2765625 0.15859375 0.08203125 0.0828125
1 0.78359375 0.309375 0.09296875 0.0984375
1 0.33984375 0.153125 0.07578125 0.07734375
1 0.4734375 0.3015625 0.078125 0.0921875
1 0.55625 0.4015625 0.0875 0.1109375
1 0.5515625 0.22109375 0.07578125 0.084375
1 0.628125 0.30546875 0.084375 0.09609375
1 0.71953125 0.40390625 0.09296875 0.1109375
1 0.25703125 0.228125 0.084375 0.08359375
1 0.31875 0.30390625 0.08828125 0.09296875
1 0.46875 0.5078125 0.09140625 0.12109375
1 0.3875 0.3984375 0.08984375 0.10859375
1 0.40703125 0.153125 0.0765625 0.08515625
1 0.825 0.5234375 0.10703125 0.1296875
1 0.33046875 0.228125 0.08203125 0.08984375
1 0.8015625 0.4078125 0.1 0.115625
1 0.2234375 0.39921875 0.096875 0.109375
1 0.64765625 0.51484375 0.1 0.12890625
1 0.2015625 0.509375 0.109375 0.1296875
1 0.28984375 0.50703125 0.1015625 0.1265625
1 0.565625 0.64140625 0.1015625 0.1453125
1 0.475 0.221875 0.075 0.08671875
1 0.55234375 0.3015625 0.08203125 0.09453125
1 0.36640625 0.6375 0.1078125 0.14609375
1 0.7359375 0.51484375 0.10390625 0.12890625
1 0.6375 0.403125 0.090625 0.115625
1 0.30625 0.3984375 0.09296875 0.115625
1 0.39609375 0.30390625 0.084375 0.0984375
1 0.7546875 0.64609375 0.1140625 0.15078125
1 0.17421875 0.6375 0.11640625 0.14453125
1 0.8515625 0.65078125 0.1203125 0.1484375
1 0.4703125 0.39921875 0.08515625 0.1125
1 0.271875 0.634375 0.1125 0.14609375
1 0.37890625 0.50703125 0.096875 0.12734375
1 0.56015625 0.5109375 0.0953125 0.12734375
1 0.6609375 0.64375 0.10546875 0.1484375
1 0.4640625 0.63828125 0.096875 0.14453125
1 0.67578125 0.80234375 0.11953125 0.18046875
1 0.459375 0.78984375 0.10859375 0.175
1 0.7796875 0.8015625 0.1265625 0.1796875
1 0.246875 0.7859375 0.125 0.17578125
1 0.56953125 0.79453125 0.1109375 0.1765625
1 0.88828125 0.80703125 0.140625 0.18359375
1 0.14296875 0.7875 0.13515625 0.171875
1 0.35625 0.78671875 0.1171875 0.16875
1 0.71970625 0.18686805625 0.73405703125 0.2643263890625 0.808975 0.2643263890625 0.7890296875 0.1829736109375 0.71970625 0.18686805625
1 0.6421125 0.115034721875 0.649653125 0.18340555625 0.7204359375 0.18643472187500001 0.7065710937499999 0.1137361109375 0.6421125 0.115034721875
1 0.69612578125 0.04715555625 0.7077875 0.11416944375 0.77297578125 0.1137361109375 0.75862421875 0.048826389062499996 0.69612578125 0.04715555625
1 0.50958203125 0.11043750000000001 0.50972265625 0.1834791671875 0.57880234375 0.1852111109375 0.5749109375 0.1120791671875 0.50958203125 0.11043750000000001
1 0.44729296874999996 0.0479958328125 0.44534765624999995 0.11550277812500001 0.50931953125 0.11290555625000001 0.5088328125 0.049727778125 0.44729296874999996 0.0479958328125
1 0.5720757812499999 0.05015972187499999 0.57499453125 0.11290555625000001 0.64066953125 0.1133388890625 0.63458828125 0.047563889062499996 0.5720757812499999 0.05015972187499999
1 0.57961640625 0.18430555625 0.5842375 0.26133194375 0.6581828125 0.262197221875 0.6491828125 0.1830083328125 0.57961640625 0.18430555625
1 0.65892421875 0.2617416671875 0.669459375 0.35022638906250003 0.74997265625 0.3528236109375 0.7329453125 0.26324861093749996 0.65892421875 0.2617416671875
1 0.32466640625 0.0565013890625 0.3145234375 0.1218041671875 0.37924453125 0.11965555624999999 0.3872140625 0.0539236109375 0.32466640625 0.0565013890625
1 0.21808437500000002 0.2671611109375 0.19705546875 0.354627778125 0.27702421875 0.3493583328125 0.29094453124999997 0.2629458328125 0.21808437500000002 0.2671611109375