1 0.2361111111111111 0.09146412037037037 0.08975694444444446 0.09230324074074074
1 0.3741319444444445 0.0783275462962963 0.08329861111111114 0.08715277777777777
1 0.16993055555555556 0.17922453703703703 0.10145833333333334 0.11030092592592596
1 0.51015625 0.07282986111111112 0.0859375 0.07644675925925926
1 0.6456076388888888 0.07196180555555556 0.09121527777777771 0.055034722222222235
1 0.5010243055555555 0.3228877314814815 0.10541666666666671 0.12928240740740743
1 0.17276041666666667 0.36553819444444446 0.12295138888888886 0.13836805555555554
1 0.4008506944444445 0.24149305555555553 0.10194444444444457 0.12123842592592596
1 0.3353298611111111 0.3440972222222222 0.11336805555555554 0.13298611111111108
1 0.6770833333333334 0.13191550925925927 0.10145833333333343 0.11030092592592596
1 0.6622048611111111 0.3052372685185185 0.11465277777777771 0.1268518518518519
1 0.5810763888888889 0.07418981481481482 0.09027777777777786 0.06898148148148149
1 0.44324652777777784 0.07410300925925925 0.08649305555555564 0.08894675925925925
1 0.31317708333333333 0.16102430555555552 0.09479166666666669 0.10046296296296298
1 0.43875000000000003 0.44597800925925923 0.11888888888888882 0.1520833333333334
1 0.16642361111111112 0.10031828703703702 0.0962847222222222 0.09901620370370372
1 0.603923611111111 0.13272569444444446 0.09628472222222229 0.09901620370370372
1 0.45961805555555557 0.14461805555555557 0.08861111111111111 0.1015625
1 0.7061631944444444 0.20804398148148148 0.10628472222222225 0.1137731481481481
1 0.6128993055555555 0.42228009259259264 0.1234375 0.14930555555555552
1 0.2481597222222222 0.25743634259259257 0.10499999999999998 0.11990740740740743
1 0.7865104166666667 0.40399305555555554 0.127986111111111 0.14652777777777787
1 0.5541145833333333 0.2209201388888889 0.10166666666666657 0.11498842592592595
1 0.16770833333333332 0.26938657407407407 0.11166666666666666 0.12974537037037043
1 0.5319618055555555 0.14296875 0.09499999999999993 0.10515046296296297
1 0.7445659722222222 0.3012152777777778 0.11989583333333335 0.13969907407407406
1 0.2639930555555555 0.4735243055555555 0.13003472222222223 0.15758101851851852
1 0.24060763888888886 0.17511574074074074 0.10159722222222226 0.11342592592592596
1 0.38453125 0.15462962962962962 0.09812500000000002 0.10538194444444446
1 0.6295138888888889 0.21793981481481478 0.10812500000000007 0.12013888888888893
1 0.5575347222222222 0.5606770833333334 0.12888888888888878 0.16684027777777785
1 0.7424131944444445 0.5331018518518519 0.1414583333333333 0.16932870370370381
1 0.8372395833333334 0.529224537037037 0.1430208333333333 0.16944444444444445
1 0.2540972222222222 0.35598958333333336 0.11989583333333335 0.13969907407407414
1 0.4805902777777778 0.23104745370370372 0.1019444444444444 0.12123842592592596
1 0.17501736111111113 0.48640046296296297 0.13649305555555555 0.16273148148148148
1 0.365625 0.5877314814814815 0.1370486111111111 0.1752314814814815
1 0.17822916666666666 0.6112268518518519 0.14819444444444443 0.18072916666666677
1 0.32505208333333335 0.25300925925925927 0.10847222222222222 0.12795138888888893
1 0.7012673611111111 0.4132523148148148 0.12989583333333332 0.1544560185185185
1 0.5800520833333334 0.31394675925925924 0.11649305555555553 0.13321759259259255
1 0.48921875000000004 0.7230324074074075 0.14434027777777772 0.1991319444444443
1 0.4182986111111111 0.3362268518518518 0.11201388888888886 0.13755787037037043
1 0.2742361111111111 0.5988715277777779 0.1386805555555556 0.17690972222222215
1 0.2857291666666667 0.75234375 0.15704861111111112 0.20474537037037024
1 0.6933159722222222 0.6898726851851852 0.1535763888888889 0.19670138888888894
1 0.6495659722222222 0.5464699074074074 0.1352083333333333 0.16886574074074084
1 0.5285416666666667 0.4339409722222222 0.1171875 0.14884259259259255
1 0.8939236111111111 0.665798611111111 0.15812500000000007 0.19392361111111106
1 0.3505902777777778 0.45969328703703705 0.12548611111111113 0.16035879629629637
1 0.45996527777777774 0.5729166666666666 0.12909722222222228 0.17152777777777786
1 0.7964236111111112 0.6796006944444445 0.16138888888888908 0.19728009259259255
1 0.18211805555555555 0.7688078703703705 0.16322916666666668 0.20364583333333322
1 0.5935069444444444 0.7042824074074074 0.13937500000000008 0.19253472222222215
1 0.3857465277777778 0.7426215277777779 0.14767361111111105 0.20405092592592594
1 0.6331076388888889 0.8769675925925926 0.15986111111111115 0.23298611111111106
1 0.4065972222222222 0.8973668981481481 0.16944444444444445 0.2052662037037038
1 0.8536111111111111 0.845023148148148 0.17520833333333313 0.22789351851851833
1 0.74296875 0.8609664351851851 0.16760416666666664 0.23200231481481487
1 0.518767361111111 0.8900462962962962 0.15836805555555564 0.2199074074074076
1 0.29465277777777776 0.9055844907407409 0.17458333333333337 0.18883101851851833
1 0.9357465277777777 0.8346354166666666 0.12850694444444458 0.2257523148148149
1 0.18430555555555556 0.9146412037037038 0.1796527777777778 0.1707175925925924
1 0.26789488281249996 0.050491454687500006 0.2755398359375 0.1264310890625 0.34534261875 0.1190175875 0.33440189375 0.0470744921875 0.26789488281249996 0.050491454687500006