1 0.68984375 0.05703125 0.07265625 0.07734375
1 0.553125 0.05625 0.06875 0.07421875
1 0.771875 0.1390625 0.08203125 0.08828125
1 0.41796875 0.0546875 0.0703125 0.0765625
1 0.28359375 0.05546875 0.07578125 0.07578125
1 0.4765625 0.303125 0.0828125 0.10546875
1 0.8046875 0.31796875 0.096875 0.11171875
1 0.55859375 0.2171875 0.0796875 0.09921875
1 0.6421875 0.31015625 0.0875 0.10859375
1 0.2671875 0.13515625 0.0828125 0.0875
1 0.315625 0.29921875 0.09140625 0.1015625
1 0.34921875 0.06015625 0.07421875 0.07890625
1 0.484375 0.05703125 0.06953125 0.078125
1 0.628125 0.1328125 0.07578125 0.08046875
1 0.56171875 0.415625 0.09140625 0.1265625
1 0.759375 0.0609375 0.08046875 0.084375
1 0.3390625 0.13046875 0.0796875 0.0796875
1 0.48125 0.12890625 0.07109375 0.08203125
1 0.253125 0.209375 0.0859375 0.08984375
1 0.38671875 0.4078125 0.09609375 0.1234375
1 0.71015625 0.2203125 0.08359375 0.0984375
1 0.2140625 0.40390625 0.1 0.11953125
1 0.4046875 0.209375 0.08046875 0.09296875
1 0.790625 0.225 0.08828125 0.10625
1 0.4109375 0.13359375 0.07734375 0.08515625
1 0.234375 0.303125 0.0953125 0.1140625
1 0.7375 0.428125 0.09921875 0.13046875
1 0.7015625 0.140625 0.08125 0.090625
1 0.55703125 0.1328125 0.078125 0.0859375
1 0.3296875 0.21328125 0.08671875 0.09765625
1 0.46796875 0.5359375 0.09765625 0.1390625
1 0.28203125 0.52421875 0.10859375 0.140625
1 0.1890625 0.528125 0.1125 0.140625
1 0.7234375 0.31484375 0.09453125 0.1140625
1 0.47890625 0.21328125 0.07890625 0.1
1 0.8265625 0.4328125 0.10625 0.1328125
1 0.6609375 0.5453125 0.10546875 0.1453125
1 0.8484375 0.553125 0.11484375 0.14921875
1 0.634375 0.221875 0.084375 0.1046875
1 0.2984375 0.40546875 0.1015625 0.128125
1 0.396875 0.3015625 0.090625 0.10859375
1 0.56640625 0.68515625 0.10546875 0.16875
1 0.56015625 0.309375 0.08671875 0.1140625
1 0.7515625 0.5484375 0.1078125 0.146875
1 0.77109375 0.696875 0.11875 0.171875
1 0.3609375 0.6703125 0.1171875 0.16484375
1 0.375 0.52890625 0.103125 0.1390625
1 0.47109375 0.41171875 0.08984375 0.12578125
1 0.16015625 0.66328125 0.12265625 0.16171875
1 0.65 0.421875 0.09609375 0.1328125
1 0.565625 0.53984375 0.0984375 0.14453125
1 0.2578125 0.66875 0.125 0.16484375
1 0.87421875 0.70390625 0.1234375 0.17109375
1 0.46171875 0.675 0.10390625 0.16484375
1 0.67109375 0.69453125 0.11015625 0.17421875
1 0.45546875 0.84453125 0.11484375 0.20078125
1 0.68515625 0.8625 0.1234375 0.2046875
1 0.234375 0.83046875 0.1328125 0.1921875
1 0.3453125 0.83828125 0.12421875 0.196875
1 0.571875 0.85390625 0.1140625 0.20234375
1 0.79609375 0.87109375 0.1296875 0.20546875
1 0.12421875 0.83125 0.1421875 0.1890625
1 0.9078125 0.87890625 0.13828125 0.2046875
1 0.5850953125 0.025747221874999997 0.58849375 0.095459721875 0.65806796875 0.09688194375 0.65067109375 0.023613889062499997 0.5850953125 0.025747221874999997