1 0.24704861111111112 0.8985069444444445 0.08628472222222223 0.09031250000000028
1 0.3766145833333333 0.9348784722222222 0.08152777777777773 0.08694444444444435
1 0.5068923611111111 0.9611342592592592 0.08475694444444457 0.07773148148148153
1 0.6370138888888889 0.9773263888888888 0.08916666666666657 0.04534722222222243
1 0.32078125 0.8453645833333333 0.09270833333333339 0.09844907407407391
1 0.18567708333333333 0.8055844907407407 0.09902777777777776 0.10189814814814824
1 0.4574131944444444 0.8836631944444445 0.08798611111111114 0.09664351851851834
1 0.2554340277777778 0.7491145833333334 0.10392361111111112 0.11151620370370363
1 0.5490798611111112 0.8298900462962961 0.09920138888888878 0.10971064814814824
1 0.6605729166666666 0.9308738425925928 0.10381944444444446 0.10682870370370381
1 0.18196180555555558 0.6383969907407407 0.1182638888888889 0.12474537037037034
1 0.5955034722222223 0.9173553240740742 0.09586805555555564 0.10017361111111107
1 0.4923090277777778 0.7333043981481481 0.10090277777777779 0.11604166666666664
1 0.4302777777777778 0.6106944444444444 0.11697916666666668 0.13716435185185177
1 0.3968055555555555 0.79 0.09760416666666663 0.10806712962962947
1 0.33753472222222225 0.6862615740740741 0.11041666666666661 0.12277777777777779
1 0.26611111111111113 0.5623842592592593 0.12170138888888893 0.13896990740740733
1 0.6942708333333334 0.8670717592592592 0.10697916666666671 0.10855324074074062
1 0.6485243055555555 0.7749594907407408 0.11187500000000003 0.11817129629629619
1 0.5400694444444445 0.5297685185185186 0.12190972222222225 0.14834490740740733
1 0.5991840277777778 0.6615914351851852 0.11850694444444443 0.13568287037037036
1 0.5287673611111112 0.8990682870370371 0.09760416666666671 0.10806712962962947
1 0.18557291666666664 0.4146238425925926 0.14097222222222222 0.16337962962962962
1 0.6212500000000001 0.8468981481481481 0.10555555555555571 0.11472222222222221
1 0.1843576388888889 0.5355150462962962 0.12965277777777778 0.14562500000000006
1 0.76484375 0.706857638888889 0.12638888888888894 0.1392129629629629
1 0.3616493055555556 0.4721354166666667 0.13305555555555557 0.15828703703703706
1 0.809375 0.6038194444444445 0.14250000000000007 0.161898148148148
1 0.7199131944444443 0.5812326388888889 0.13305555555555557 0.15828703703703706
1 0.47097222222222224 0.3701157407407408 0.13972222222222222 0.17736111111111103
1 0.47453125000000007 0.8111979166666667 0.09763888888888879 0.10962962962962948
1 0.41298611111111116 0.710462962962963 0.10722222222222229 0.11949074074074062
1 0.6705381944444444 0.43118634259259264 0.1444097222222222 0.17760416666666679
1 0.2721354166666667 0.44720486111111113 0.1362152777777778 0.16001157407407404
1 0.3485763888888889 0.5861689814814814 0.1218055555555555 0.14365740740740734
1 0.6808506944444443 0.6845543981481482 0.1249305555555555 0.1438194444444445
1 0.5699826388888889 0.7521585648148148 0.11041666666666661 0.12277777777777779
1 0.28163194444444445 0.3126967592592592 0.1523611111111111 0.18425925925925934
1 0.8629340277777778 0.48564236111111114 0.1538194444444443 0.17965277777777774
1 0.18493055555555554 0.2803703703703704 0.1601736111111111 0.18466435185185182
1 0.5159201388888889 0.6369849537037038 0.11388888888888893 0.13856481481481495
1 0.7640625 0.4610069444444444 0.1506944444444443 0.17949074074074076
1 0.6303993055555556 0.5563020833333333 0.12989583333333332 0.15656250000000008
1 0.4489236111111111 0.5016319444444444 0.12833333333333333 0.1564814814814815
1 0.3759027777777778 0.34099537037037037 0.14291666666666672 0.1806481481481481
1 0.5723437499999999 0.4019039351851852 0.13496527777777773 0.17399305555555564
1 0.3933854166666667 0.17958912037037036 0.1671180555555556 0.21623842592592593
1 0.6080729166666667 0.2539293981481482 0.15444444444444444 0.20777777777777776
1 0.2889583333333333 0.1507638888888889 0.17184027777777774 0.2180439814814815
1 0.8217534722222222 0.31807291666666665 0.170173611111111 0.21327546296296304
1 0.49878472222222225 0.2170486111111111 0.1560416666666667 0.20942129629629633
1 0.17972222222222223 0.11622685185185185 0.18756944444444446 0.22354166666666667
1 0.917795138888889 0.3443518518518519 0.16440972222222214 0.21187500000000004
1 0.7117881944444445 0.2858391203703704 0.16059027777777785 0.2034143518518518
1 0.146957121875 0.675097146875 0.1500125390625 0.7612979703125 0.22057274375000002 0.777059546875 0.222331590625 0.69629825 0.146957121875 0.675097146875
1 0.21974799687500002 0.77728214375 0.21849554218749997 0.8531927921875001 0.2836184515625 0.8701480875 0.2903286921875 0.8003125515624999 0.21974799687500002 0.77728214375
1 0.15168622812500002 0.8344008703125001 0.15255216875 0.9027366062500001 0.21508204531250003 0.9220775734375 0.2173623359375 0.85241946875 0.15168622812500002 0.8344008703125001
1 0.3619887453125 0.8185747953125 0.35061146875000004 0.89209214375 0.41599516249999996 0.9122052265624999 0.431127196875 0.8398387093749999 0.3619887453125 0.8185747953125
1 0.41677534843749997 0.9098356140625 0.40405412343749997 0.9725327343749999 0.46560678749999995 0.9916629406249999 0.4816801234375 0.925367271875 0.41677534843749997 0.9098356140625
1 0.284715603125 0.8722356687499999 0.2770799015625 0.9390877890624999 0.340516115625 0.9542078328124999 0.3507001703125 0.8912501875000001 0.284715603125 0.8722356687499999
1 0.2982229125 0.7198782890625 0.29071881093749996 0.8008389796875001 0.360980365625 0.8192411140625 0.3724378625 0.741660946875 0.2982229125 0.7198782890625
1 0.22482436875 0.6041632765625 0.22322471250000003 0.6976800828124999 0.2973817296875 0.720119571875 0.3052851453125 0.6295196015625 0.22482436875 0.6041632765625
1 0.5976873421875 1 0.6146191609375 0.9561496234375 0.5490544109375 0.9399617234375001 0.5282593875 1 0.5976873421875 1
1 0.6999300234375 0.7414347359375 0.6678554390625 0.82306209375 0.7420410000000001 0.8395068359375 0.781487928125 0.758847296875 0.6999300234375 0.7414347359375