1 0.9837268518518518 0.6039236111111111 0.03254629629629626 0.08898148148148141
1 0.9760821759259258 0.4540856481481482 0.04783564814814838 0.08305555555555558
1 0.9660590277777779 0.30682291666666667 0.06788194444444429 0.0863194444444444
1 0.9403935185185185 0.7032465277777777 0.1091666666666665 0.10158564814814816
1 0.985619212962963 0.681244212962963 0.028761574074074047 0.09362268518518527
1 0.9462037037037037 0.16041087962962963 0.06826388888888886 0.09100694444444443
1 0.9538483796296295 0.23368634259259258 0.07290509259259252 0.08958333333333339
1 0.6972743055555556 0.23034143518518518 0.12516203703703715 0.11454861111111114
1 0.7467476851851853 0.7652835648148149 0.13784722222222215 0.12116898148148145
1 0.7173263888888888 0.4056828703703704 0.12800925925925916 0.10526620370370363
1 0.9694675925925926 0.37773148148148145 0.06106481481481474 0.08484953703703706
1 0.8243750000000001 0.48226851851851854 0.1185416666666665 0.10186342592592598
1 0.8701446759259259 0.15328124999999998 0.10925925925925953 0.10471064814814816
1 0.9247337962962963 0.5441956018518519 0.10121527777777786 0.09666666666666668
1 0.7343923611111111 0.5858043981481481 0.13292824074074083 0.11321759259259263
1 0.7848032407407407 0.14955439814814814 0.1124305555555555 0.10636574074074075
1 0.5889525462962963 0.3219097222222222 0.1504398148148148 0.12466435185185185
1 0.8053125000000001 0.31393518518518515 0.11546296296296318 0.10333333333333332
1 0.8475231481481481 0.7357118055555556 0.12814814814814818 0.10995370370370364
1 0.8850057870370371 0.23259837962962965 0.09974537037037053 0.09974537037037035
1 0.9067534722222221 0.38599537037037035 0.09790509259259253 0.0903240740740741
1 0.841851851851852 0.6498668981481481 0.12185185185185184 0.10820601851851848
1 0.681423611111111 0.1440162037037037 0.13940972222222214 0.12121527777777778
1 0.6199421296296297 0.7080497685185184 0.15834490740740748 0.12802083333333342
1 0.8919849537037038 0.3098032407407407 0.10590277777777786 0.0968055555555555
1 0.9107696759259258 0.4687615740740741 0.10590277777777786 0.0968055555555555
1 0.6079513888888888 0.5144849537037037 0.15172453703703717 0.11533564814814809
1 0.5669675925925926 0.13411458333333334 0.1474074074074075 0.12769675925925927
1 0.46390624999999996 0.4296122685185185 0.16767361111111115 0.12673611111111108
1 0.7340219907407407 0.6788657407407408 0.13619212962962984 0.11799768518518512
1 0.44384837962962964 0.22768518518518518 0.16804398148148145 0.13923611111111106
1 0.43070601851851853 0.12720486111111112 0.1696990740740741 0.1424074074074074
1 0.7935763888888889 0.23452546296296295 0.12033564814814816 0.10972222222222223
1 0.8276331018518519 0.5658391203703703 0.1249305555555555 0.10673611111111114
1 0.47881944444444446 0.6426388888888889 0.1773263888888888 0.1363888888888889
1 0.6267881944444444 0.8071527777777778 0.16321759259259264 0.13440972222222208
1 0.49892361111111116 0.8461284722222222 0.17921296296296313 0.14737268518518504
1 0.31453125000000004 0.5607118055555556 0.19929398148148145 0.14016203703703703
1 0.8155324074074073 0.3949537037037037 0.11693287037037052 0.10025462962962965
1 0.5783391203703704 0.22760995370370368 0.15365740740740746 0.12788194444444442
1 0.7077256944444444 0.3191724537037037 0.13145833333333332 0.1162962962962963
1 0.7239641203703704 0.49775462962962963 0.13439814814814816 0.11013888888888879
1 0.4872280092592593 0.7416956018518518 0.17737268518518512 0.1379513888888889
1 0.6131655092592593 0.6112905092592593 0.15815972222222213 0.12177083333333343
1 0.29844328703703704 0.3344270833333333 0.1964930555555556 0.15100694444444446
1 0.3282060185185185 0.7847222222222221 0.20288194444444443 0.1558796296296297
1 0.5980266203703704 0.4170370370370371 0.15020833333333333 0.11685185185185176
1 0.45471643518518523 0.3305787037037037 0.1678587962962963 0.13298611111111108
1 0.4717650462962963 0.5365046296296296 0.17392361111111115 0.12692129629629623
1 0.27785300925925926 0.11453125 0.19199074074074077 0.15711805555555558
1 0.2858043981481481 0.2245486111111111 0.1982870370370371 0.15886574074074078
1 0.33622685185185186 0.8970833333333333 0.20619212962962968 0.16222222222222235
1 0.3071527777777778 0.4436400462962963 0.1960763888888888 0.13694444444444437
1 0.31871527777777775 0.6755324074074075 0.2105555555555556 0.151423611111111
1 0.12631944444444446 0.46307291666666667 0.22939814814814813 0.15510416666666665
1 0.14627314814814812 0.7142650462962964 0.2265972222222222 0.16594907407407397
1 0.11206597222222221 0.21953125 0.21589120370370368 0.1734375
1 0.11880208333333334 0.34131365740740743 0.22186342592592592 0.16424768518518515
1 0.13397569444444443 0.5895196759259258 0.23403935185185185 0.15368055555555565
1 0.15769675925925924 0.8359085648148149 0.2174074074074074 0.17192129629629632
1 0.10328703703703704 0.10797453703703704 0.20481481481481484 0.16842592592592592
1 0.16989583333333333 0.9309432870370371 0.2132175925925926 0.13589120370370367
1 1 0.4892859453125 0.9606628125000001 0.4963621234375 0.9705049062500001 0.5729063671875 1 0.5659676109375 1 0.4892859453125
1 0.969553978125 0.57331714375 0.8845835171875001 0.592700959375 0.8909573234374999 0.673381534375 0.9773053812500001 0.6492971937500001 0.969553978125 0.57331714375