1 0.05681712962962963 0.5659837962962962 0.0744560185185185 0.06929398148148139
1 0.05640046296296296 0.43240162037037033 0.07760416666666667 0.07087962962962954
1 0.13810185185185184 0.7798437500000001 0.08408564814814819 0.08655092592592588
1 0.061921296296296294 0.6996006944444444 0.07452546296296296 0.07398148148148138
1 0.13366319444444447 0.6384201388888888 0.08238425925925927 0.07716435185185197
1 0.05597222222222222 0.29803819444444446 0.08082175925925925 0.0771527777777778
1 0.30582175925925925 0.8170196759259258 0.10458333333333333 0.09920138888888914
1 0.20766782407407405 0.5717881944444445 0.0902430555555556 0.08034722222222221
1 0.2892881944444444 0.49193287037037037 0.09966435185185185 0.08354166666666671
1 0.20462962962962963 0.41943865740740743 0.09024305555555552 0.08034722222222221
1 0.13233796296296296 0.28532407407407406 0.08877314814814814 0.08658564814814813
1 0.12922453703703704 0.4969965277777778 0.08075231481481482 0.07246527777777771
1 0.21381944444444442 0.7233796296296295 0.0934606481481481 0.08662037037037038
1 0.20630208333333333 0.2686863425925926 0.09042824074074077 0.09284722222222222
1 0.39526041666666667 0.5794270833333333 0.118599537037037 0.09618055555555553
1 0.13025462962962964 0.35561342592592593 0.08082175925925927 0.07715277777777771
1 0.3871527777777778 0.4012615740740741 0.1154745370370371 0.09615740740740737
1 0.28769675925925925 0.3317824074074074 0.09980324074074076 0.09291666666666672
1 0.28961805555555553 0.25055555555555553 0.1092939814814815 0.10079861111111113
1 0.40399884259259256 0.7474421296296296 0.11871527777777775 0.10399305555555553
1 0.2979340277777778 0.6536979166666667 0.10288194444444443 0.08981481481481488
1 0.5039930555555555 0.4841493055555556 0.13112268518518527 0.0978356481481482
1 0.13181712962962963 0.5665393518518519 0.0870486111111111 0.07563657407407405
1 0.13052662037037038 0.4267013888888889 0.0870949074074074 0.07876157407407405
1 0.5161574074074073 0.6725 0.13594907407407408 0.10724537037037045
1 0.38536458333333334 0.22782986111111114 0.11869212962962958 0.10243055555555554
1 0.527494212962963 0.8577199074074073 0.14079861111111108 0.11821759259259253
1 0.4099710648148148 0.8341956018518518 0.12655092592592593 0.10561342592592596
1 0.20586226851851852 0.34445601851851854 0.09502314814814819 0.08663194444444447
1 0.4957696759259259 0.2981712962962963 0.13755787037037043 0.11038194444444445
1 0.49596643518518524 0.20599537037037038 0.13762731481481474 0.11506944444444445
1 0.646880787037037 0.5851967592592592 0.15630787037037042 0.11052083333333336
1 0.20652199074074074 0.49444444444444446 0.0933680555555556 0.08037037037037038
1 0.5222106481481481 0.7647222222222222 0.14072916666666674 0.11353009259259253
1 0.29211226851851857 0.5771006944444445 0.09971064814814809 0.08666666666666671
1 0.291244212962963 0.4130497685185185 0.10444444444444442 0.08982638888888897
1 0.6344386574074073 0.3780960648148148 0.1548379629629629 0.11675925925925927
1 0.6592071759259259 0.7844849537037037 0.1596643518518519 0.12616898148148153
1 0.38821180555555557 0.3145601851851852 0.12811342592592592 0.10562500000000004
1 0.6654108796296296 0.8868634259259259 0.15975694444444438 0.1324189814814815
1 0.4027719907407407 0.6646296296296297 0.12802083333333342 0.09937500000000003
1 0.5041782407407407 0.3911921296296296 0.13744212962962976 0.10256944444444435
1 0.6275462962962963 0.17650462962962962 0.15343750000000006 0.12768518518518518
1 0.6290393518518519 0.27728587962962964 0.15649305555555557 0.12302083333333336
1 0.39311342592592596 0.48723379629629626 0.1247800925925926 0.09153935185185187
1 0.5101157407407408 0.5810590277777777 0.1358564814814816 0.10099537037037046
1 0.6398379629629629 0.47890625 0.1546759259259259 0.10582175925925927
1 0.6530034722222222 0.6821064814814815 0.15635416666666657 0.11364583333333336
1 0.7975347222222222 0.4722627314814815 0.18769675925925924 0.12012731481481467
1 0.8125868055555555 0.6973495370370371 0.19093750000000007 0.12796296296296283
1 0.8235590277777778 0.8052314814814814 0.19107638888888873 0.1373379629629632
1 0.7864351851851852 0.2503298611111111 0.1847569444444444 0.1326041666666667
1 0.7873206018518518 0.3628240740740741 0.1846643518518519 0.12635416666666668
1 0.807829861111111 0.5871701388888889 0.19082175925925923 0.12015046296296301
1 0.8299479166666666 0.9201099537037039 0.19597222222222221 0.1514351851851849
1 0.7863888888888889 0.14174768518518518 0.18494212962962955 0.14510416666666667
1 0.1777479671875 0.8230467859375 0.26074585625 0.84188821875 0.2600170609375 0.764192696875 0.1750799203125 0.7509564515625 0.1777479671875 0.8230467859375
1 0.25886430625 0.7652045843749999 0.353012328125 0.7805993453125 0.3485025921875 0.6959388984375 0.25185333125 0.6863377328125 0.25886430625 0.7652045843749999
1 0.1716640609375 0.678190715625 0.253928978125 0.6871156468749999 0.250927675 0.6086042125 0.16746356093749998 0.6037431265625 0.1716640609375 0.678190715625
1 0.0995219328125 0.7385364921875001 0.17520671875 0.7510685875 0.1732302625 0.6774169984375 0.0970667890625 0.6693168218750001 0.0995219328125 0.7385364921875001
1 0.0332592953125 0.794624521875 0.10014481718749998 0.807470240625 0.10033760625000002 0.7389794890625 0.031907978125 0.727951625 0.0332592953125 0.794624521875
1 0.0290194671875 0.6636252218750001 0.0977166609375 0.6705945265625 0.094671521875 0.60100955 0.028294942187499998 0.5983681515625 0.0290194671875 0.6636252218750001
1 0.02834019375 0.5319969734375001 0.0936105296875 0.5320165625 0.0930167234375 0.46398409531249996 0.0258572984375 0.46824986874999996 0.02834019375 0.5319969734375001
1 0.0261512203125 0.40401631406250005 0.0950235734375 0.3964729640625 0.0948479 0.32981191249999997 0.026071103125 0.3403168609375 0.0261512203125 0.40401631406250005