1 0.29901041666666667 0.35765625 0.09916666666666671 0.08611111111111117
1 0.14421875 0.24652199074074072 0.08166666666666664 0.08053240740740737
1 0.3076041666666667 0.5100810185185185 0.0958333333333334 0.08282407407407408
1 0.32229166666666664 0.6598379629629629 0.09322916666666661 0.09047453703703709
1 0.22765624999999998 0.43975115740740744 0.08645833333333339 0.08233796296296295
1 0.28869791666666667 0.20296875 0.09979166666666668 0.09548611111111108
1 0.08463541666666666 0.32879050925925923 0.07166666666666666 0.07067129629629632
1 0.21442708333333335 0.3001099537037037 0.08666666666666671 0.08546296296296294
1 0.09625 0.45597222222222217 0.06833333333333333 0.06738425925925924
1 0.1253125 0.703761574074074 0.07197916666666666 0.07535879629629641
1 0.15317708333333332 0.38089699074074074 0.07833333333333332 0.07724537037037038
1 0.10921875 0.5799479166666666 0.07166666666666668 0.0706712962962964
1 0.38104166666666667 0.2593287037037037 0.115625 0.09942129629629629
1 0.5060416666666667 0.6761805555555556 0.12416666666666672 0.11076388888888893
1 0.16531250000000003 0.5158912037037038 0.07666666666666666 0.07560185185185198
1 0.18260416666666668 0.6459143518518518 0.07687499999999999 0.07872685185185198
1 0.3896354166666667 0.42351273148148144 0.1119791666666666 0.09144675925925938
1 0.41666666666666663 0.7466666666666667 0.10947916666666657 0.10065972222222222
1 0.4020833333333333 0.5867129629629629 0.10916666666666668 0.09597222222222221
1 0.23875000000000002 0.5826388888888889 0.0833333333333334 0.08217592592592596
1 0.4944791666666667 0.5027430555555557 0.12489583333333343 0.09834490740740734
1 0.48640624999999993 0.32285300925925925 0.13177083333333323 0.10804398148148149
1 0.47848958333333336 0.14530671296296296 0.13239583333333335 0.11741898148148149
1 0.25505208333333335 0.7213368055555556 0.08197916666666671 0.08521990740740737
1 0.51484375 0.7611747685185185 0.12572916666666673 0.11084490740740752
1 0.37635416666666666 0.17725694444444445 0.1221874999999999 0.10443287037037038
1 0.4097395833333334 0.6662789351851852 0.11583333333333332 0.10254629629629619
1 0.6090625 0.3988078703703704 0.1476041666666667 0.1119791666666666
1 0.4835416666666667 0.2328472222222222 0.13666666666666671 0.11141203703703706
1 0.60421875 0.20855902777777774 0.1546875 0.12480324074074076
1 0.23567708333333334 0.5130266203703704 0.09093749999999998 0.07945601851851851
1 0.6180729166666666 0.5927604166666667 0.14489583333333336 0.11806712962962962
1 0.31572916666666667 0.5849189814814815 0.09916666666666671 0.08611111111111107
1 0.303125 0.43113425925925924 0.10250000000000004 0.08939814814814824
1 0.6305729166666667 0.7802604166666667 0.146875 0.12439814814814802
1 0.60671875 0.10494791666666667 0.14541666666666658 0.12587962962962967
1 0.6211979166666667 0.6866724537037037 0.14510416666666667 0.12119212962962962
1 0.385625 0.339837962962963 0.11854166666666668 0.09645833333333335
1 0.3951041666666667 0.5055439814814815 0.11208333333333335 0.09300925925925937
1 0.5003125 0.5902430555555556 0.12843750000000007 0.1047569444444445
1 0.48765625 0.41215856481481483 0.12822916666666656 0.1016319444444445
1 0.6049479166666666 0.3018113425925926 0.15406249999999985 0.11542824074074076
1 0.6133854166666667 0.4989293981481481 0.1473958333333334 0.10885416666666678
1 0.7508333333333334 0.27935185185185185 0.18604166666666674 0.12798611111111108
1 0.7540625000000001 0.4924189814814815 0.17781249999999993 0.12133101851851862
1 0.7661979166666667 0.69796875 0.17260416666666673 0.13663194444444446
1 0.75078125 0.3844039351851852 0.18093749999999992 0.12149305555555552
1 0.7485416666666665 0.17442129629629627 0.19135416666666671 0.13760416666666667
1 0.7578125 0.5957060185185185 0.17354166666666657 0.12733796296296304
1 0.7714062500000001 0.7996122685185185 0.17312499999999992 0.14444444444444446
1 0.7459895833333333 0.07105902777777777 0.18927083333333333 0.14211805555555554
1 0.33471845 0.2327851546875 0.2522539171875 0.254482909375 0.255243696875 0.328365028125 0.3384279765625 0.31154610625 0.33471845 0.2327851546875
1 0.25547505937500004 0.32844507031250003 0.1851343546875 0.34236384062499997 0.191241528125 0.41177031406250003 0.26106835 0.4022001171875 0.25547505937500004 0.32844507031250003
1 0.2470538734375 0.1798859875 0.17495304218750002 0.2047175453125 0.1822375671875 0.2725604921875 0.25267295 0.25390828125 0.2470538734375 0.1798859875
1 0.1800429578125 0.2729850828125 0.11479808437500001 0.2899576484375 0.11961365312500001 0.354960325 0.18564830000000002 0.34216650937500004 0.1800429578125 0.2729850828125
1 0.110858309375 0.2230519921875 0.049759734374999996 0.2431601375 0.05459295937500001 0.3052684421875 0.1162465671875 0.2901003609375 0.110858309375 0.2230519921875
1 0.11854647812500001 0.35499669843750004 0.06081938906249999 0.3659351546875 0.0670733859375 0.427900015625 0.12530322031250002 0.4213878578125 0.11854647812500001 0.35499669843750004
1 0.190414171875 0.4124973140625 0.124273771875 0.420670515625 0.130262865625 0.48544631875000005 0.196304259375 0.4797707265625 0.190414171875 0.4124973140625
1 0.203677090625 0.5476067875 0.13730447031249998 0.5488061859375 0.148451575 0.611319284375 0.2133064921875 0.614016790625 0.203677090625 0.5476067875
1 0.1312395375 0.484506796875 0.07330741406249999 0.4887385703125 0.0788835515625 0.549109678125 0.1368311453125 0.5488473546875 0.1312395375 0.484506796875
1 0.1480853515625 0.612426709375 0.08939346875000001 0.6091931734375 0.09517589531250001 0.6678570609375 0.1552746578125 0.6736702828125 0.1480853515625 0.612426709375
1 0.221147053125 0.681659540625 0.1561955234375 0.6733207 0.159962634375 0.735920003125 0.22871755781249997 0.7466348578125 0.221147053125 0.681659540625
1 0.28012774687499997 0.6173644625 0.2136019609375 0.6135745375 0.22080240624999997 0.68042474375 0.28784340468749997 0.6892909515625 0.28012774687499997 0.6173644625
1 0.367486278125 0.6973242390625 0.2877702015625 0.6884467171875001 0.294036159375 0.7588720234374999 0.3747997703125 0.7730728671875 0.367486278125 0.6973242390625