1 0.3536284722222222 0.06109375 0.08024305555555555 0.08031249999999998
1 0.49342592592592593 0.07666666666666666 0.07402777777777772 0.08458333333333332
1 0.6323900462962964 0.09921875 0.07718749999999996 0.08947916666666664
1 0.7713483796296297 0.12255208333333334 0.08187499999999978 0.08979166666666663
1 0.41164351851851855 0.143125 0.08503472222222222 0.09468750000000004
1 0.265619212962963 0.12401041666666665 0.0928587962962963 0.09677083333333333
1 0.559230324074074 0.16234375 0.08189814814814814 0.09291666666666662
1 0.31890625 0.21119791666666665 0.09451388888888887 0.109375
1 0.6335763888888889 0.255625 0.0898032407407408 0.10593750000000002
1 0.7738773148148148 0.20322916666666666 0.09446759259259245 0.103125
1 0.21279513888888885 0.2908854166666667 0.10864583333333329 0.11968750000000003
1 0.7059895833333333 0.18776041666666665 0.08815972222222221 0.09489583333333336
1 0.5493981481481482 0.32895833333333335 0.09141203703703696 0.11229166666666668
1 0.45098958333333333 0.42401041666666667 0.10250000000000004 0.13333333333333322
1 0.47196180555555556 0.23078125 0.08821759259259263 0.10270833333333336
1 0.38148726851851855 0.30994791666666666 0.0992592592592592 0.11750000000000008
1 0.27449652777777783 0.4028645833333333 0.10876157407407412 0.13531250000000003
1 0.7889293981481481 0.28161458333333333 0.09759259259259245 0.10333333333333332
1 0.7157060185185186 0.35333333333333333 0.10234953703703695 0.11302083333333339
1 0.5367997685185186 0.5524479166666667 0.11039351851851861 0.1447916666666666
1 0.6337268518518518 0.4463541666666666 0.10561342592592596 0.1319791666666667
1 0.6333680555555555 0.17822916666666666 0.0898032407407408 0.10593750000000002
1 0.15016203703703704 0.5157291666666667 0.12609953703703702 0.1567708333333334
1 0.7092881944444445 0.27005208333333336 0.09607638888888878 0.10947916666666666
1 0.18544560185185185 0.39536458333333335 0.11817129629629627 0.140625
1 0.8109722222222222 0.47145833333333337 0.11342592592592596 0.13249999999999992
1 0.3430960648148148 0.5332812499999999 0.11984953703703702 0.15635416666666657
1 0.8257060185185185 0.5928125 0.129224537037037 0.15697916666666673
1 0.7296817129629629 0.5770312499999999 0.11982638888888886 0.15322916666666658
1 0.42093749999999996 0.6822916666666667 0.12153935185185176 0.17364583333333333
1 0.5539467592592592 0.2425 0.08822916666666672 0.10427083333333335
1 0.46350694444444446 0.3169791666666667 0.09456018518518512 0.115625
1 0.6372685185185185 0.7068749999999999 0.127800925925926 0.17562500000000014
1 0.24704861111111112 0.5206250000000001 0.12297453703703702 0.15656250000000008
1 0.3627372685185185 0.41421875 0.10722222222222229 0.13833333333333328
1 0.7219618055555556 0.45848958333333334 0.11034722222222229 0.13854166666666662
1 0.6321527777777778 0.34229166666666666 0.09927083333333328 0.11906250000000007
1 0.21554398148148152 0.6584375 0.1356481481481481 0.18083333333333335
1 0.8441898148148148 0.7355208333333334 0.13871527777777787 0.1732291666666665
1 0.11087384259259259 0.6491145833333333 0.14346064814814813 0.18135416666666657
1 0.5439236111111111 0.4348958333333333 0.10094907407407412 0.13479166666666664
1 0.7388020833333333 0.7175520833333333 0.13405092592592585 0.1760416666666666
1 0.6336342592592592 0.5643750000000001 0.11670138888888885 0.15302083333333344
1 0.4376041666666667 0.5427083333333333 0.11357638888888885 0.15281249999999993
1 0.3178472222222222 0.6707291666666666 0.1262615740740741 0.17864583333333323
1 0.5310590277777777 0.6943229166666667 0.1183912037037036 0.1703125
1 0.28845486111111107 0.8399479166666666 0.14526620370370366 0.21427083333333313
1 0.5228125 0.8579166666666665 0.13271990740740733 0.20718749999999986
1 0.1752372685185185 0.8238020833333334 0.15307870370370372 0.21479166666666671
1 0.7531944444444444 0.885 0.14835648148148142 0.20979166666666665
1 0.4033043981481482 0.8468229166666668 0.13428240740740732 0.20729166666666643
1 0.07083333333333333 0.8134895833333333 0.14166666666666666 0.22072916666666664
1 0.86484375 0.8990364583333333 0.16083333333333344 0.20192708333333337
1 0.6344965277777778 0.8700520833333334 0.14204861111111117 0.2015625
1 0.21755333906250002 0.1537925265625 0.1891557375 0.2386978015625 0.2701827328125 0.24977129687500002 0.2922028484375 0.1682447375 0.21755333906250002 0.1537925265625
1 0.31254520625 0.0912105921875 0.29145001718749997 0.1676689234375 0.36825882656250003 0.17485999218749998 0.382150978125 0.102140484375 0.31254520625 0.0912105921875
1 0.3111932515625 0.0914987578125 0.32914748125000004 0.021943165625 0.2604769140625 0.017365128125 0.24072568906249997 0.08139542968749999 0.3111932515625 0.0914987578125
1 0.4550803359375 0.10888170781249999 0.44473548906250004 0.1872821546875 0.51959345 0.19562236718749998 0.5258740937499999 0.11676501406249999 0.4550803359375 0.10888170781249999
1 0.5317782421875 0.05131495781249999 0.525950915625 0.11946908437499999 0.594921321875 0.131729409375 0.598481540625 0.0585407171875 0.5317782421875 0.05131495781249999
1 0.395949875 0.030390465625 0.38385389999999997 0.10052242656249999 0.45492058750000003 0.1097617765625 0.46334201875 0.042433584375 0.395949875 0.030390465625
1 0.36880081875 0.174500546875 0.3524226015625 0.2586868328125 0.43247022812499997 0.2686821421875 0.4439310265625 0.186183915625 0.36880081875 0.174500546875
1 0.27147553593749996 0.24877171874999998 0.24554395625 0.342987521875 0.33284044218750003 0.35208329374999997 0.3516589609375 0.258085290625 0.27147553593749996 0.24877171874999998
1 0.6629620843749999 0.073822321875 0.6660662453125 0.1459846078125 0.73588460625 0.15787121875000001 0.7303937687500001 0.085851140625 0.6629620843749999 0.073822321875
1 0.7495437359375 0.31377611562499996 0.7573487234375 0.40915103437499994 0.8433962234375001 0.42666158281250005 0.8279914359375 0.329097553125 0.7495437359375 0.31377611562499996