1 0.9360011574074074 0.3322164351851852 0.07438657407407412 0.0729166666666666
1 0.7122858796296295 0.5353414351851852 0.10481481481481474 0.08717592592592602
1 0.9337731481481482 0.5947222222222223 0.07282407407407412 0.07282407407407412
1 0.9360821759259259 0.46314814814814814 0.07438657407407412 0.07291666666666678
1 0.8648495370370369 0.24960069444444444 0.0891898148148151 0.08624999999999998
1 0.8674074074074074 0.3916550925925926 0.0823842592592591 0.07650462962962959
1 0.8685879629629628 0.5304918981481481 0.08403935185185177 0.07815972222222226
1 0.7028182870370371 0.2188310185185185 0.1119907407407407 0.10317129629629633
1 0.9293518518518518 0.7222511574074074 0.06685185185185176 0.07714120370370381
1 0.7923032407407409 0.30958912037037034 0.09231481481481474 0.08643518518518523
1 0.8652199074074073 0.6667071759259259 0.08275462962962976 0.08275462962962958
1 0.7850289351851851 0.23389467592592594 0.10518518518518523 0.09342592592592594
1 0.6111053240740741 0.2847395833333333 0.12439814814814802 0.10234953703703704
1 0.7937094907407407 0.45784722222222224 0.09212962962962959 0.08331018518518504
1 0.7090451388888889 0.37835069444444447 0.10518518518518523 0.09342592592592584
1 0.6175578703703704 0.45368055555555553 0.11924768518518505 0.0942592592592593
1 0.5166898148148148 0.5417824074074075 0.13074074074074069 0.10428240740740727
1 0.7944733796296296 0.6037152777777777 0.08918981481481474 0.08625000000000008
1 0.7922511574074074 0.7470543981481481 0.09093750000000007 0.08946759259259256
1 0.7088310185185185 0.765630787037037 0.1088657407407407 0.10298611111111118
1 0.624537037037037 0.7857233796296297 0.11355324074074069 0.10326388888888882
1 0.6217592592592593 0.620920138888889 0.11483796296296304 0.09866898148148132
1 0.7118055555555556 0.6889756944444445 0.09755787037037038 0.09608796296296304
1 0.5202430555555556 0.7199594907407407 0.13148148148148148 0.11678240740740745
1 0.4983275462962963 0.1769212962962963 0.14269675925925931 0.12211805555555552
1 0.7893865740740741 0.6763252314814815 0.09571759259259256 0.09130787037037039
1 0.5231018518518519 0.8040162037037037 0.13138888888888883 0.11521990740740726
1 0.606087962962963 0.1974189814814815 0.1294560185185185 0.10887731481481482
1 0.5039930555555555 0.3591435185185185 0.1403935185185185 0.10952546296296291
1 0.7045312499999999 0.2957638888888889 0.11309027777777772 0.0954513888888889
1 0.3874537037037037 0.44710069444444445 0.15142361111111108 0.11173611111111104
1 0.7916087962962963 0.532986111111111 0.09525462962962958 0.08349537037037039
1 0.6200231481481481 0.703136574074074 0.12136574074074069 0.10372685185185179
1 0.7084143518518518 0.45514467592592595 0.10821759259259274 0.09204861111111118
1 0.3747627314814815 0.25113425925925925 0.15675925925925932 0.12295138888888886
1 0.7100462962962963 0.612824074074074 0.10206018518518523 0.0932407407407407
1 0.5038483796296297 0.26897569444444447 0.1388310185185185 0.10943287037037042
1 0.39872106481481484 0.640630787037037 0.15188657407407408 0.11954861111111104
1 0.4014409722222222 0.8328703703703704 0.14131944444444447 0.1251504629629629
1 0.36906249999999996 0.1488773148148148 0.1586921296296296 0.12929398148148152
1 0.6131828703703703 0.36875 0.1275231481481482 0.10253472222222229
1 0.4024479166666667 0.7364988425925926 0.15381944444444445 0.1258912037037037
1 0.6196354166666667 0.5376909722222223 0.11934027777777771 0.09582175925925931
1 0.5192708333333333 0.6305266203703704 0.1372685185185185 0.10934027777777793
1 0.5119965277777778 0.4489930555555556 0.14158564814814803 0.10336805555555557
1 0.38147569444444446 0.34953124999999996 0.15951388888888882 0.11688657407407402
1 0.3956828703703704 0.5463715277777779 0.14976851851851852 0.11008101851851855
1 0.2465046296296296 0.5500752314814814 0.1818518518518518 0.12599537037037045
1 0.22936342592592593 0.3365972222222222 0.1912268518518518 0.12655092592592593
1 0.2536747685185185 0.6539872685185185 0.1806597222222223 0.13215277777777779
1 0.25611111111111107 0.7584027777777778 0.17809027777777775 0.14134259259259263
1 0.24342592592592593 0.4432696759259259 0.18469907407407407 0.1214930555555556
1 0.2636516203703704 0.8560648148148149 0.17524305555555558 0.14584490740740746
1 0.2247222222222222 0.22969907407407408 0.19490740740740745 0.13611111111111107
1 0.21631365740740743 0.12022569444444445 0.19105324074074073 0.14989583333333334
1 0.8277037437500001 0.7047549984375 0.8271233078125 0.7732838859375 0.8968667953124999 0.7579186296875 0.89682344375 0.692725196875 0.8277037437500001 0.7047549984375
1 0.959832671875 0.61992384375 0.898948375 0.627584425 0.8995178578124999 0.693399521875 0.95723338125 0.682311371875 0.959832671875 0.61992384375
1 0.9002268921875001 0.5616385078125 0.831840371875 0.5657654015625 0.8269116593750001 0.6347984296875 0.8996388312500001 0.6268522671875 0.9002268921875001 0.5616385078125
1 0.9005698078125001 0.494930503125 0.901409690625 0.561836853125 0.9623914234375001 0.5585686937500001 0.962901815625 0.49406979062499995 0.9005698078125001 0.494930503125
1 0.9023116953124999 0.4281155671875 0.8286392484375 0.42455608125 0.8305111328124999 0.4956409546875 0.9015849515625 0.495091725 0.9023116953124999 0.4281155671875
1 0.9643987125000001 0.36749820624999996 0.89949496875 0.3597051015625 0.8975240796874999 0.42786272031249994 0.962224646875 0.4310329390625 0.9643987125000001 0.36749820624999996
1 0.8290614843749999 0.3528632421875 0.7506174718749999 0.34355133125 0.7522321671875 0.4207048859375 0.8296408874999999 0.42476394375000004 0.8290614843749999 0.3528632421875
1 0.9022259984375 0.292339228125 0.828111571875 0.28030029375 0.82828720625 0.3528444359375 0.901765440625 0.36007077656250003 0.9022259984375 0.292339228125
1 0.9670070281250001 0.23827017968750003 0.9024461484374999 0.22310920312500002 0.8981082796875001 0.2926462984375 0.9652720953125 0.3029524515625 0.9670070281250001 0.23827017968750003