1 0.25073124999999996 0.09540555625 0.23568281249999998 0.1538166671875 0.30025546875 0.15186944375 0.3095578125 0.092484721875 0.25073124999999996 0.09540555625
1 0.31068984374999997 0.09104305625 0.30080234375 0.15284305625 0.36728984374999996 0.1484625 0.3749515625 0.0876166671875 0.31068984374999997 0.09104305625
1 0.37451406249999997 0.088902778125 0.3678375 0.1484625 0.42994765625 0.14408194375 0.433778125 0.08275 0.37451406249999997 0.088902778125
1 0.43421562500000005 0.08219583281250001 0.4304875 0.146197221875 0.49727187500000003 0.1398958328125 0.497525 0.07509027812499999 0.43421562500000005 0.08219583281250001
1 0.49795625 0.0757625 0.497525 0.13809583281249999 0.56355 0.13809583281249999 0.56000859375 0.074190278125 0.49795625 0.0757625
1 0.49712109375 0.13959583281250001 0.496765625 0.2051513890625 0.5673445312500001 0.2056013890625 0.5640562499999999 0.1358458328125 0.49712109375 0.13959583281250001
1 0.430875 0.1450388890625 0.42609921875 0.20949722187500003 0.49667734374999994 0.20499583281249997 0.49768984375 0.139290278125 0.430875 0.1450388890625
1 0.36602109375 0.1465236109375 0.35703828125000003 0.215797221875 0.4263515625 0.210397221875 0.43090546874999996 0.14469166718749998 0.36602109375 0.1465236109375
1 0.30088906249999997 0.1524625 0.28721796875 0.21804722187499997 0.35703828125000003 0.213547221875 0.36639765625 0.14874166718749998 0.30088906249999997 0.1524625
1 0.23547812499999998 0.15444166718750002 0.21714531250000002 0.22479861093750003 0.286965625 0.21894722187500001 0.30113203125 0.1536916671875 0.23547812499999998 0.15444166718750002
1 0.21794296875 0.22371805625 0.19817265625 0.2986041671875 0.27279921875 0.29365416718750004 0.28721796875 0.21894722187500001 0.21794296875 0.22371805625
1 0.286971875 0.216790278125 0.27153203124999997 0.29375 0.34792890625 0.29015 0.3567828125 0.21589444375000003 0.286971875 0.216790278125
1 0.3571140625 0.21530555625 0.34767578125 0.28925 0.42204921874999995 0.28565 0.42634999999999995 0.21094305625 0.3571140625 0.21530555625
1 0.42614375000000004 0.20936805625 0.42053124999999997 0.2852 0.497434375 0.28385 0.49667578125 0.20419305625 0.42614375000000004 0.20936805625
1 0.49712109375 0.20441944374999999 0.49660078125 0.2827166671875 0.5719859375 0.2818166671875 0.5676851562499999 0.2062111109375 0.49712109375 0.20441944374999999
1 0.63838671875 0.20296388906249999 0.6307976562500001 0.1363583328125 0.56448046875 0.137122221875 0.56426640625 0.1359083328125 0.5667960937500001 0.2061138890625 0.63838671875 0.20296388906249999
1 0.5597484374999999 0.0737833328125 0.56426640625 0.1386083328125 0.63029140625 0.1363583328125 0.6237140625 0.073802778125 0.5597484374999999 0.0737833328125
1 0.698846875 0.13455833281250001 0.6315609375 0.1336583328125 0.6388921875 0.20521388906250002 0.7104828125 0.2047638890625 0.698846875 0.13455833281250001
1 0.6239671875 0.07245277812499999 0.6310039062499999 0.134647221875 0.69859375 0.1336583328125 0.6874625 0.06930277812499999 0.6239671875 0.07245277812499999
1 0.6875078125 0.068834721875 0.6980875 0.1350083328125 0.76537734375 0.1323083328125 0.75019921875 0.067952778125 0.6875078125 0.068834721875
1 0.69859375 0.1336583328125 0.7094710937500001 0.20296388906249999 0.7828328124999999 0.20296388906249999 0.7663898437500001 0.1323083328125 0.69859375 0.1336583328125
1 0.7091335937500001 0.20315416718749998 0.72481796875 0.2837111109375 0.8022265624999999 0.2814611109375 0.78249453125 0.2027041671875 0.7091335937500001 0.20315416718749998
1 0.6385546875 0.2045041671875 0.6481679687499999 0.2823611109375 0.72481796875 0.2814611109375 0.7101453125 0.2054041671875 0.6385546875 0.2045041671875
1 0.5675421875 0.20689305624999998 0.5725296875 0.2837111109375 0.64766171875 0.2828111109375 0.6385546875 0.20315416718749998 0.5675421875 0.20689305624999998
1 0.49635859375 0.28489166718750003 0.49610546875 0.3721986109375 0.577309375 0.3721986109375 0.571490625 0.28219027812499997 0.49635859375 0.28489166718750003
1 0.5717171875 0.28359305625000003 0.5770562499999999 0.3712986109375 0.658259375 0.3726486109375 0.64738203125 0.281290278125 0.5717171875 0.28359305625000003
1 0.6486468750000001 0.28219027812499997 0.6585125 0.3717486109375 0.74123359375 0.37309861093749996 0.72504375 0.283540278125 0.6486468750000001 0.28219027812499997
1 0.725640625 0.2821083328125 0.740728125 0.3721986109375 0.8244609374999999 0.3717486109375 0.8009351562499999 0.281290278125 0.725640625 0.2821083328125
1 0.6593953124999999 0.37216805625 0.671821875 0.47768750000000004 0.7611203125 0.4794875 0.7401234375 0.372377778125 0.6593953124999999 0.37216805625
1 0.74150625 0.3726625 0.7603609375 0.4785875 0.84890078125 0.48038749999999997 0.8246156250000001 0.37057777812500003 0.74150625 0.3726625
1 0.67207421875 0.47588749999999996 0.6854820312500001 0.598297221875 0.78211640625 0.6032486109375 0.7611203125 0.4794875 0.67207421875 0.47588749999999996
1 0.760990625 0.4799375 0.7818632812499999 0.6018986109375 0.879128125 0.6041486109374999 0.8495304687499999 0.4794875 0.760990625 0.4799375
1 0.5784640624999999 0.376959721875 0.58249609375 0.47738055625 0.67075078125 0.47817777812499995 0.65999921875 0.3737708328125 0.5784640624999999 0.376959721875
1 0.58411953125 0.47768750000000004 0.58921640625 0.5969291671875 0.6864312499999999 0.5985222218749999 0.67254296875 0.4789736109375 0.58411953125 0.47768750000000004
1 0.59052734375 0.5951138890625 0.59862421875 0.7419805562499999 0.7034546875000001 0.74516805625 0.6864312499999999 0.59931944375 0.59052734375 0.5951138890625
1 0.68516953125 0.5968666671875 0.7030070312500001 0.745965278125 0.8078375 0.7515444437500001 0.7814054687499999 0.6001166671875 0.68516953125 0.5968666671875
1 0.7823015625 0.59931944375 0.8105249999999999 0.74995 0.9149078125000001 0.750747221875 0.87817265625 0.60250694375 0.7823015625 0.59931944375
1 0.8084015625 0.7502208328125 0.84278046875 0.9260847218749999 0.9556749999999999 0.9300708328124999 0.913115625 0.74835694375 0.8084015625 0.7502208328125
1 0.7030070312500001 0.74516805625 0.72540625 0.921302778125 0.8445726562500001 0.9292736109374999 0.80918125 0.750747221875 0.7030070312500001 0.74516805625
1 0.5996390625 0.7423583328125 0.60949453125 0.9161027781250001 0.725525 0.922477778125 0.70402109375 0.74315555625 0.5996390625 0.7423583328125
1 0.40884296875 0.473502778125 0.40003671875 0.591 0.49543671875 0.596222221875 0.4944578125 0.47263194375 0.40884296875 0.473502778125
1 0.415565625 0.371409721875 0.40933203125000006 0.4761138890625 0.49543671875 0.473502778125 0.49543671875 0.37080138906250004 0.415565625 0.371409721875
1 0.42041093749999997 0.2824111109375 0.41569218750000003 0.37254305625 0.49641484374999995 0.37254305625 0.49592578125 0.282897221875 0.42041093749999997 0.2824111109375
1 0.49577265625000005 0.3733236109375 0.49592578125 0.473502778125 0.58251875 0.47437361093749997 0.5776265625 0.37254305625 0.49577265625000005 0.3733236109375
1 0.49592578125 0.47524305624999996 0.49494765625000003 0.5936111109375 0.590346875 0.5970916671875 0.5820296875000001 0.47437361093749997 0.49592578125 0.47524305624999996
1 0.49469609375 0.5924708328125 0.4934796875 0.7380875 0.5996421875 0.74156944375 0.58887890625 0.5970916671875 0.49469609375 0.5924708328125
1 0.49286796875 0.7376736109375 0.3890125 0.7346833328125 0.37783671874999997 0.90695555625 0.49159921874999996 0.906202778125 0.49286796875 0.7376736109375
1 0.49278046875000003 0.7363388890625 0.49159921874999996 0.9107166671875 0.6095906249999999 0.9152319437499999 0.59986328125 0.7384263890625 0.49278046875000003 0.7363388890625
1 0.39971484375 0.592397221875 0.3882609375 0.7365 0.49398749999999997 0.7402624999999999 0.49483359374999997 0.5935513890624999 0.39971484375 0.592397221875
1 0.30525390625000004 0.5981888890625 0.28507109375 0.7327388890625001 0.38868359375 0.7334916671875 0.400525 0.589790278125 0.30525390625000004 0.5981888890625
1 0.28524453125 0.7355111109375 0.26138828125 0.9080388890625001 0.3781109375 0.9065347218750001 0.38910625 0.737252778125 0.28524453125 0.7355111109375
1 0.28549375 0.73875694375 0.1835734375 0.73875694375 0.14508828125 0.9087916671875 0.26011953125 0.9087916671875 0.28549375 0.73875694375
1 0.08038359375000001 0.7440236109375 0.033503125 0.9141958328124999 0.14381953125 0.9095430562500001 0.18399609374999998 0.741015278125 0.08038359375000001 0.7440236109375
1 0.21235468750000003 0.5972888890625 0.11687812500000001 0.6007513890625 0.07973593749999999 0.74216944375 0.182740625 0.7387333328125 0.21235468750000003 0.5972888890625
1 0.30568515625 0.5969513890625 0.21169687499999998 0.5982999999999999 0.18213593749999998 0.741234721875 0.285978125 0.7351666671875 0.30568515625 0.5969513890625
1 0.23602109375000002 0.4789791671875 0.21245468750000002 0.5969513890625 0.30568515625 0.5969513890625 0.32236015625 0.4789625 0.23602109375000002 0.4789791671875
1 0.236709375 0.48098472187499997 0.1484515625 0.48416944375000004 0.11808671875000001 0.5996486109375 0.21245468750000002 0.6009972218749999 0.236709375 0.48098472187499997
1 0.40952734375000005 0.4755916671875 0.32150546874999997 0.47749722187500004 0.30492734375 0.5969513890625 0.3996734375 0.59223194375 0.40952734375000005 0.4755916671875
1 0.33507109375 0.37614583281249997 0.3214703125 0.47874999999999995 0.409603125 0.47349444375000005 0.41526562499999997 0.3727638890625 0.33507109375 0.37614583281249997
1 0.3347609375 0.3757208328125 0.25475078125 0.37948055625 0.234521875 0.4809986109375 0.3214765625 0.47831388906249994 0.3347609375 0.3757208328125
1 0.25263749999999996 0.38216666718750003 0.17573828125 0.38690277812499996 0.14786875 0.4852958328125 0.234521875 0.4820736109375 0.25263749999999996 0.38216666718750003
1 0.25493671875 0.3816333328125 0.27223281250000003 0.2927638890625 0.199596875 0.2977513890625 0.17726171875000002 0.38693055625 0.25493671875 0.3816333328125
1 0.3477484375 0.2906875 0.27168671875 0.293734721875 0.25493671875 0.3811916671875 0.33459609375 0.375452778125 0.3477484375 0.2906875
1 0.42269375 0.28627361093750003 0.3470484375 0.289365278125 0.33459609375 0.37633611093749997 0.4152484375 0.37589444375 0.42269375 0.28627361093750003