1 0.690625 0.05859375 0.0734375 0.078125
1 0.553125 0.05625 0.06796875 0.07421875
1 0.41796875 0.05546875 0.07109375 0.07578125
1 0.771875 0.13828125 0.08125 0.0875
1 0.76015625 0.0625 0.078125 0.0828125
1 0.28359375 0.05546875 0.0765625 0.075
1 0.35078125 0.059375 0.075 0.078125
1 0.315625 0.29921875 0.09140625 0.10234375
1 0.8046875 0.31953125 0.0953125 0.11171875
1 0.4765625 0.303125 0.0828125 0.10546875
1 0.48359375 0.05703125 0.06953125 0.078125
1 0.55859375 0.215625 0.07890625 0.0984375
1 0.2671875 0.13515625 0.08359375 0.08671875
1 0.6265625 0.1328125 0.0765625 0.0828125
1 0.640625 0.309375 0.08828125 0.109375
1 0.253125 0.21015625 0.0859375 0.090625
1 0.38515625 0.4078125 0.09609375 0.1234375
1 0.4046875 0.2125 0.08046875 0.09375
1 0.78984375 0.22578125 0.08671875 0.1046875
1 0.340625 0.13046875 0.0796875 0.0796875
1 0.48125 0.1296875 0.0703125 0.08046875
1 0.71171875 0.2203125 0.08515625 0.0984375
1 0.2359375 0.303125 0.0953125 0.1140625
1 0.7375 0.42734375 0.09921875 0.1296875
1 0.4109375 0.13359375 0.0765625 0.08671875
1 0.55625 0.1359375 0.07734375 0.08671875
1 0.5609375 0.41484375 0.0890625 0.12578125
1 0.21328125 0.4046875 0.1 0.1203125
1 0.4671875 0.53359375 0.09765625 0.13984375
1 0.725 0.3203125 0.09296875 0.11171875
1 0.28203125 0.5265625 0.1078125 0.13984375
1 0.190625 0.5265625 0.11171875 0.13828125
1 0.33125 0.21328125 0.08671875 0.09765625
1 0.634375 0.22265625 0.084375 0.103125
1 0.6609375 0.54609375 0.1046875 0.146875
1 0.82734375 0.4328125 0.10390625 0.13515625
1 0.846875 0.55234375 0.115625 0.1484375
1 0.5671875 0.68359375 0.10546875 0.16640625
1 0.478125 0.2125 0.078125 0.096875
1 0.2984375 0.40546875 0.10078125 0.1265625
1 0.396875 0.30078125 0.090625 0.1078125
1 0.5609375 0.3078125 0.0859375 0.11015625
1 0.75078125 0.55 0.10625 0.1484375
1 0.64921875 0.42109375 0.09453125 0.13203125
1 0.3609375 0.67109375 0.115625 0.16328125
1 0.77109375 0.6984375 0.11953125 0.16953125
1 0.471875 0.41171875 0.08984375 0.12578125
1 0.3765625 0.5296875 0.1015625 0.1390625
1 0.56484375 0.5390625 0.096875 0.14453125
1 0.16015625 0.6625 0.12265625 0.159375
1 0.259375 0.66875 0.1234375 0.16484375
1 0.8734375 0.70546875 0.12578125 0.17109375
1 0.4609375 0.67578125 0.103125 0.1640625
1 0.67109375 0.69375 0.11328125 0.17578125
1 0.45625 0.84609375 0.11484375 0.2015625
1 0.6859375 0.8609375 0.125 0.20546875
1 0.234375 0.83125 0.1328125 0.19296875
1 0.3453125 0.83828125 0.1234375 0.19609375
1 0.57109375 0.8546875 0.1140625 0.20390625
1 0.79609375 0.871875 0.13203125 0.20625
1 0.12421875 0.8296875 0.14453125 0.18984375
1 0.90546875 0.87734375 0.14140625 0.2078125
1 0.58484140625 0.0248986109375 0.58789609375 0.09465 0.6581648437500001 0.095102778125 0.651290625 0.024445832812500002 0.58484140625 0.0248986109375
1 0.6584195312500001 0.0960083328125 0.66554765625 0.17481805625 0.7391257812500001 0.17889444375000002 0.72792421875 0.0982736109375 0.6584195312500001 0.0960083328125