1 0.6578125 0.1328125 0.0671875 0.06796875
1 0.7359375 0.2015625 0.0765625 0.07265625
1 0.53515625 0.26953125 0.07421875 0.08125
1 0.6 0.2 0.06953125 0.07265625
1 0.4015625 0.13828125 0.06796875 0.06875
1 0.5296875 0.13203125 0.0640625 0.0640625
1 0.45703125 0.3484375 0.08125 0.09140625
1 0.3 0.3515625 0.0875 0.09140625
1 0.4625 0.2 0.06796875 0.0703125
1 0.38828125 0.27265625 0.078125 0.08515625
1 0.7703125 0.35625 0.09296875 0.09765625
1 0.615625 0.3515625 0.0828125 0.09140625
1 0.70859375 0.44921875 0.09296875 0.109375
1 0.275 0.1421875 0.075 0.06796875
1 0.68046875 0.271875 0.07890625 0.084375
1 0.54140625 0.44609375 0.0890625 0.109375
1 0.2015625 0.446875 0.09921875 0.1078125
1 0.634375 0.5578125 0.103125 0.12734375
1 0.36953125 0.44375 0.0921875 0.109375
1 0.24296875 0.278125 0.08359375 0.07890625
1 0.26484375 0.55234375 0.10703125 0.12578125
1 0.328125 0.2046875 0.07421875 0.06796875
1 0.815625 0.56484375 0.11015625 0.13359375
1 0.39765625 0.20546875 0.07578125 0.07734375
1 0.44921875 0.553125 0.09375 0.12421875
1 0.60859375 0.27265625 0.08046875 0.08671875
1 0.3140625 0.2765625 0.08515625 0.08671875
1 0.5484375 0.68515625 0.10546875 0.15078125
1 0.1796875 0.55390625 0.1109375 0.128125
1 0.459375 0.2703125 0.075 0.08515625
1 0.2859375 0.44375 0.09921875 0.1140625
1 0.38046875 0.35078125 0.08671875 0.09609375
1 0.5375 0.35 0.0828125 0.09609375
1 0.721875 0.55859375 0.1015625 0.1234375
1 0.7453125 0.6921875 0.1203125 0.15546875
1 0.34609375 0.678125 0.11328125 0.1484375
1 0.62578125 0.45 0.09453125 0.1171875
1 0.14453125 0.6828125 0.11953125 0.14609375
1 0.359375 0.55234375 0.103125 0.12734375
1 0.45390625 0.44296875 0.0875 0.1125
1 0.54375 0.55625 0.09453125 0.1328125
1 0.8421875 0.696875 0.12578125 0.15
1 0.2453125 0.6828125 0.1203125 0.15078125
1 0.6453125 0.69140625 0.10859375 0.15390625
1 0.44375 0.684375 0.1015625 0.14921875
1 0.4375 0.83671875 0.1140625 0.18046875
1 0.6625 0.84921875 0.125 0.18203125
1 0.2171875 0.834375 0.1328125 0.17734375
1 0.328125 0.83203125 0.1265625 0.1796875
1 0.55234375 0.84140625 0.11640625 0.18359375
1 0.76875 0.8515625 0.128125 0.190625
1 0.10859375 0.8359375 0.1421875 0.17734375
1 0.88203125 0.85859375 0.146875 0.1890625
1 0.7366867187499999 0.40279305625 0.7569609374999999 0.5067375000000001 0.8429960937500001 0.5073333328125 0.81755390625 0.40072916718749996 0.7366867187499999 0.40279305625
1 0.7083890625 0.2359416671875 0.7219375 0.3133986109375 0.7970328125 0.3129638890625 0.77721953125 0.23506944375 0.7083890625 0.2359416671875
1 0.6461078125 0.3107888890625 0.65687109375 0.39608055625 0.73734765625 0.40086805625000005 0.721203125 0.3125291671875 0.6461078125 0.3107888890625
1 0.6834390625 0.10413055625 0.6942453125 0.16814305624999998 0.76144453125 0.1671736109375 0.7449171875 0.10416805625 0.6834390625 0.10413055625
1 0.62888359375 0.16488055625 0.63630859375 0.23373333281250003 0.70677734375 0.23534861093749998 0.6946085937500001 0.166527778125 0.62888359375 0.16488055625
1 0.5591406250000001 0.10661805625000001 0.5626 0.1664513890625 0.62979921875 0.1664513890625 0.62198984375 0.10603055624999999 0.5591406250000001 0.10661805625000001
1 0.4967921875 0.16523611093749999 0.49762968750000003 0.233522221875 0.5666445312499999 0.2354611109375 0.56355703125 0.1663166671875 0.4967921875 0.16523611093749999
1 0.43525078125 0.108447221875 0.43227578125 0.17045 0.49779062500000004 0.168240278125 0.49763515625 0.1063736109375 0.43525078125 0.108447221875
1 0.31402109375 0.1155708328125 0.31402109375 0.1152958328125 0.30237734375 0.17799027812499998 0.36711640624999997 0.17357083281250002 0.37596562499999997 0.11198055625 0.31402109375 0.1155708328125
1 0.303775 0.1769013890625 0.2381046875 0.177177778125 0.221334375 0.2429111109375 0.29026796875 0.24042500000000003 0.303775 0.1769013890625
1 0.27451875000000003 0.3143791671875 0.20289687500000003 0.3147458328125 0.179684375 0.40310972187500005 0.25765937499999997 0.398109721875 0.27451875000000003 0.3143791671875