1 0.5421875 0.078125 0.0640625 0.06875
1 0.4140625 0.08125 0.06640625 0.07265625
1 0.7484375 0.14921875 0.08046875 0.07890625
1 0.6703125 0.078125 0.06796875 0.06875
1 0.6125 0.1484375 0.07109375 0.0765625
1 0.28515625 0.08515625 0.07265625 0.07421875
1 0.784375 0.3078125 0.09296875 0.09765625
1 0.5484375 0.22109375 0.075 0.08515625
1 0.4734375 0.30234375 0.07734375 0.09296875
1 0.40234375 0.22421875 0.07578125 0.08515625
1 0.27421875 0.15859375 0.0796875 0.08203125
1 0.47734375 0.14921875 0.06796875 0.07578125
1 0.69453125 0.2234375 0.0796875 0.08671875
1 0.25859375 0.2296875 0.0859375 0.084375
1 0.5578125 0.40078125 0.0890625 0.11015625
1 0.34140625 0.15390625 0.07265625 0.07421875
1 0.3875 0.39921875 0.0890625 0.10859375
1 0.3203125 0.30546875 0.0875 0.09296875
1 0.2421875 0.3109375 0.09453125 0.10234375
1 0.71953125 0.4046875 0.096875 0.11171875
1 0.628125 0.30625 0.08515625 0.09453125
1 0.46796875 0.50859375 0.09140625 0.1234375
1 0.54375 0.14921875 0.0703125 0.0796875
1 0.41015625 0.15234375 0.0734375 0.08203125
1 0.6484375 0.5140625 0.10078125 0.12734375
1 0.22109375 0.40234375 0.09609375 0.1109375
1 0.82578125 0.51953125 0.109375 0.13125
1 0.80234375 0.4078125 0.1 0.11875
1 0.33046875 0.22734375 0.08046875 0.08828125
1 0.28984375 0.50625 0.103125 0.128125
1 0.2015625 0.509375 0.1078125 0.128125
1 0.565625 0.6421875 0.1015625 0.14609375
1 0.475 0.22265625 0.07421875 0.08671875
1 0.73671875 0.5171875 0.10390625 0.13125
1 0.55546875 0.30234375 0.08125 0.09375
1 0.39765625 0.30703125 0.08515625 0.09765625
1 0.36796875 0.6375 0.1078125 0.1453125
1 0.75703125 0.6484375 0.11640625 0.14921875
1 0.3046875 0.403125 0.0984375 0.12109375
1 0.8546875 0.65078125 0.121875 0.14921875
1 0.63984375 0.40546875 0.09140625 0.11953125
1 0.37890625 0.5125 0.09609375 0.1296875
1 0.17421875 0.6359375 0.11796875 0.14375
1 0.271875 0.634375 0.11328125 0.14609375
1 0.46953125 0.4015625 0.08515625 0.11640625
1 0.5609375 0.5109375 0.09453125 0.12734375
1 0.4640625 0.6390625 0.096875 0.1453125
1 0.659375 0.6453125 0.10546875 0.14609375
1 0.46015625 0.790625 0.1109375 0.1765625
1 0.675 0.79765625 0.11796875 0.18046875
1 0.77890625 0.80390625 0.1265625 0.1796875
1 0.24609375 0.78671875 0.121875 0.1734375
1 0.3546875 0.78359375 0.11640625 0.17421875
1 0.56953125 0.79609375 0.109375 0.17890625
1 0.88828125 0.80703125 0.14140625 0.18203125
1 0.14296875 0.78984375 0.134375 0.17265625
1 0.72027109375 0.18495694375 0.7337625 0.265952778125 0.80816484375 0.2642486109375 0.789325 0.185284721875 0.72027109375 0.18495694375
1 0.6591359375 0.2605361109375 0.669259375 0.35286944375 0.7503671875 0.3545736109375 0.7347203125 0.26481666718749997 0.6591359375 0.2605361109375
1 0.5792375 0.182209721875 0.5846953125 0.262052778125 0.65990078125 0.2625013890625 0.65056328125 0.1839333328125 0.5792375 0.182209721875
1 0.6413484375 0.1127125 0.6498375000000001 0.1854583328125 0.7203796875 0.185075 0.7076515624999999 0.11292500000000001 0.6413484375 0.1127125
1 0.696865625 0.04845 0.70808359375 0.11369305625 0.77366328125 0.11139027812499999 0.76071953125 0.0476833328125 0.696865625 0.04845
1 0.5727515624999999 0.04899444375 0.5759195312500001 0.11252916718749999 0.642578125 0.1132958328125 0.63524375 0.0476708328125 0.5727515624999999 0.04899444375
1 0.44813671875 0.05068194375 0.44469843750000004 0.11518055625000001 0.509846875 0.1136458328125 0.5092 0.051090278125 0.44813671875 0.05068194375
1 0.32563984375 0.05484305625 0.31624296875 0.121084721875 0.38007421875 0.1191916671875 0.386634375 0.05295 0.32563984375 0.05484305625