1 0.8619270833333333 0.6985243055555556 0.08696759259259253 0.090625
1 0.7716319444444444 0.7697627314814814 0.09983796296296284 0.10358796296296298
1 0.9106770833333334 0.42280092592592594 0.09326388888888885 0.09241898148148149
1 0.8894155092592593 0.5609375 0.08678240740740754 0.084375
1 0.6004224537037037 0.780005787037037 0.12534722222222214 0.12170138888888893
1 0.6750578703703705 0.4471354166666666 0.11872685185185183 0.10896990740740727
1 0.7705671296296297 0.38428819444444445 0.11077546296296284 0.10399305555555553
1 0.8024305555555555 0.6258101851851852 0.09804398148148152 0.09571759259259256
1 0.6388541666666667 0.615480324074074 0.1203819444444445 0.11215277777777785
1 0.7081597222222222 0.6995370370370371 0.1124305555555555 0.10717592592592595
1 0.7408449074074074 0.5445891203703704 0.10755787037037035 0.10075231481481488
1 0.933431712962963 0.28695023148148147 0.09179398148148152 0.09548611111111108
1 0.8317592592592593 0.47879050925925926 0.09638888888888886 0.09253472222222214
1 0.5550520833333333 0.5202546296296295 0.13784722222222215 0.1221643518518519
1 0.5131249999999999 0.6973958333333334 0.1395949074074075 0.12847222222222215
1 0.5947048611111111 0.3408564814814815 0.13789351851851847 0.12372685185185191
1 0.713599537037037 0.19988425925925926 0.1348148148148148 0.12517361111111108
1 0.6281539351851851 0.1601273148148148 0.13646990740740747 0.1283564814814815
1 0.7049189814814815 0.28214699074074073 0.12203703703703699 0.11533564814814809
1 0.8539872685185186 0.334375 0.0917476851851852 0.09392361111111107
1 0.7969328703703704 0.23191550925925924 0.1061805555555555 0.10694444444444447
1 0.46245370370370364 0.4058449074074074 0.15531250000000013 0.13217592592592595
1 0.8170833333333333 0.5526909722222222 0.0995601851851852 0.09421296296296297
1 0.7213888888888889 0.6217881944444444 0.11560185185185183 0.10885416666666678
1 0.8408738425925926 0.40821759259259255 0.1045254629629632 0.10376157407407405
1 0.7821412037037037 0.30972222222222223 0.1156944444444445 0.1119791666666666
1 0.49090856481481476 0.7887442129629629 0.15076388888888878 0.13668981481481488
1 0.36898726851851854 0.7948206018518519 0.16841435185185177 0.15295138888888893
1 0.7573148148148148 0.46281828703703703 0.11394675925925916 0.1056712962962962
1 0.6899421296296296 0.3662037037037037 0.12828703703703698 0.11556712962962959
1 0.5216608796296296 0.11958912037037037 0.16197916666666662 0.1464699074074074
1 0.5033506944444445 0.21079282407407404 0.15880787037037045 0.1447916666666666
1 0.3008564814814815 0.48674768518518513 0.18224537037037036 0.14565972222222215
1 0.416869212962963 0.6010706018518519 0.16335648148148146 0.14027777777777786
1 0.6114525462962963 0.24971064814814814 0.1491087962962963 0.13350694444444447
1 0.6561516203703703 0.5321180555555556 0.1219444444444445 0.1122106481481481
1 0.3913888888888889 0.6972222222222222 0.1634490740740741 0.14340277777777785
1 0.24858217592592596 0.697048611111111 0.1953009259259259 0.1648726851851851
1 0.3516608796296296 0.27337962962962964 0.18721064814814808 0.1552083333333333
1 0.4817534722222222 0.3075810185185185 0.1633101851851851 0.13871527777777776
1 0.2205034722222222 0.801880787037037 0.19236111111111107 0.17100694444444464
1 0.5328819444444445 0.6100405092592592 0.14579861111111114 0.12714120370370363
1 0.3705034722222222 0.1642071759259259 0.19534722222222226 0.1664351851851852
1 0.39145833333333335 0.07173032407407406 0.18583333333333335 0.14346064814814813
1 0.5772916666666668 0.428125 0.13931712962962947 0.11909722222222215
1 0.43924768518518514 0.5042534722222222 0.1568287037037038 0.1306712962962962
1 0.2719965277777778 0.5916087962962963 0.1903356481481481 0.15532407407407406
1 0.3267534722222222 0.3765335648148148 0.18215277777777777 0.14253472222222224
1 0.16460648148148146 0.3442997685185185 0.2187384259259259 0.16574074074074083
1 0.10935474537037038 0.581394675925926 0.21870949074074075 0.17540509259259274
1 0.09487847222222222 0.6953703703703704 0.18975694444444444 0.18738425925925917
1 0.21752893518518518 0.1121238425925926 0.21934027777777781 0.18605324074074076
1 0.19137731481481485 0.23093171296296297 0.2174074074074074 0.1734953703703704
1 0.13523726851851853 0.4663483796296296 0.22186342592592592 0.1658564814814815
1 0.08078125 0.8138020833333334 0.1615625 0.2067708333333332
1 0.2383622685185185 0.04754050925925926 0.21702546296296302 0.09508101851851852
1 0.6758297546875001 0.6565339234375 0.5796495078125 0.6517821125000001 0.5579583 0.7374917546875001 0.6564463171875 0.7342324296875 0.6758297546875001 0.6565339234375
1 0.7424702984375 0.733855840625 0.656477440625 0.735640203125 0.6392332625 0.8160348562499999 0.7265101125 0.808477371875 0.7424702984375 0.733855840625
1 0.8316169484374999 0.6610210875 0.757647459375 0.6583262234375 0.741240034375 0.7338665234375 0.8185182828125 0.731319165625 0.8316169484374999 0.6610210875
1 0.8839099031250001 0.7309210187499999 0.816805821875 0.7319435046875 0.8038329031250001 0.8026544156250001 0.8707060640625001 0.7991325515625001 0.8839099031250001 0.7309210187499999
1 0.9127366640625001 0.597738246875 0.8448484296875 0.5908628421875 0.831445909375 0.6617298140625001 0.897733846875 0.6643835953125 0.9127366640625001 0.597738246875
1 0.9324215015625 0.4645412765625 0.8700784718750001 0.45117868593750005 0.8583327125 0.5199833484374999 0.9241197624999999 0.53094609375 0.9324215015625 0.4645412765625
1 0.954071328125 0.3353198234375 0.891095965625 0.311487290625 0.8803268796875001 0.380262353125 0.941602346875 0.39842495 0.954071328125 0.3353198234375
1 0.9026860015624999 0.2425586890625 0.839279415625 0.21410565781250002 0.825997759375 0.2870489296875 0.8901015078125001 0.311503040625 0.9026860015624999 0.2425586890625