1 0.03439236111111112 0.567042824074074 0.06878472222222223 0.08408564814814809
1 0.05997685185185185 0.7002604166666666 0.08721064814814816 0.08912037037037024
1 0.05362847222222222 0.3373263888888889 0.1030902777777778 0.10688657407407405
1 0.020555555555555556 0.4336805555555555 0.04111111111111111 0.08923611111111107
1 0.08358796296296298 0.47835648148148147 0.09824074074074074 0.09577546296296298
1 0.09079861111111112 0.8358506944444445 0.09357638888888889 0.0971643518518519
1 0.21179398148148149 0.2665798611111111 0.1252199074074074 0.12488425925925925
1 0.1742650462962963 0.5309606481481481 0.10773148148148151 0.10393518518518512
1 0.2757291666666667 0.5941261574074075 0.11715277777777774 0.10740740740740726
1 0.20953125 0.683130787037037 0.10773148148148151 0.10393518518518512
1 0.16982060185185185 0.8309606481481481 0.10621527777777776 0.10700231481481488
1 0.11430555555555558 0.6209780092592593 0.09663194444444442 0.09259259259259256
1 0.14369791666666668 0.37818287037037035 0.11090277777777775 0.10717592592592595
1 0.24716435185185187 0.8338252314814815 0.11101851851851849 0.11498842592592595
1 0.3594270833333334 0.4846643518518519 0.13925925925925925 0.12384259259259274
1 0.1505150462962963 0.7622395833333334 0.09513888888888893 0.09722222222222214
1 0.39585069444444443 0.664236111111111 0.13613425925925923 0.12372685185185191
1 0.3140162037037037 0.753443287037037 0.12043981481481483 0.11846064814814809
1 0.3362615740740741 0.8347800925925926 0.13151620370370373 0.12824074074074082
1 0.3275520833333333 0.31464120370370374 0.1409375 0.13171296296296298
1 0.24454282407407407 0.43038194444444444 0.1203935185185185 0.11533564814814809
1 0.4912326388888889 0.5575520833333333 0.15182870370370374 0.12899305555555554
1 0.09972222222222223 0.5500868055555556 0.09980324074074076 0.09583333333333321
1 0.13359953703703703 0.690480324074074 0.10453703703703701 0.09913194444444447
1 0.4573032407407408 0.36791087962962965 0.15824074074074074 0.14016203703703703
1 0.43705439814814817 0.8377314814814815 0.14093750000000008 0.13171296296296298
1 0.42333912037037036 0.18061342592592594 0.16462962962962954 0.14976851851851852
1 0.3116377314814815 0.22806712962962963 0.1488194444444444 0.1366898148148148
1 0.22952546296296297 0.7581307870370371 0.11248842592592592 0.1087962962962962
1 0.5298842592592592 0.7450231481481482 0.15984953703703705 0.14334490740740743
1 0.5527488425925926 0.8373263888888889 0.16150462962962955 0.14965277777777786
1 0.6088368055555555 0.42824074074074076 0.1786689814814814 0.14872685185185192
1 0.19188078703703706 0.6082175925925926 0.10924768518518517 0.10086805555555571
1 0.43993055555555555 0.2742476851851852 0.16456018518518523 0.1450810185185185
1 0.2574594907407407 0.5082465277777779 0.11878472222222225 0.11215277777777785
1 0.29723958333333333 0.6723090277777778 0.12195601851851859 0.1153935185185185
1 0.6495196759259259 0.636892361111111 0.18032407407407405 0.15503472222222214
1 0.5735185185185185 0.2268229166666667 0.18515046296296306 0.1645833333333334
1 0.4180266203703704 0.7502604166666667 0.15038194444444458 0.1367476851851853
1 0.5539409722222223 0.12369791666666666 0.18678240740740754 0.16932870370370373
1 0.34585648148148146 0.3981770833333333 0.14870370370370373 0.12887731481481488
1 0.5156597222222222 0.6499131944444445 0.15975694444444458 0.13709490740740743
1 0.6910648148148149 0.8401041666666667 0.1788773148148149 0.1627893518518519
1 0.6675578703703704 0.7383969907407407 0.18195601851851856 0.15978009259259257
1 0.38071759259259264 0.5776909722222222 0.14392361111111107 0.12245370370370363
1 0.473917824074074 0.4599826388888889 0.15658564814814824 0.13385416666666677
1 0.6291377314814814 0.5353009259259259 0.1770138888888889 0.1424189814814815
1 0.5923148148148148 0.32991898148148147 0.1802777777777777 0.15190972222222215
1 0.7882060185185186 0.5091435185185185 0.21327546296296304 0.165625
1 0.7477893518518519 0.28252314814814816 0.21964120370370352 0.1736689814814815
1 0.7314409722222223 0.17248263888888887 0.21975694444444435 0.1814814814814815
1 0.8325520833333332 0.7343460648148148 0.21185185185185204 0.17494212962962957
1 0.8053009259259258 0.621556712962963 0.21180555555555572 0.17181712962962958
1 0.7696064814814815 0.39276620370370374 0.21483796296296304 0.1656828703703704
1 0.7084490740740741 0.08877314814814816 0.2237268518518519 0.13321759259259258
1 0.8591030092592593 0.8416377314814815 0.2151851851851852 0.18912037037037024
1 0.0975601578125 0.3586450875 0.179125146875 0.32816203593750004 0.1606381953125 0.250516203125 0.082396421875 0.2861956140625 0.0975601578125 0.3586450875
1 0.1902252375 0.40747954999999997 0.284387734375 0.378239478125 0.26795483125 0.2928772296875 0.1777234828125 0.32738725625 0.1902252375 0.40747954999999997
1 0.1263600171875 0.50703288125 0.2085249578125 0.4852033390625 0.1921060875 0.40628132812500006 0.1121439796875 0.43192037968749997 0.1263600171875 0.50703288125
1 0.039827990625 0.45594853906250005 0.1138997109375 0.43237348124999997 0.0976590734375 0.358507440625 0.025161542187500004 0.3864057359375 0.039827990625 0.45594853906250005
1 0 0.39562141562500003 0.0258667109375 0.38579791406249997 0.008735678125 0.3175208953125 0 0.3211481328125 0 0.39562141562500003
1 0 0.5379257046875 0.05432859375 0.5245690875 0.040161114062499996 0.45454187187499995 0 0.4671064703125 0 0.5379257046875
1 0.0184271625 0.67099081875 0.086563525 0.6615820859375 0.0703315109375 0.5936021499999999 0.0051418578125 0.6069009875 0.0184271625 0.67099081875
1 0.05027986875 0.7985543671875 0.121574734375 0.7950398546875 0.10526424062499999 0.728512909375 0.034606360937500004 0.7350009125 0.05027986875 0.7985543671875