1 0.6609375 0.1015625 0.06953125 0.06796875
1 0.73984375 0.1703125 0.0796875 0.07734375
1 0.4 0.11328125 0.06953125 0.07265625
1 0.5296875 0.10390625 0.065625 0.0671875
1 0.77421875 0.328125 0.09296875 0.0984375
1 0.45625 0.32734375 0.0828125 0.0953125
1 0.384375 0.2515625 0.0796875 0.0875
1 0.60234375 0.17109375 0.07265625 0.07578125
1 0.61640625 0.3265625 0.08515625 0.09609375
1 0.684375 0.24453125 0.08203125 0.0875
1 0.5359375 0.2453125 0.07734375 0.084375
1 0.27109375 0.11953125 0.07578125 0.06953125
1 0.4625 0.175 0.0703125 0.07578125
1 0.54140625 0.42421875 0.090625 0.1109375
1 0.71015625 0.4265625 0.09765625 0.11171875
1 0.36953125 0.42421875 0.09296875 0.11015625
1 0.2234375 0.34296875 0.09296875 0.1078125
1 0.19921875 0.43046875 0.09765625 0.109375
1 0.3 0.334375 0.0890625 0.096875
1 0.3265625 0.18359375 0.075 0.07109375
1 0.240625 0.2578125 0.0828125 0.0828125
1 0.45 0.53359375 0.09765625 0.12578125
1 0.53203125 0.1734375 0.071875 0.07890625
1 0.61015625 0.24765625 0.08203125 0.09140625
1 0.396875 0.18125 0.078125 0.08125
1 0.3140625 0.25625 0.0859375 0.09140625
1 0.79765625 0.428125 0.103125 0.12109375
1 0.82109375 0.540625 0.11484375 0.13515625
1 0.459375 0.246875 0.078125 0.090625
1 0.37890625 0.33046875 0.08671875 0.103125
1 0.17734375 0.53828125 0.11015625 0.13046875
1 0.2640625 0.53671875 0.10859375 0.1265625
1 0.54765625 0.6671875 0.1046875 0.15
1 0.63515625 0.5359375 0.10390625 0.13203125
1 0.28359375 0.42734375 0.10078125 0.11953125
1 0.5375 0.32734375 0.08359375 0.096875
1 0.72734375 0.53984375 0.10546875 0.13203125
1 0.7484375 0.6734375 0.12109375 0.15859375
1 0.34296875 0.66484375 0.11328125 0.153125
1 0.35625 0.5359375 0.1015625 0.13203125
1 0.84921875 0.67734375 0.1265625 0.15625
1 0.6265625 0.42578125 0.09296875 0.1171875
1 0.23984375 0.6703125 0.12265625 0.15859375
1 0.14296875 0.67109375 0.12265625 0.15078125
1 0.453125 0.42265625 0.08671875 0.11328125
1 0.54375 0.5359375 0.0953125 0.12734375
1 0.6484375 0.67265625 0.1109375 0.15546875
1 0.4421875 0.66640625 0.1015625 0.1515625
1 0.4359375 0.825 0.115625 0.18203125
1 0.6625 0.83046875 0.12421875 0.1890625
1 0.7734375 0.83671875 0.13515625 0.19296875
1 0.21484375 0.8234375 0.134375 0.17890625
1 0.328125 0.82265625 0.1234375 0.18046875
1 0.55234375 0.8265625 0.115625 0.18515625
1 0.8875 0.84140625 0.153125 0.19609375
1 0.1078125 0.8265625 0.14375 0.1796875
1 0.6489976562499999 0.2832458328125 0.65863515625 0.373875 0.74069609375 0.376325 0.72334765625 0.28520555625 0.6489976562499999 0.2832458328125
1 0.71046875 0.20510555625000002 0.7246390625 0.284884721875 0.8011593749999999 0.2842916671875 0.7814875 0.2045125 0.71046875 0.20510555625000002
1 0.6304328124999999 0.137115278125 0.638728125 0.2066166671875 0.7106578125 0.20625 0.6970546875 0.1347513890625 0.6304328124999999 0.137115278125
1 0.68716171875 0.0738861109375 0.6978789062499999 0.13621805625 0.7648625 0.13365138906250001 0.751878125 0.07205277812500001 0.68716171875 0.0738861109375
1 0.560359375 0.07462638906249999 0.5639203125 0.1393263890625 0.63111015625 0.13712777812500002 0.62389609375 0.07479444375 0.560359375 0.07462638906249999
1 0.43487578125 0.083890278125 0.43165703125 0.1447666671875 0.49670703125 0.14145138906250002 0.49721484374999997 0.0778625 0.43487578125 0.083890278125
1 0.312765625 0.0904986109375 0.30000078124999996 0.154134721875 0.36488125 0.149915278125 0.37267421875 0.0890388890625 0.312765625 0.0904986109375
1 0.234859375 0.1576208328125 0.21790390624999997 0.2226166671875 0.2869875 0.219875 0.30016015625 0.1550583328125 0.234859375 0.1576208328125