1 0.9188078703703704 0.6266840277777778 0.08606481481481473 0.08305555555555558
1 0.8927719907407408 0.3663888888888889 0.08900462962962977 0.08000000000000007
1 0.9070081018518519 0.49578124999999995 0.08100694444444442 0.076701388888889
1 0.8511689814814816 0.7120138888888888 0.09755787037037038 0.09267361111111114
1 0.8412557870370371 0.5756770833333333 0.09406249999999972 0.08635416666666665
1 0.7454340277777778 0.3709375 0.10537037037037038 0.09284722222222222
1 0.6913078703703703 0.7694791666666667 0.12045138888888882 0.11034722222222229
1 0.878582175925926 0.2362152777777778 0.0860648148148151 0.08305555555555558
1 0.8299189814814815 0.4369618055555556 0.09222222222222207 0.0816319444444444
1 0.6733854166666667 0.45147569444444446 0.11171296296296304 0.09454861111111121
1 0.6827835648148148 0.6097048611111111 0.11355324074074069 0.09927083333333328
1 0.7609027777777778 0.5191319444444444 0.10206018518518523 0.08965277777777772
1 0.771730324074074 0.6664409722222222 0.10390046296296304 0.09437500000000014
1 0.656724537037037 0.2969965277777778 0.11070601851851851 0.10388888888888888
1 0.5889872685185186 0.7140104166666668 0.13313657407407398 0.11374999999999993
1 0.5682233796296297 0.3779513888888889 0.129826388888889 0.11055555555555552
1 0.8129282407407408 0.30125 0.09259259259259274 0.08788194444444439
1 0.729826388888889 0.22508680555555557 0.10114583333333335 0.10055555555555555
1 0.5791782407407406 0.5495138888888889 0.12964120370370366 0.10743055555555543
1 0.4617476851851851 0.4718055555555555 0.14407407407407397 0.1139930555555555
1 0.8197916666666668 0.37024305555555553 0.09884259259259238 0.0880208333333333
1 0.5932233796296297 0.8009375000000001 0.13810185185185198 0.1185416666666665
1 0.4800636574074074 0.8359722222222222 0.15281249999999993 0.12979166666666658
1 0.47131944444444446 0.6535069444444445 0.14766203703703712 0.121875
1 0.5515682870370371 0.21017361111111113 0.13157407407407415 0.11371527777777776
1 0.7364120370370371 0.29876736111111113 0.10730324074074069 0.09913194444444447
1 0.4498321759259259 0.2900520833333333 0.1494097222222223 0.12503472222222226
1 0.7528472222222222 0.44385416666666666 0.10518518518518523 0.08972222222222222
1 0.441875 0.19991319444444444 0.14968749999999992 0.1297222222222222
1 0.3360995370370371 0.5855729166666667 0.16668981481481476 0.12697916666666664
1 0.47762152777777783 0.7451736111111111 0.15262731481481495 0.12666666666666657
1 0.6772106481481481 0.5321354166666666 0.11502314814814803 0.09774305555555554
1 0.5575983796296297 0.29322916666666665 0.13791666666666663 0.11541666666666668
1 0.3236400462962963 0.3865972222222222 0.17018518518518527 0.13329861111111113
1 0.6655613425925926 0.37229166666666663 0.11530092592592603 0.10243055555555554
1 0.5822222222222223 0.63015625 0.13598379629629634 0.10913194444444443
1 0.3434143518518519 0.7789583333333333 0.17368055555555556 0.13961805555555565
1 0.45287037037037037 0.3839930555555555 0.15050925925925931 0.1172569444444445
1 0.34851851851851856 0.8776388888888889 0.17717592592592596 0.14593750000000014
1 0.31545717592592587 0.28706597222222224 0.17368055555555556 0.13961805555555556
1 0.30796296296296294 0.18911458333333334 0.17064814814814816 0.14111111111111113
1 0.5733796296296296 0.4625520833333333 0.1325810185185185 0.10437499999999993
1 0.46644097222222225 0.56421875 0.1473842592592593 0.1171875
1 0.3395949074074074 0.6849999999999999 0.17478009259259258 0.1318402777777777
1 0.3288831018518519 0.4829340277777778 0.16622685185185188 0.11916666666666664
1 0.17391203703703703 0.49748263888888894 0.20024305555555552 0.14020833333333335
1 0.18038773148148152 0.7182291666666666 0.2072337962962963 0.15284722222222236
1 0.17983796296296298 0.6086979166666667 0.20327546296296295 0.13871527777777787
1 0.15934606481481484 0.28125 0.1994212962962963 0.1526736111111111
1 0.18668402777777776 0.8231944444444445 0.20751157407407406 0.15753472222222237
1 0.16692708333333334 0.3909375 0.20061342592592593 0.14645833333333336
1 0.18912037037037038 0.9234201388888887 0.21863425925925925 0.15315972222222243
1 0.14601851851851852 0.17612847222222222 0.20328703703703704 0.16524305555555557
1 0.6405465203125 0.7385171374999999 0.7334613890624999 0.7112040328125 0.7278655828125 0.6368077671875 0.637893146875 0.657741975 0.6405465203125 0.7385171374999999
1 0.7380240437500001 0.7888595015625001 0.8176624984374999 0.75779435625 0.8124734453125001 0.6884179671874999 0.733110521875 0.7122104265625 0.7380240437500001 0.7888595015625001
1 0.72704760625 0.637385959375 0.8083950828124999 0.6167393015625 0.8010062375 0.5468973218750001 0.72180266875 0.5619833 0.72704760625 0.637385959375
1 0.89122860625 0.7325965234375 0.95908449375 0.71087883125 0.9506408484375 0.6493653984375001 0.8859404937500001 0.6673341453125 0.89122860625 0.7325965234375
1 0.8817824546875 0.6000087203125 0.9459360218749999 0.585965015625 0.9386209843750001 0.521610615625 0.8755214828125 0.53341306875 0.8817824546875 0.6000087203125
1 0.8128089609375 0.687981953125 0.8871674265625 0.6664664609375001 0.8792124125 0.6003102921875 0.8083797296874999 0.617309678125 0.8128089609375 0.687981953125
1 0.8015105515625001 0.5467597765625001 0.8765469609375 0.5336110125 0.8716097140624999 0.46734224218750003 0.8709967328125 0.46741097031249995 0.7958156859375001 0.47647752031249996 0.8015105515625001 0.5467597765625001
1 0.8688440249999999 0.4665192203125 0.9329973828125 0.4599829890625 0.9267504234375 0.39605184375 0.8607095515625 0.4012229828125 0.8688440249999999 0.4665192203125
1 0.8513464624999999 0.33608450625 0.9177057671875 0.33484324375 0.91239855625 0.2741693 0.8439169062499999 0.2707055515625 0.8513464624999999 0.33608450625
1 0.7715591640625 0.268088475 0.8446218234374999 0.2706228359375 0.8384030125 0.20493627499999997 0.7621132640625 0.1997721703125 0.7715591640625 0.268088475
1 0.6057248421875 0.2583919640625 0.695086703125 0.2634967921875 0.6872227234375 0.1891339640625 0.5949992468749999 0.18046725624999999 0.6057248421875 0.2583919640625