1 0.061041666666666675 0.334375 0.07555555555555556 0.07999999999999999
1 0.0677662037037037 0.6096875 0.07865740740740741 0.07708333333333321
1 0.06284143518518519 0.4719270833333333 0.07238425925925926 0.07354166666666657
1 0.13623842592592592 0.26052083333333337 0.08497685185185185 0.08687500000000004
1 0.13651041666666666 0.40265625 0.08337962962962964 0.08208333333333329
1 0.2202025462962963 0.63234375 0.09435185185185188 0.0875
1 0.30546875 0.23119791666666667 0.1069907407407407 0.10708333333333328
1 0.07267939814814814 0.7458854166666666 0.07555555555555556 0.08000000000000007
1 0.13758680555555555 0.54796875 0.08178240740740739 0.07729166666666672
1 0.30011574074074077 0.5627083333333334 0.09905092592592588 0.08937500000000007
1 0.3020138888888889 0.39729166666666665 0.10064814814814813 0.09416666666666665
1 0.21513888888888885 0.4758333333333333 0.09121527777777771 0.0857291666666665
1 0.21478587962962964 0.32276041666666666 0.09281249999999996 0.09052083333333334
1 0.3060011574074074 0.7247395833333333 0.09756944444444446 0.10020833333333332
1 0.4067708333333333 0.30822916666666667 0.1194907407407408 0.10791666666666674
1 0.40311921296296294 0.65859375 0.11634259259259264 0.10458333333333325
1 0.14489004629629632 0.6905729166666668 0.0818402777777778 0.08510416666666672
1 0.22523726851851852 0.7849479166666666 0.08818287037037038 0.09802083333333336
1 0.4049189814814815 0.4798958333333333 0.11788194444444447 0.1015625
1 0.520457175925926 0.5813020833333333 0.13040509259259245 0.10552083333333329
1 0.14358217592592593 0.6194270833333333 0.08809027777777775 0.08552083333333335
1 0.4092245370370371 0.21781250000000002 0.1257638888888888 0.1114583333333333
1 0.528587962962963 0.203125 0.13833333333333328 0.12166666666666667
1 0.5237442129629629 0.39255208333333336 0.13516203703703694 0.11520833333333336
1 0.40754629629629624 0.8345833333333333 0.11637731481481488 0.10927083333333343
1 0.2238888888888889 0.7083333333333334 0.09596064814814813 0.09385416666666657
1 0.5187442129629629 0.77171875 0.13518518518518513 0.11833333333333336
1 0.2172858796296296 0.5548437500000001 0.09432870370370372 0.084375
1 0.5194444444444445 0.8662500000000002 0.13208333333333327 0.12124999999999986
1 0.6579803240740741 0.4881770833333333 0.15393518518518512 0.11958333333333329
1 0.5246006944444443 0.29734375 0.13674768518518512 0.11843749999999993
1 0.3026157407407407 0.47854166666666664 0.10376157407407405 0.09281249999999996
1 0.40768518518518515 0.7479166666666667 0.1257523148148149 0.10989583333333339
1 0.6563946759259259 0.6957812499999999 0.15396990740740754 0.12427083333333329
1 0.3022916666666667 0.6456250000000001 0.1022337962962963 0.09739583333333321
1 0.4074131944444444 0.3949479166666666 0.12256944444444447 0.10187500000000008
1 0.6650810185185185 0.28718750000000004 0.15712962962962962 0.1291666666666666
1 0.5227083333333333 0.6743750000000001 0.1382407407407406 0.1091666666666665
1 0.6666666666666666 0.185 0.16031249999999986 0.13718750000000002
1 0.6571701388888889 0.80046875 0.15712962962962962 0.1291666666666668
1 0.6563599537037037 0.9019270833333334 0.1524652777777778 0.1319791666666667
1 0.40403356481481484 0.5711979166666667 0.1194212962962963 0.09854166666666657
1 0.5220949074074074 0.48614583333333333 0.1319907407407408 0.10875000000000004
1 0.6626851851851852 0.38541666666666663 0.1586458333333333 0.12302083333333327
1 0.6579918981481482 0.5951562499999999 0.15387731481481487 0.11177083333333329
1 0.8189641203703705 0.6105729166666667 0.18681712962962962 0.13114583333333343
1 0.8289814814814814 0.38166666666666665 0.19157407407407412 0.1408333333333333
1 0.8212268518518518 0.49437499999999995 0.18835648148148146 0.128125
1 0.8175115740740739 0.8361458333333334 0.18378472222222228 0.14343749999999994
1 0.8297337962962963 0.27239583333333334 0.19162037037037044 0.14708333333333332
1 0.8182233796296297 0.72140625 0.18685185185185169 0.13583333333333342
1 0.8359143518518518 0.15802083333333333 0.19798611111111128 0.16312500000000002
1 0.8230208333333333 0.9346875000000001 0.18543981481481495 0.13062499999999985
1 0.2581199890625 0.361179015625 0.3524680171875 0.3567146609375 0.3558540671875 0.272903975 0.2579889578125 0.2833869859375 0.2581199890625 0.361179015625
1 0.1748007265625 0.29184745 0.2584269734375 0.28241585156250004 0.25917011093750003 0.2024303109375 0.1747086203125 0.21930998124999998 0.1748007265625 0.29184745
1 0.1758980359375 0.439984265625 0.25870015625 0.43950156875 0.25900714062499997 0.36073840625 0.17357323125 0.36654790625 0.1758980359375 0.439984265625
1 0.02939060625 0.3058241671875 0.09745839843750001 0.29960779843749996 0.096952371875 0.231294365625 0.025347109375 0.240776490625 0.02939060625 0.3058241671875
1 0.032100971875 0.43986906875000004 0.098050965625 0.43970745625 0.0966429671875 0.3698338046875 0.029436376562499998 0.3721062484375 0.032100971875 0.43986906875000004
1 0.0993155328125 0.37001197656249996 0.1736322859375 0.3659625828125 0.174421765625 0.292233259375 0.0961276734375 0.300269128125 0.0993155328125 0.37001197656249996
1 0.09771390156250001 0.5086384796875 0.1759126125 0.513598121875 0.17536766406249998 0.440030128125 0.097008696875 0.43930811875 0.097076709375 0.5085926859375001 0.09771390156250001 0.5086384796875
1 0.034823834375 0.5716207453125 0.1033038140625 0.5788580578125 0.099865759375 0.5099679187499999 0.033228350000000004 0.5044977390625001 0.034823834375 0.5716207453125
1 0.0403835296875 0.700053328125 0.110725540625 0.716660621875 0.10802052343749999 0.6478193515624999 0.0395100734375 0.6364684406250001 0.0403835296875 0.700053328125
1 0.111425928125 0.7855398078125 0.18968921562500002 0.8053869468749999 0.1851279640625 0.7331325078125001 0.1099925015625 0.7166117515625 0.111425928125 0.7855398078125
1 0.2660950578125 0.83061334375 0.36052055312500003 0.8571056953125 0.3553681234375 0.7746982671875 0.26362300781250003 0.7524240718749999 0.2660950578125 0.83061334375