1 0.8252083333333333 0.2269328703703704 0.08322916666666665 0.08440972222222225
1 0.74609375 0.1661689814814815 0.08989583333333329 0.09415509259259261
1 0.7046875 0.3790046296296296 0.09763888888888897 0.09305555555555553
1 0.7651215277777779 0.2990625 0.08798611111111114 0.08624999999999998
1 0.8536631944444444 0.4808217592592593 0.08322916666666665 0.08440972222222225
1 0.8430208333333333 0.3521064814814815 0.079965277777778 0.0810995370370371
1 0.6357465277777778 0.47503472222222226 0.10892361111111111 0.10151620370370366
1 0.6529861111111112 0.630630787037037 0.11239583333333343 0.109513888888889
1 0.7832291666666666 0.4351273148148148 0.08635416666666665 0.08459490740740741
1 0.7207812499999999 0.525318287037037 0.10253472222222229 0.09802083333333336
1 0.5870659722222222 0.16780092592592594 0.11736111111111107 0.11604166666666664
1 0.6114756944444444 0.3198553240740741 0.10906249999999992 0.10464120370370367
1 0.5015625 0.25078703703703703 0.12836805555555558 0.11825231481481477
1 0.8660416666666666 0.6055381944444445 0.08513888888888879 0.09231481481481474
1 0.6822048611111111 0.2361863425925926 0.10111111111111111 0.1010532407407407
1 0.5262326388888889 0.4145138888888889 0.12979166666666658 0.11521990740740744
1 0.5697916666666666 0.7493229166666666 0.1302083333333332 0.12459490740740745
1 0.40133680555555556 0.34945023148148147 0.14923611111111104 0.13195601851851854
1 0.5506597222222223 0.5837094907407407 0.12836805555555558 0.11825231481481477
1 0.7338541666666666 0.6694733796296296 0.09805555555555542 0.10243055555555572
1 0.4561111111111112 0.7124247685185185 0.15100694444444435 0.13673611111111122
1 0.7960069444444444 0.5683912037037038 0.08506944444444428 0.09075231481481474
1 0.37100694444444443 0.1728125 0.15746527777777777 0.14179398148148148
1 0.7865972222222222 0.4996006944444445 0.09458333333333328 0.09443287037037038
1 0.4306770833333333 0.5308217592592592 0.14413194444444438 0.12230324074074073
1 0.6922916666666666 0.30727430555555557 0.10423611111111111 0.10123842592592594
1 0.7268923611111111 0.5982002314814815 0.10600694444444443 0.10601851851851851
1 0.2856076388888889 0.46383680555555556 0.17458333333333337 0.14124999999999996
1 0.46486111111111106 0.7960590277777777 0.15277777777777785 0.14151620370370388
1 0.7138194444444445 0.4540451388888888 0.10083333333333329 0.09480324074074069
1 0.5618229166666666 0.6656423611111111 0.13652777777777772 0.12652777777777774
1 0.64328125 0.5509490740740741 0.11552083333333343 0.10969907407407398
1 0.6236979166666667 0.3954918981481481 0.11381944444444443 0.10648148148148148
1 0.38960069444444445 0.26287615740740744 0.14611111111111114 0.1317708333333334
1 0.25288194444444445 0.27097800925925924 0.18152777777777782 0.15724537037037037
1 0.3196875 0.6612905092592593 0.1734375 0.15053240740740748
1 0.5111979166666666 0.33203125 0.13788194444444457 0.12193287037037041
1 0.3404166666666667 0.86109375 0.17201388888888883 0.15356481481481482
1 0.44390625000000006 0.6188657407407407 0.14930555555555552 0.13351851851851854
1 0.5411631944444444 0.4993402777777778 0.13135416666666658 0.11531249999999993
1 0.41527777777777775 0.43901041666666674 0.1536458333333334 0.1259837962962962
1 0.23520833333333332 0.17774305555555556 0.17868055555555556 0.1633101851851852
1 0.3268923611111111 0.7621585648148148 0.17840277777777783 0.1570601851851851
1 0.26640625 0.3699131944444445 0.17940972222222218 0.1446527777777778
1 0.29973958333333334 0.5666319444444444 0.17131944444444444 0.13793981481481482
1 0.14828125 0.6083333333333334 0.20489583333333333 0.15707175925925937
1 0.10576388888888888 0.3903414351851852 0.21006944444444442 0.168287037037037
1 0.17914930555555558 0.825457175925926 0.2056597222222222 0.1742592592592594
1 0.16692708333333334 0.7147569444444445 0.2070138888888889 0.16966435185185186
1 0.12753472222222223 0.49657986111111113 0.20979166666666668 0.16203703703703703
1 0.1 0.28520254629629627 0.2 0.17334490740740743
1 0.19149305555555554 0.9158912037037037 0.20625 0.15247685185185206
1 0.08861111111111111 0.17509837962962962 0.17722222222222223 0.19042824074074077
1 0.5354062453124999 0.13188675625 0.4250691046875 0.13182954687499998 0.4369648546875 0.2164596921875 0.543953859375 0.21204894218749998 0.5354062453124999 0.13188675625
1 0.7069716859375 0.13276189375 0.62618900625 0.13151511093749998 0.635613840625 0.205608075 0.71513474375 0.2007847875 0.7069716859375 0.13276189375
1 0.6365829171875 0.2061276640625 0.5457991453125 0.2109460921875 0.561172046875 0.2891159625 0.64819075 0.2797103453125 0.6365829171875 0.2061276640625
1 0.8425962406249999 0.1338779078125 0.7771886968749999 0.1323755984375 0.785039965625 0.1988140421875 0.8507068921875 0.1944431484375 0.8425962406249999 0.1338779078125
1 0.7866134812500001 0.19807713437500002 0.715941621875 0.20223366562499998 0.7268164578125 0.271287146875 0.7968974515625 0.26244913125 0.7866134812500001 0.19807713437500002
1 0.8568691218750001 0.25543446875 0.79520060625 0.2619155109375 0.8040248859375 0.3281265078125 0.8645325203124999 0.3174972734375 0.8568691218750001 0.25543446875
1 0.8040344312500001 0.32715194062499997 0.734230278125 0.3403321 0.7452389937499999 0.40787713124999997 0.8138861984375 0.3926814375 0.8040344312500001 0.32715194062499997
1 0.8728544671874999 0.37804090156250003 0.810739875 0.39240250312499997 0.817125121875 0.4574723265625 0.8789652468750001 0.43999435781249996 0.8728544671874999 0.37804090156250003
1 0.8266147546875 0.587229553125 0.8880107515625 0.561048040625 0.8877347406249999 0.5611125578125 0.8832039640625 0.49923664375000004 0.822549228125 0.52240566875 0.8266147546875 0.587229553125
1 0.7655405796875 0.6138089078125 0.7720973546875001 0.68231205 0.83587021875 0.6503664 0.8275241156250001 0.5855969796875 0.7655405796875 0.6138089078125
1 0.6115579890625 0.6829330015624999 0.6167789031249999 0.7609343828124999 0.7024195875 0.717331840625 0.6933825640625 0.6466772 0.6115579890625 0.6829330015624999