9 0.7200347222222222 0.4182291666666666 0.06836805555555543 0.055613425925925955
9 0.7378125 0.5848958333333333 0.06836805555555561 0.055613425925925955
9 0.6577256944444445 0.4995081018518519 0.07163194444444443 0.061979166666666786
9 0.5733854166666668 0.3986400462962963 0.076423611111111 0.06684027777777786
9 0.5113888888888889 0.31805555555555554 0.0796180555555555 0.07008101851851851
9 0.5492881944444445 0.19389467592592594 0.07809027777777793 0.07158564814814813
9 0.4347743055555555 0.31854745370370374 0.08128472222222224 0.07482638888888893
9 0.2714930555555556 0.5708912037037036 0.10197916666666665 0.09276620370370381
3 0.4419444444444444 0.043373842592592596 0.08312500000000007 0.08674768518518519
3 0.3470138888888889 0.2396990740740741 0.08934027777777782 0.08605324074074075
3 0.4679513888888889 0.4744791666666666 0.0828125 0.07332175925925917
3 0.5058680555555556 0.6325810185185186 0.0828819444444445 0.07644675925925917
3 0.6329166666666667 0.6497685185185185 0.07638888888888892 0.06527777777777785
3 0.6616145833333333 0.885619212962963 0.0828819444444445 0.07644675925925917
3 0.6004166666666666 0.5243055555555556 0.076423611111111 0.06684027777777786
3 0.64765625 0.3278645833333333 0.06847222222222218 0.06030092592592595