6 0.42061921296296295 0.7151331018518519 0.17005787037037035 0.05339120370370374
9 0.3084259259259259 0.5722106481481481 0.13375000000000004 0.046076388888888965
9 0.22826967592592595 0.44349537037037035 0.13531250000000003 0.04612268518518512
9 0.7267881944444444 0.53859375 0.0987268518518519 0.03412037037037034
9 0.6474016203703703 0.4886689814814815 0.10506944444444458 0.0358680555555555
9 0.7866030092592592 0.4951331018518519 0.10028935185185191 0.03416666666666668
11 0.7875 0.4444675925925926 0.11628472222222222 0.040879629629629474
11 0.23297453703703702 0.378125 0.16721064814814818 0.05798611111111107
9 0.5738425925925925 0.5239236111111112 0.10047453703703688 0.03729166666666668
7 0.4499016203703704 0.5249305555555555 0.22658564814814816 0.05974537037037031
3 0.205625 0.7851909722222222 0.14818287037037034 0.05274305555555543
3 0.6440219907407407 0.7474884259259259 0.11003472222222221 0.0406944444444445
3 0.7960821759259259 0.7340567129629629 0.10175925925925924 0.03265046296296301
3 0.7288078703703704 0.7437615740740741 0.1003819444444444 0.03572916666666668
0 0.41998263888888887 0.8359953703703702 0.17502314814814818 0.05821759259259238
5 0.31084490740740744 0.8499189814814814 0.16730324074074066 0.05954861111111107
5 0.6601331018518518 0.8087962962962963 0.13853009259259252 0.04777777777777779
1 0.7625636574074074 0.8001331018518518 0.2013078703703705 0.05431712962962969
8 0.9072858796296297 0.8207986111111112 0.11637731481481488 0.042442129629629476
8 0.9392418981481482 0.7546759259259259 0.1174768518518519 0.034675925925925985
6 0.9506915509259258 0.7945949074074073 0.09861689814814838 0.04152777777777779
9 0.899681712962963 0.7714409722222222 0.09863425925925924 0.03255787037037035
9 0.9039409722222222 0.7380324074074075 0.09707175925925923 0.03251157407407419
10 0.9573148148148147 0.7168402777777778 0.08537037037037046 0.044328703703703634
3 0.8812094907407406 0.45972222222222225 0.09385416666666657 0.030856481481481523