6 0.16484375 0.834375 0.053125 0.21796875
2 0.23515625 0.8703125 0.059375 0.19453125
3 0.32578125 0.87578125 0.0484375 0.15546875
3 0.4140625 0.7546875 0.04296875 0.14296875
1 0.28515625 0.50546875 0.0609375 0.24921875
0 0.2453125 0.4359375 0.040625 0.17890625
3 0.32421875 0.403125 0.0328125 0.11640625
3 0.36875 0.45859375 0.03125 0.12734375
3 0.3765625 0.32578125 0.02890625 0.10625
3 0.5484375 0.5609375 0.03828125 0.134375
4 0.64140625 0.7375 0.06015625 0.2515625
5 0.5609375 0.13828125 0.028125 0.11328125
3 0.578125 0.184375 0.02578125 0.0953125
0 0.60625 0.15 0.025 0.1453125
5 0.64296875 0.14921875 0.03125 0.11875
9 0.1453125 0.30703125 0.0328125 0.1046875
6 0.23125 0.22890625 0.03984375 0.1578125
9 0.1984375 0.30859375 0.03671875 0.1078125
8 0.19765625 0.240625 0.0359375 0.11640625
8 0.28203125 0.175 0.03671875 0.12734375
10 0.54453125 0.37890625 0.03671875 0.2015625
9 0.56953125 0.884375 0.04765625 0.1625
9 0.59296875 0.41640625 0.02734375 0.11171875
9 0.59453125 0.35859375 0.0296875 0.11484375
7 0.64609375 0.3078125 0.05078125 0.20546875
11 0.665625 0.48203125 0.04140625 0.15
11 0.68828125 0.659375 0.0515625 0.1578125