3 0.684375 0.2421875 0.03515625 0.08046875
3 0.1921875 0.65703125 0.05859375 0.09609375
3 0.29375 0.36953125 0.04453125 0.0828125
6 0.46015625 0.553125 0.05234375 0.13359375
6 0.5421875 0.56171875 0.0515625 0.1375
8 0.72109375 0.51015625 0.0578125 0.12109375
9 0.6234375 0.35390625 0.0375 0.08984375
5 0.4046875 0.41328125 0.0515625 0.109375
10 0.30625 0.4640625 0.08515625 0.1578125
11 0.4203125 0.3484375 0.05078125 0.1015625
0 0.340625 0.76796875 0.07421875 0.13671875
0 0.63515625 0.76484375 0.059375 0.15
5 0.77265625 0.35234375 0.05 0.1078125