5 0.8815625 0.18822916666666667 0.07945601851851833 0.20475694444444442
3 0.8051562500000001 0.16545138888888888 0.06267361111111107 0.16534722222222226
3 0.773449074074074 0.2810763888888889 0.05756944444444443 0.1511805555555556
3 0.7652430555555556 0.3730208333333333 0.05756944444444443 0.1511805555555555
2 0.6817476851851852 0.4008333333333334 0.06276620370370374 0.1684722222222222
3 0.6630787037037036 0.56125 0.042766203703703806 0.12586805555555552
2 0.6433101851851852 0.6318576388888889 0.05444444444444443 0.1511111111111111
3 0.7118518518518518 0.6263541666666667 0.04575231481481481 0.12125000000000004
3 0.6997800925925926 0.6932291666666667 0.0422569444444445 0.10868055555555553
3 0.6977951388888889 0.757986111111111 0.042442129629629656 0.11493055555555572
0 0.8297974537037037 0.4173958333333333 0.076423611111111 0.2078125
4 0.8095312499999998 0.52390625 0.08497685185185162 0.23298611111111106
5 0.774056712962963 0.6441319444444444 0.05756944444444443 0.15118055555555543
1 0.7530324074074073 0.7514062499999999 0.06907407407407398 0.22326388888888893
3 0.4380671296296296 0.8193576388888889 0.0343055555555555 0.10381944444444428
0 0.40932870370370367 0.8507291666666668 0.0451620370370371 0.1540277777777778
9 0.7969618055555555 0.8374826388888887 0.0422569444444445 0.10868055555555571
8 0.7347164351851851 0.8446875 0.04892361111111114 0.12288194444444436
6 0.5574594907407407 0.3957291666666667 0.0636921296296297 0.19972222222222227
9 0.5365624999999999 0.45460069444444445 0.044467592592592455 0.1305902777777778
6 0.4789641203703704 0.38149305555555557 0.06359953703703702 0.19659722222222217
9 0.41255208333333326 0.24807291666666664 0.051273148148148096 0.1494791666666666
9 0.40912037037037036 0.10590277777777776 0.06290509259259255 0.17315972222222223
11 0.3274826388888889 0.11736111111111111 0.07136574074074069 0.19520833333333334
10 0.3556597222222222 0.46229166666666666 0.07229166666666664 0.22645833333333326
9 0.4807175925925925 0.5197222222222222 0.04271990740740748 0.12430555555555553
8 0.4838368055555556 0.5986458333333333 0.04943287037037045 0.14006944444444436
9 0.4336284722222222 0.5905034722222222 0.04556712962962965 0.11500000000000003
9 0.42821759259259257 0.6450347222222221 0.03922453703703699 0.11173611111111122
9 0.43259837962962966 0.7138368055555555 0.04111111111111114 0.12270833333333328
7 0.3788483796296297 0.6915625 0.06424768518518516 0.21847222222222218
11 0.37027777777777776 0.5867534722222223 0.05108796296296294 0.1432291666666668