3 0.153125 0.7109375 0.07734375 0.09375
3 0.5578125 0.71171875 0.07109375 0.0890625
3 0.53828125 0.4890625 0.04609375 0.0640625
3 0.76484375 0.4234375 0.04296875 0.0578125
3 0.728125 0.528125 0.05859375 0.06796875
3 0.6375 0.57734375 0.05703125 0.07578125
3 0.26796875 0.48515625 0.0515625 0.06171875
3 0.6140625 0.45625 0.04609375 0.06171875
9 0.21875 0.58515625 0.06328125 0.0734375
9 0.29765625 0.42734375 0.04375 0.05546875
9 0.45390625 0.4015625 0.0359375 0.05234375
9 0.44375 0.52421875 0.046875 0.06640625
9 0.52890625 0.63125 0.06171875 0.07890625
9 0.93046875 0.67265625 0.07578125 0.0859375
9 0.42890625 0.5796875 0.05703125 0.07578125
9 0.45234375 0.45859375 0.04375 0.0578125