9 0.7374537037037037 0.6558101851851852 0.061134259259259235 0.06706018518518526
9 0.5631018518518518 0.6773842592592592 0.053321759259259235 0.06665509259259253
9 0.5735300925925926 0.5914583333333333 0.058090277777777824 0.06846064814814809
9 0.5936284722222223 0.495630787037037 0.06121527777777782 0.06862268518518526
9 0.6125173611111111 0.4217997685185185 0.0662268518518518 0.07511574074074083
9 0.5255324074074074 0.34562499999999996 0.06959490740740737 0.07996527777777782
9 0.8187847222222222 0.4416550925925926 0.07708333333333321 0.07412037037037038
9 0.1637326388888889 0.2570659722222222 0.07724537037037038 0.07724537037037038
3 0.7691377314814816 0.5719155092592592 0.06434027777777765 0.06878472222222207
3 0.40434606481481483 0.5767303240740741 0.058090277777777824 0.06846064814814809
3 0.48990162037037044 0.534693287037037 0.058090277777777644 0.06846064814814809
3 0.3074421296296296 0.4603356481481482 0.0755208333333334 0.07403935185185198
3 0.23524884259259257 0.6089988425925925 0.056365740740740654 0.06525462962962969
3 0.4109375 0.4017013888888889 0.07083333333333339 0.07379629629629622
3 0.5119155092592592 0.24919560185185183 0.07255787037037038 0.07700231481481482
3 0.8785995370370371 0.2959837962962963 0.08670138888888879 0.07929398148148152