8 0.4428761574074073 0.6328298611111112 0.19184027777777785 0.095150462962963
9 0.5801909722222222 0.7330439814814815 0.1379282407407409 0.06819444444444436
9 0.20660300925925928 0.6724768518518518 0.1871064814814815 0.09355324074074076
9 0.539236111111111 0.5898032407407408 0.15056712962962954 0.07297453703703702
6 0.772349537037037 0.6016840277777777 0.1805324074074072 0.08256944444444443
7 0.3476678240740741 0.7938078703703704 0.3440162037037037 0.1696990740740741
11 0.3908622685185185 0.7753819444444444 0.21417824074074066 0.1109375
10 0.5996469907407407 0.8097337962962964 0.2489699074074075 0.12525462962962947
9 0.6508969907407407 0.7468460648148149 0.13016203703703705 0.06969907407407412
9 0.7051967592592593 0.7605266203703703 0.1380208333333332 0.07131944444444435
9 0.7672164351851851 0.7711400462962963 0.12846064814814823 0.06499999999999986
6 0.6591608796296295 0.814861111111111 0.19652777777777786 0.09518518518518526
8 0.6985243055555556 0.825306712962963 0.15856481481481488 0.07928240740740762
11 0.7531423611111111 0.8233680555555555 0.16504629629629636 0.08714120370370396
3 0.5513310185185185 0.5235011574074073 0.15378472222222223 0.0761226851851852
3 0.8117592592592594 0.5082465277777778 0.11572916666666658 0.05709490740740737
3 0.7729687500000001 0.490775462962963 0.11885416666666657 0.05711805555555553
3 0.7222743055555556 0.4669675925925926 0.1299768518518519 0.06344907407407412
3 0.6558622685185185 0.43991898148148145 0.13475694444444458 0.0666087962962962
3 0.5132696759259259 0.37247106481481485 0.15539351851851854 0.07769675925925927
3 0.43129629629629634 0.32109375 0.16968749999999985 0.08561342592592594
3 0.35175925925925927 0.2728587962962963 0.1903240740740741 0.09670138888888893
5 0.8481249999999999 0.4702430555555555 0.14739583333333356 0.07138888888888886
0 0.7606134259259261 0.41648148148148145 0.19321759259259252 0.0889120370370371
4 0.7200520833333333 0.3919675925925926 0.23136574074074065 0.11106481481481474
1 0.6699074074074074 0.3603530092592592 0.27401620370370383 0.1270023148148148
0 0.5661747685185186 0.3127199074074074 0.2281944444444445 0.10947916666666666
5 0.39675925925925926 0.20992476851851852 0.22212962962962965 0.11568287037037042
2 0.7139004629629631 0.5270486111111111 0.17281249999999987 0.08563657407407418
2 0.5008506944444445 0.4278356481481481 0.19023148148148153 0.09357638888888893
9 0.4037847222222222 0.7106481481481481 0.16353009259259252 0.08869212962962969
9 0.3072974537037037 0.6966550925925926 0.18715277777777778 0.09511574074074076