5 0.16796875 0.840625 0.0578125 0.19140625
3 0.24140625 0.85546875 0.0453125 0.15390625
3 0.2671875 0.74140625 0.040625 0.14140625
3 0.271875 0.65234375 0.040625 0.13984375
2 0.35078125 0.61875 0.0453125 0.1578125
3 0.36171875 0.4625 0.03125 0.11875
2 0.378125 0.39375 0.0390625 0.13984375
3 0.31328125 0.40546875 0.03359375 0.11328125
3 0.321875 0.33984375 0.03125 0.10234375
3 0.321875 0.2765625 0.03046875 0.1078125
0 0.2078125 0.615625 0.053125 0.19453125
4 0.22265625 0.5109375 0.05859375 0.21953125
5 0.25234375 0.39296875 0.0421875 0.14140625
1 0.26875 0.28828125 0.04375 0.20859375
3 0.5671875 0.1953125 0.02421875 0.09765625
0 0.59375 0.1625 0.02890625 0.1453125
9 0.22265625 0.209375 0.0296875 0.10078125
8 0.28203125 0.19765625 0.03671875 0.11484375
6 0.46953125 0.6125 0.0421875 0.1875
9 0.48671875 0.55390625 0.0296875 0.12421875
6 0.5453125 0.61953125 0.040625 0.184375
9 0.61328125 0.74140625 0.03671875 0.14140625
9 0.621875 0.8765625 0.0453125 0.1609375
11 0.7 0.859375 0.0515625 0.18203125
10 0.66015625 0.53046875 0.04765625 0.2125
9 0.5375 0.48671875 0.03125 0.11640625
8 0.53203125 0.41171875 0.034375 0.1328125
9 0.5796875 0.41484375 0.0328125 0.1078125
9 0.58359375 0.36171875 0.02578125 0.1046875
9 0.5765625 0.29609375 0.02890625 0.11484375
7 0.62890625 0.31328125 0.04140625 0.20546875
11 0.63984375 0.4125 0.03671875 0.134375