11 0.38491319444444444 0.2249537037037037 0.060104166666666715 0.12471064814814818
11 0.2918576388888889 0.5513946759259258 0.07222222222222223 0.15184027777777764
10 0.3429513888888889 0.38568287037037036 0.08149305555555557 0.1850578703703704
6 0.3607638888888889 0.33048611111111115 0.06916666666666664 0.15324074074074065
7 0.34175347222222224 0.6217939814814815 0.10090277777777779 0.2359490740740741
9 0.30078125 0.7521759259259259 0.06500000000000003 0.12964120370370366
9 0.4507118055555555 0.44271412037037033 0.05166666666666657 0.11024305555555554
9 0.48675347222222226 0.5170717592592593 0.05343750000000007 0.11501157407407411
9 0.4105902777777778 0.3642476851851852 0.05003472222222225 0.10859953703703704
9 0.4783854166666666 0.2586400462962963 0.04493055555555543 0.09898148148148148
9 0.4225173611111111 0.2993923611111111 0.04805555555555561 0.09914351851851855
9 0.6266319444444445 0.20942708333333332 0.044791666666666785 0.09585648148148147
9 0.6572048611111111 0.2133506944444444 0.04152777777777779 0.0925694444444444
6 0.7309548611111112 0.2241898148148148 0.058958333333333356 0.1340046296296297
8 0.5222743055555557 0.26403356481481477 0.05840277777777771 0.12150462962962968
8 0.4225868055555556 0.581556712962963 0.06534722222222218 0.13745370370370366
0 0.4605381944444444 0.6638078703703704 0.07631944444444443 0.1738773148148148
0 0.4007291666666667 0.6685011574074075 0.07468749999999993 0.1722337962962964
5 0.3814236111111111 0.7602546296296296 0.07732638888888888 0.1614583333333332
5 0.7043055555555556 0.30854745370370373 0.05500000000000007 0.11509259259259261
3 0.6625868055555555 0.299369212962963 0.04677083333333343 0.10531249999999996
3 0.5604166666666666 0.4031944444444445 0.050104166666666575 0.11016203703703695
3 0.5981597222222221 0.4106076388888889 0.04975694444444443 0.10234953703703695
3 0.6489930555555555 0.5722511574074074 0.05486111111111107 0.11196759259259252
3 0.5717881944444445 0.7116666666666667 0.061527777777777716 0.1216666666666665
3 0.6417534722222222 0.6373495370370371 0.05493055555555557 0.11353009259259253
2 0.7044965277777777 0.7512847222222222 0.07378472222222214 0.15192129629629642
1 0.7000868055555556 0.5468402777777778 0.09347222222222236 0.20906249999999993
4 0.6577951388888889 0.4020081018518519 0.08128472222222224 0.18037037037037038
2 0.3096354166666667 0.10958912037037036 0.05833333333333339 0.1199421296296296