3 0.3155034722222222 0.49494791666666665 0.12125000000000004 0.04394675925925924
3 0.3775752314814815 0.4239293981481481 0.13071759259259252 0.045648148148148236
3 0.39059606481481485 0.6000578703703704 0.12465277777777777 0.048680555555555574
3 0.4768692129629629 0.7803993055555556 0.1421180555555555 0.053622685185185225
3 0.4172800925925926 0.8491087962962963 0.134212962962963 0.05194444444444457
3 0.8991898148148149 0.07978587962962962 0.11592592592592581 0.05947916666666666
3 0.7071469907407407 0.16686342592592593 0.15204861111111115 0.06313657407407405
3 0.7448958333333333 0.12363425925925926 0.15958333333333313 0.05856481481481479
2 0.6614756944444444 0.5681018518518519 0.18210648148148145 0.06982638888888885
11 0.8844791666666666 0.6183217592592593 0.1636342592592591 0.07423611111111121
11 0.17005208333333335 0.3895775462962963 0.1308101851851852 0.04721064814814815
5 0.8074363425925926 0.8760011574074074 0.2049074074074074 0.08577546296296283
5 0.8485590277777778 0.05010416666666666 0.21225694444444443 0.0780787037037037
9 0.2509490740740741 0.35715277777777776 0.11812500000000004 0.043900462962962905
9 0.5593402777777777 0.5102893518518519 0.1374305555555555 0.05355324074074073
9 0.47644675925925933 0.5896006944444444 0.13402777777777786 0.048819444444444395
9 0.7496759259259259 0.3332638888888889 0.15030092592592598 0.05998842592592588
9 0.6654456018518518 0.4219386574074074 0.11886574074074083 0.0564004629629629
9 0.18584490740740742 0.4265625 0.10378472222222221 0.039004629629629584
9 0.27087962962962964 0.3902893518518519 0.10158564814814816 0.05458333333333325
0 0.37659143518518523 0.7836053240740741 0.19432870370370364 0.06532407407407419
0 0.6613136574074074 0.09581018518518518 0.2179513888888888 0.06879629629629629
1 0.21315393518518516 0.506724537037037 0.2209837962962963 0.06728009259259267
7 0.8452546296296296 0.46213541666666663 0.2597800925925927 0.08971064814814814
6 0.7337847222222222 0.4166956018518519 0.22769675925925928 0.07518518518518533
8 0.14952546296296299 0.5644270833333334 0.13715277777777776 0.048865740740740723
10 0.14234953703703704 0.4743981481481482 0.1721759259259259 0.06031249999999986
2 0.7960300925925925 0.15801504629629629 0.1921296296296296 0.08090277777777777
4 0.7264467592592594 0.06549768518518519 0.26870370370370367 0.1085763888888889