2 0.2199363425925926 0.1486400462962963 0.22274305555555554 0.1191550925925926
3 0.20083912037037038 0.24355902777777777 0.17806712962962967 0.0918865740740741
3 0.3005497685185185 0.36725115740740744 0.16545138888888894 0.08811342592592597
3 0.4895833333333333 0.5025925925925926 0.14149305555555552 0.0728356481481482
4 0.27578125 0.6037905092592593 0.2796875 0.14082175925925924
1 0.5853298611111111 0.3087210648148148 0.2825231481481481 0.13317129629629632
0 0.6616898148148149 0.2861689814814815 0.19699074074074083 0.0975462962962963
3 0.6719328703703704 0.3732523148148148 0.1288194444444443 0.06749999999999998
3 0.604369212962963 0.40171875 0.13819444444444445 0.06798611111111122
10 0.70703125 0.43667245370370367 0.21736111111111106 0.10016203703703716
9 0.5777488425925925 0.4619386574074074 0.1383680555555557 0.07267361111111122
9 0.736574074074074 0.6237847222222221 0.12094907407407404 0.06553240740740733
9 0.5983217592592592 0.6384490740740741 0.12395833333333339 0.0625694444444445
9 0.6520833333333333 0.6583912037037037 0.12390046296296298 0.0610069444444445
9 0.13492476851851853 0.48498263888888893 0.17997685185185186 0.1013425925925926
11 0.10593171296296297 0.6495659722222222 0.16788194444444446 0.11163194444444446
11 0.5138310185185185 0.6941087962962963 0.16550925925925916 0.08967592592592588
6 0.2816261574074074 0.08789930555555556 0.2509837962962963 0.12373842592592592
7 0.6925925925925925 0.7205324074074074 0.22546296296296298 0.10837962962962955
9 0.8033275462962962 0.21553819444444447 0.11944444444444428 0.06701388888888893
9 0.7889467592592594 0.26937500000000003 0.12268518518518512 0.07030092592592592
8 0.8662326388888889 0.2928761574074074 0.1400462962962962 0.07587962962962962
6 0.8675057870370371 0.3272511574074074 0.16493055555555572 0.07405092592592588
8 0.9036747685185185 0.3985243055555555 0.1352430555555557 0.07251157407407405
5 0.8759837962962962 0.6824768518518518 0.13026620370370381 0.06445601851851848
3 0.8270833333333332 0.6885185185185185 0.10949074074074047 0.05090277777777778
0 0.8564814814814815 0.7243518518518519 0.15231481481481488 0.07027777777777774
2 0.8695891203703704 0.74140625 0.12511574074074083 0.051712962962962905
5 0.846875 0.7597222222222222 0.11915509259259274 0.05920138888888893
3 0.8554398148148149 0.7804398148148148 0.10462962962962977 0.04597222222222221