9 0.16658564814814814 0.54765625 0.1120949074074074 0.0390625
9 0.3089699074074074 0.59375 0.1182986111111111 0.0375
9 0.24952546296296294 0.59609375 0.11209490740740743 0.0390625
9 0.5030902777777777 0.47578125 0.1232175925925926 0.0453125
9 0.4024305555555555 0.55078125 0.12473379629629626 0.04375
9 0.8220543981481482 0.54765625 0.16412037037037025 0.0546875
9 0.6920081018518519 0.6125 0.14532407407407408 0.053125
11 0.8174016203703702 0.7046875 0.19914351851851855 0.0765625
11 0.31656249999999997 0.65390625 0.14532407407407408 0.053125
10 0.5463946759259259 0.62265625 0.2351273148148149 0.078125
8 0.3966956018518519 0.6125 0.14688657407407407 0.053125
6 0.28707175925925926 0.4890625 0.17335648148148142 0.05
8 0.3903009259259259 0.4328125 0.14831018518518507 0.0484375
9 0.01790509259259259 0.18046875 0.03581018518518518 0.0359375
0 0.06480034722222222 0.63203125 0.12960069444444444 0.0453125
0 0.7850462962962963 0.39921875 0.23333333333333323 0.0703125
2 0.5842766203703704 0.34609375 0.16899305555555558 0.0609375
2 0.3132002314814815 0.371875 0.1452314814814814 0.05
3 0.4075520833333333 0.3515625 0.12790509259259258 0.0453125
3 0.5726678240740741 0.47421875 0.13581018518518526 0.0484375
4 0.4565740740740741 0.4109375 0.22547453703703707 0.06875
3 0.3204745370370371 0.3109375 0.12629629629629627 0.04375
3 0.23504050925925926 0.3203125 0.11521990740740744 0.0390625
3 0.1563599537037037 0.3390625 0.11209490740740743 0.0390625
3 0.5881770833333333 0.2671875 0.14371527777777776 0.0515625
3 0.6944097222222222 0.24140625 0.1578240740740741 0.053125
3 0.8334548611111112 0.215625 0.1704629629629629 0.0578125
5 0.8084490740740741 0.13671875 0.2101273148148149 0.078125
5 0.37669560185185186 0.2328125 0.1642129629629629 0.0578125
1 0.18560185185185185 0.275 0.22846064814814815 0.0640625
7 0.20996527777777776 0.665625 0.20516203703703706 0.06875