3 0.15675347222222222 0.709230324074074 0.09305555555555553 0.11273148148148149
3 0.6056944444444444 0.6699652777777778 0.08513888888888896 0.10775462962962959
3 0.5767708333333333 0.42592592592592593 0.05635416666666657 0.07702546296296298
3 0.8263715277777777 0.32925347222222223 0.051493055555555854 0.06903935185185191
3 0.7893402777777778 0.4500578703703704 0.07048611111111107 0.08067129629629619
3 0.6903472222222222 0.5138310185185185 0.06913194444444457 0.08998842592592596
3 0.27574652777777775 0.44800347222222225 0.06097222222222225 0.07407407407407404
3 0.6597222222222222 0.3814814814814815 0.05628472222222225 0.07390046296296297
9 0.22477430555555555 0.5638599537037037 0.07687499999999999 0.08715277777777786
9 0.30690972222222224 0.38049768518518523 0.05458333333333334 0.06759259259259257
9 0.4803819444444445 0.33738425925925924 0.045069444444444426 0.060995370370370415
9 0.47265625 0.47427662037037044 0.05642361111111107 0.08015046296296298
9 0.5717013888888889 0.5837962962962963 0.07545138888888889 0.09334490740740745
9 0.45876736111111105 0.5372395833333333 0.06913194444444457 0.08998842592592596
9 0.4805381944444445 0.40060763888888895 0.0546180555555555 0.06915509259259256