3 0.7490104166666667 0.8584375 0.13052083333333328 0.09187499999999993
3 0.40927083333333336 0.7627604166666666 0.09802083333333336 0.06305555555555564
3 0.22170138888888888 0.34307291666666667 0.10093750000000004 0.05843749999999996
5 0.4287673611111112 0.5503993055555556 0.1374305555555555 0.071736111111111
5 0.24789930555555556 0.4926388888888889 0.11329861111111103 0.05559027777777779
0 0.8638888888888889 0.6807118055555555 0.18163194444444458 0.11798611111111121
0 0.8133506944444445 0.3353993055555556 0.19961805555555542 0.10121527777777786
10 0.5117013888888888 0.74484375 0.19760416666666672 0.12614583333333335
8 0.48578124999999994 0.2848090277777778 0.14899305555555564 0.08604166666666666
9 0.34927083333333336 0.3981076388888889 0.10555555555555554 0.05697916666666671
11 0.3196006944444444 0.6278993055555555 0.11690972222222218 0.06659722222222228
7 0.6784895833333333 0.4682118055555556 0.23434027777777774 0.10979166666666665
6 0.59078125 0.46546875 0.16895833333333332 0.07868055555555564