2 0.7554166666666666 0.15369791666666668 0.19864583333333333 0.08204861111111113
5 0.7406770833333333 0.09715277777777778 0.1890625 0.07850694444444443
3 0.7764062500000001 0.23347222222222222 0.1567708333333334 0.06149305555555555
3 0.6889062499999999 0.3313888888888889 0.14708333333333332 0.05638888888888882
3 0.5161979166666667 0.4323090277777778 0.12947916666666667 0.049374999999999857
3 0.42828125000000006 0.32416666666666666 0.12124999999999986 0.0427777777777778
3 0.3123958333333333 0.34890625000000003 0.11333333333333329 0.040868055555555574
3 0.3734895833333333 0.28977430555555556 0.1229166666666667 0.04440972222222221
0 0.39276041666666667 0.21447916666666664 0.17874999999999996 0.06402777777777775
4 0.45015625000000004 0.2409201388888889 0.22052083333333333 0.08302083333333332
1 0.37020833333333336 0.2640625 0.2328125 0.08045138888888888
9 0.8224479166666667 0.4657118055555555 0.16916666666666663 0.06048611111111111
9 0.7250520833333333 0.5444791666666667 0.15687500000000015 0.06305555555555564
9 0.4033333333333333 0.5493750000000001 0.12312499999999993 0.047534722222222214
9 0.2864583333333333 0.5122569444444445 0.12114583333333329 0.04121527777777771
9 0.3530729166666667 0.5594444444444444 0.12270833333333338 0.041284722222222216
9 0.44369791666666664 0.3791145833333333 0.12614583333333335 0.046111111111111214
9 0.29083333333333333 0.19001736111111112 0.1072916666666666 0.04371527777777775
8 0.23109375000000001 0.19894097222222223 0.12645833333333334 0.05079861111111113
6 0.22197916666666667 0.2267708333333333 0.14510416666666667 0.0500694444444445
10 0.22734375 0.27197916666666666 0.18187499999999995 0.06416666666666666
8 0.18171874999999998 0.2810590277777778 0.11666666666666665 0.04413194444444439
6 0.5158854166666667 0.48638888888888887 0.18791666666666665 0.06131944444444439
7 0.3006770833333333 0.6080034722222223 0.2177083333333334 0.064201388888889
11 0.47421875 0.6136111111111111 0.15343750000000006 0.058229166666666644
11 0.8703645833333333 0.6320486111111111 0.20458333333333342 0.07763888888888885