9 0.9198958333333334 0.6425115740740741 0.07531250000000007 0.08491898148148139
9 0.6590972222222222 0.40456018518518516 0.05614583333333343 0.06603009259259256
4 0.18826388888888887 0.38460648148148147 0.09802083333333336 0.12258101851851855
3 0.22618055555555555 0.3679166666666667 0.05614583333333334 0.06603009259259256
3 0.7286631944444444 0.3352835648148148 0.04819444444444443 0.05972222222222223
3 0.5645486111111111 0.43964120370370374 0.05458333333333343 0.06601851851851848
3 0.56640625 0.4880729166666667 0.06402777777777775 0.06921296296296298
6 0.48218750000000005 0.5308912037037038 0.07583333333333328 0.10835648148148139
6 0.5674826388888888 0.5365104166666667 0.07888888888888879 0.10525462962962955
8 0.78671875 0.5216030092592593 0.08329861111111114 0.09278935185185197
11 0.568142361111111 0.3552256944444444 0.06104166666666657 0.0754398148148148
11 0.3989756944444444 0.37288773148148147 0.06423611111111108 0.07858796296296297
10 0.28421875 0.44796874999999997 0.09965277777777777 0.12571759259259263
7 0.3582986111111111 0.4763310185185185 0.09534722222222217 0.14287037037037037
0 0.29880208333333336 0.6471122685185186 0.0948611111111111 0.12099537037037038
0 0.6973263888888889 0.6832291666666667 0.09795138888888885 0.11945601851851854
1 0.09418402777777778 0.5462673611111111 0.13468750000000002 0.1556597222222223
5 0.8447222222222223 0.42428240740740736 0.07208333333333314 0.08020833333333321
5 0.3797048611111111 0.4199131944444444 0.06753472222222215 0.08642361111111115