8 0.5151793981481482 0.697019675925926 0.10478009259259266 0.22725694444444428
9 0.4682407407407407 0.58125 0.07781249999999992 0.17158564814814808
6 0.48497106481481483 0.30928819444444444 0.08590277777777774 0.209375
9 0.6365335648148148 0.52578125 0.07304398148148153 0.160474537037037
9 0.6013831018518518 0.7361400462962963 0.08728009259259259 0.18443287037037043
9 0.5568807870370371 0.9382233796296298 0.09480324074074069 0.12355324074074048
9 0.6553935185185186 0.4358796296296297 0.06667824074074069 0.14461805555555554
9 0.6674305555555555 0.37384259259259256 0.061967592592592526 0.14131944444444447
9 0.6817650462962963 0.3056423611111111 0.06192129629629619 0.13506944444444446
11 0.6771180555555556 0.9300636574074075 0.11995370370370377 0.1398726851851851
7 0.7181365740740742 0.5764467592592593 0.12732638888888878 0.31869212962962956
9 0.5835185185185185 0.8549768518518519 0.08730324074074076 0.18755787037037025
3 0.39006944444444447 0.5721064814814815 0.08249999999999993 0.17175925925925917
2 0.2703125 0.642650462962963 0.10317129629629633 0.22094907407407405
2 0.4019502314814815 0.38353587962962965 0.07939814814814809 0.17476851851851852
3 0.07174189814814816 0.8282118055555555 0.09358796296296297 0.1924768518518519
3 0.1397048611111111 0.7245081018518518 0.08895833333333333 0.20011574074074065
3 0.20381365740740742 0.6276909722222223 0.08569444444444443 0.18125
3 0.29703703703703704 0.4546296296296296 0.06982638888888885 0.1478587962962962
3 0.3870543981481481 0.2705150462962963 0.05718750000000004 0.1286458333333334
5 0.3407118055555555 0.23521412037037037 0.06983796296296294 0.14942129629629627
0 0.2735300925925926 0.33894675925925927 0.08591435185185184 0.2109375
4 0.23093750000000002 0.38813657407407404 0.11601851851851848 0.26828703703703705
1 0.18686342592592592 0.4482060185185185 0.13347222222222221 0.3048611111111111
0 0.1315162037037037 0.5679976851851851 0.10814814814814815 0.26018518518518513
5 0.03075810185185185 0.778269675925926 0.051863425925925924 0.2534143518518519
11 0.7364988425925926 0.31391782407407404 0.06841435185185177 0.16811342592592596
3 0.33240740740740743 0.37939814814814815 0.06824074074074069 0.14467592592592587
3 0.36161458333333335 0.3156539351851852 0.055659722222222194 0.13327546296296297