11 0.7474479166666667 0.2693229166666667 0.10765046296296284 0.20465277777777774
11 0.7649768518518518 0.7665277777777778 0.07552083333333322 0.143888888888889
3 0.6335127314814815 0.49406250000000007 0.07402777777777772 0.1485069444444445
3 0.6990277777777778 0.5364930555555556 0.0692013888888889 0.13892361111111118
3 0.6652951388888889 0.6341493055555556 0.0692013888888889 0.13892361111111118
3 0.4141956018518519 0.2544270833333333 0.09165509259259252 0.17895833333333327
0 0.7699652777777777 0.47001736111111114 0.1094444444444445 0.22034722222222208
4 0.16106481481481483 0.3180555555555556 0.1526736111111111 0.2925347222222222
1 0.7968344907407408 0.6478472222222222 0.12103009259259245 0.2645833333333332
9 0.5624768518518518 0.5011284722222222 0.07398148148148138 0.1453819444444445
10 0.6871469907407407 0.7371527777777779 0.10167824074074083 0.22312499999999993
9 0.5088715277777778 0.7349131944444445 0.06600694444444458 0.13409722222222237
6 0.46594907407407404 0.6344097222222222 0.09034722222222218 0.1960763888888888
9 0.40861689814814817 0.6166319444444445 0.07076388888888889 0.1389930555555555
9 0.42359375000000005 0.6777256944444444 0.06593750000000007 0.12940972222222236
7 0.46216435185185184 0.80109375 0.11126157407407415 0.23760416666666656
9 0.8649363425925927 0.6010416666666666 0.07381944444444458 0.1344444444444445
6 0.8561574074074073 0.6944618055555555 0.08694444444444471 0.17718750000000014
8 0.8133217592592594 0.7581249999999999 0.07398148148148138 0.14538194444444433
8 0.8902430555555556 0.6734027777777778 0.07717592592592588 0.15020833333333333
3 0.5700752314814814 0.8557118055555556 0.0611574074074074 0.12295138888888886
5 0.44350694444444444 0.9137152777777778 0.0706944444444444 0.13430555555555584
9 0.9279976851851852 0.5833854166666667 0.06435185185185191 0.12777777777777785
5 0.5339930555555557 0.9003125000000001 0.06934027777777771 0.148298611111111