9 0.26717013888888885 0.5036516203703704 0.06232638888888893 0.04732638888888889
9 0.2951215277777778 0.667957175925926 0.06388888888888893 0.04733796296296298
9 0.348292824074074 0.5612962962962963 0.06559027777777775 0.05203703703703706
9 0.4019039351851852 0.4397916666666667 0.07037037037037042 0.055196759259259306
9 0.4406423611111111 0.34552662037037035 0.07358796296296291 0.05834490740740739
9 0.37037615740740737 0.2379513888888889 0.07055555555555557 0.06144675925925931
9 0.5132349537037036 0.32184027777777774 0.0737268518518519 0.06303240740740748
9 0.7357581018518518 0.5125925925925926 0.09450231481481489 0.07880787037037038
3 0.4318113425925926 0.06336805555555555 0.07258101851851854 0.07708333333333335
3 0.575619212962963 0.22071759259259255 0.08181712962962955 0.07246527777777771
3 0.5233796296296296 0.4805439814814815 0.07680555555555557 0.06149305555555564
3 0.529525462962963 0.64234375 0.07689814814814824 0.06461805555555564
3 0.41223379629629625 0.6977372685185186 0.07037037037037042 0.055196759259259306
3 0.4475462962962963 0.9300810185185184 0.07689814814814824 0.06461805555555564
3 0.4105844907407407 0.5687905092592592 0.06880787037037042 0.055185185185185046
3 0.3125983796296296 0.3945891203703703 0.06402777777777775 0.052025462962962975