11 0.78046875 0.74 0.1875 0.10034722222222214
9 0.6796875 0.6280381944444444 0.1359375 0.07267361111111122
9 0.80546875 0.5215162037037038 0.1484375 0.07488425925925916
9 0.4328125 0.45880787037037035 0.115625 0.059120370370370344
9 0.19921875 0.4638888888888889 0.10625 0.05082175925925938
8 0.40859375 0.5077199074074074 0.1359375 0.07111111111111121
10 0.2921875 0.5285995370370371 0.1890625 0.09105324074074073
7 0.22421875 0.5829050925925926 0.20625 0.10131944444444443
11 0.48359375 0.6421122685185185 0.15 0.07809027777777793
9 0.12109375 0.2687210648148148 0.0984375 0.04885416666666664
3 0.0875 0.4954629629629629 0.09375 0.04861111111111107
3 0.07734375 0.5873958333333333 0.0984375 0.05354166666666664
0 0.0734375 0.5204108796296296 0.14375 0.0637037037037036
0 0.71953125 0.36737847222222225 0.196875 0.09302083333333337
3 0.646875 0.2953645833333333 0.1296875 0.06922453703703706
3 0.75390625 0.2921585648148148 0.14375 0.07464120370370378
3 0.88203125 0.2964525462962963 0.15625 0.07997685185185191
3 0.39375 0.27880208333333334 0.115625 0.059120370370370344
3 0.23515625 0.2698379629629629 0.103125 0.05222222222222221
3 0.31484375 0.2703935185185185 0.10625 0.0539467592592592
5 0.46328125 0.22675925925925924 0.1453125 0.07628472222222218
1 0.2796875 0.22143518518518518 0.209375 0.09679398148148151
4 0.34375 0.32592592592592595 0.1921875 0.08965277777777772