3 0.5538715277777777 0.8614583333333332 0.09337962962962969 0.18929398148148166
3 0.5730092592592593 0.7302083333333333 0.07738425925925921 0.16371527777777767
3 0.7442592592592593 0.37815393518518514 0.07083333333333322 0.14317129629629627
3 0.6816956018518519 0.4242476851851852 0.06313657407407405 0.15069444444444446
3 0.7022337962962963 0.2821180555555555 0.06910879629629622 0.13217592592592595
9 0.8985706018518517 0.305787037037037 0.06915509259259238 0.13530092592592596
9 0.9517881944444444 0.3140046296296296 0.06444444444444457 0.1335648148148148
9 0.3730671296296296 0.8321180555555555 0.09351851851851851 0.19866898148148165
6 0.49951388888888887 0.3019386574074074 0.07796296296296283 0.20277777777777778
9 0.4458854166666667 0.3186921296296296 0.06304398148148138 0.14444444444444446
9 0.5285706018518519 0.20775462962962962 0.05343750000000007 0.12847222222222224
9 0.45124421296296297 0.2587673611111111 0.058541666666666714 0.1567708333333333
11 0.3755034722222222 0.311400462962963 0.0774537037037037 0.16840277777777776
7 0.4065104166666666 0.19074074074074074 0.1020717592592593 0.2489583333333333
10 0.7061979166666668 0.18075810185185187 0.086076388888889 0.2233796296296296
11 0.7767476851851851 0.14667245370370371 0.07092592592592588 0.14942129629629627
8 0.8252893518518519 0.1554976851851852 0.06934027777777771 0.14780092592592592
6 0.876087962962963 0.211255787037037 0.07763888888888885 0.18090277777777786
8 0.9083391203703703 0.22728587962962962 0.06936342592592588 0.14936342592592594
3 0.5712268518518518 0.08284143518518519 0.0485879629629629 0.11736111111111111
5 0.5272800925925927 0.06793981481481481 0.051435185185185264 0.09872685185185186
5 0.4388715277777777 0.056076388888888884 0.05274305555555543 0.08159722222222224
3 0.49785879629629637 0.08480902777777778 0.05660879629629641 0.13171296296296295
0 0.8190219907407407 0.4176215277777778 0.09853009259259267 0.22071759259259255
1 0.8228645833333333 0.25535300925925924 0.10715277777777779 0.27569444444444446
9 0.6129687500000001 0.42326388888888894 0.06479166666666672 0.1570023148148149
4 0.5282407407407407 0.5544270833333333 0.10859953703703695 0.2679398148148149