5 0.16550347222222223 0.91953125 0.08170138888888889 0.1609375
5 0.23741319444444448 0.42578125 0.06149305555555555 0.165625
3 0.30999999999999994 0.28828125 0.04010416666666661 0.1171875
3 0.3146701388888889 0.359375 0.04656250000000002 0.1265625
3 0.30822916666666667 0.43828125 0.04673611111111118 0.134375
3 0.36552083333333335 0.496875 0.04996527777777775 0.1390625
3 0.35659722222222223 0.6875 0.05815972222222223 0.15625
3 0.43336805555555563 0.81875 0.058368055555555645 0.165625
3 0.33779513888888885 0.9359375 0.06065972222222218 0.128125
3 0.5858506944444445 0.1796875 0.03836805555555554 0.109375
9 0.5466493055555556 0.29140625 0.04180555555555561 0.1234375
9 0.61296875 0.365625 0.04010416666666679 0.1171875
9 0.5133680555555555 0.59375 0.05333333333333332 0.15
9 0.6099479166666667 0.9234375 0.059375 0.140625
9 0.6750520833333333 0.80625 0.05993055555555564 0.165625
9 0.6131944444444445 0.42578125 0.04656249999999993 0.1265625
9 0.1928125 0.21796875 0.046215277777777786 0.1109375
8 0.2581597222222222 0.1953125 0.0514930555555555 0.1375
8 0.43284722222222227 0.490625 0.06006944444444447 0.171875
6 0.5084201388888889 0.78125 0.07062500000000008 0.225
6 0.5710243055555555 0.565625 0.062465277777777925 0.209375
11 0.7953472222222222 0.9125 0.0749305555555555 0.1375
11 0.6976215277777778 0.49375 0.058368055555555645 0.165625
10 0.71578125 0.55546875 0.07590277777777779 0.2515625
7 0.6628125 0.30234375 0.07086805555555564 0.2359375
2 0.3797395833333333 0.41953125 0.05829861111111114 0.1625
4 0.20934027777777775 0.5640625 0.0885416666666666 0.2578125
2 0.2388020833333333 0.92578125 0.07517361111111107 0.1484375
0 0.6142013888888889 0.134375 0.04427083333333322 0.1640625
0 0.22921874999999997 0.478125 0.06857638888888892 0.203125
9 0.5706597222222223 0.51171875 0.05142361111111118 0.134375
1 0.24788194444444445 0.30625 0.07586805555555554 0.25