9 0.1463252314814815 0.44785879629629627 0.15689814814814812 0.055324074074074046
9 0.2618171296296296 0.3947627314814815 0.13812499999999997 0.05237268518518512
6 0.38623842592592594 0.4703125 0.18495370370370373 0.05271990740740744
9 0.4653124999999999 0.540162037037037 0.12865740740740747 0.04542824074074083
6 0.484837962962963 0.4885416666666667 0.17243055555555548 0.05023148148148149
11 0.12598379629629627 0.28637152777777775 0.1977546296296296 0.07395833333333339
10 0.47752893518518513 0.3639178240740741 0.21314814814814814 0.05949074074074075
11 0.6012905092592593 0.3949363425925926 0.13653935185185198 0.050694444444444466
8 0.6083912037037037 0.5054976851851851 0.12550925925925932 0.043634259259259164
8 0.8458043981481481 0.780613425925926 0.11613425925925931 0.04293981481481488
9 0.8357812499999999 0.8415219907407409 0.10204861111111115 0.04033564814814809
9 0.7357812499999999 0.5180555555555555 0.11452546296296298 0.039699074074074046
9 0.605306712962963 0.45532407407407405 0.11291666666666664 0.03645833333333322
9 0.6576041666666667 0.4560763888888889 0.10974537037037031 0.0331018518518519
7 0.7100347222222222 0.41313657407407406 0.2147569444444443 0.06273148148148149
5 0.1732175925925926 0.8408275462962962 0.19462962962962962 0.0737268518518519
2 0.16207754629629628 0.7736689814814814 0.1899189814814815 0.07181712962962976
3 0.15765625 0.6859375 0.15069444444444446 0.05798611111111107
3 0.2688831018518519 0.6083333333333334 0.1476157407407408 0.06087962962962976
3 0.36539351851851853 0.7489293981481481 0.14439814814814814 0.0543981481481481
4 0.5138252314814815 0.8122106481481481 0.22427083333333328 0.07280092592592595
0 0.5057986111111111 0.7445023148148148 0.18194444444444446 0.06030092592592595
5 0.6391550925925926 0.7910590277777777 0.1459143518518518 0.05138888888888893
1 0.7491145833333334 0.7859375 0.2319907407407408 0.06712962962962976
3 0.621087962962963 0.7304108796296296 0.12240740740740748 0.044965277777777854
3 0.5609490740740741 0.6744502314814815 0.12394675925925931 0.04351851851851851
3 0.6928124999999999 0.7255787037037037 0.10990740740740748 0.044039351851851906
3 0.760011574074074 0.7313368055555556 0.11303240740740747 0.04427083333333322
3 0.8344097222222222 0.48556134259259254 0.10197916666666665 0.035648148148148096
0 0.8699652777777777 0.4624421296296296 0.14113425925925932 0.044791666666666785
2 0.6318113425925926 0.6640914351851852 0.1537268518518518 0.05196759259259256