5 0.2508101851851852 0.09799768518518517 0.084375 0.17280092592592594
3 0.31556712962962963 0.0990162037037037 0.06753472222222223 0.13917824074074076
3 0.32109375 0.20612847222222222 0.06707175925925926 0.12667824074074074
3 0.31805555555555554 0.29252314814814817 0.059259259259259345 0.1262731481481482
2 0.38130787037037034 0.3371296296296296 0.06608796296296297 0.14222222222222225
2 0.3790219907407407 0.5491030092592593 0.0642939814814815 0.13589120370370367
3 0.37430555555555556 0.4849189814814815 0.050868055555555534 0.11024305555555554
3 0.3236689814814815 0.5282986111111111 0.05081018518518521 0.10868055555555571
3 0.32207754629629626 0.5905960648148149 0.049131944444444464 0.10547453703703695
3 0.31519097222222225 0.6572974537037037 0.045775462962962976 0.09906250000000014
3 0.5340277777777779 0.7973032407407408 0.04253472222222214 0.09577546296296298
0 0.25460069444444444 0.3056076388888889 0.08460648148148149 0.17905092592592595
4 0.253587962962963 0.40458333333333335 0.09473379629629627 0.1998495370370371
1 0.25231481481481477 0.4965277777777778 0.09681712962962959 0.2139930555555555
0 0.26646412037037037 0.541707175925926 0.06834490740740744 0.16105324074074084
5 0.2773726851851852 0.6467592592592593 0.05763888888888893 0.12462962962962969
9 0.21767939814814813 0.6982465277777778 0.04756944444444446 0.10539351851851855
9 0.4992766203703704 0.42745949074074074 0.052604166666666785 0.11501157407407411
9 0.6310185185185185 0.27912037037037035 0.06116898148148149 0.13572916666666668
9 0.64921875 0.15998263888888892 0.0645833333333334 0.14370370370370372
9 0.5364583333333334 0.5050231481481482 0.047800925925925955 0.11164351851851854
6 0.4921006944444445 0.3600289351851852 0.07013888888888893 0.16738425925925923
8 0.5548900462962962 0.3500289351851852 0.06788194444444447 0.14855324074074067
8 0.524363425925926 0.5784722222222223 0.059375 0.1293981481481481
9 0.5696180555555556 0.5792592592592593 0.04756944444444446 0.10539351851851855
9 0.5499421296296296 0.7006597222222222 0.04253472222222214 0.09577546296296298
9 0.5647280092592593 0.636707175925926 0.04745370370370363 0.10226851851851855
11 0.5979745370370371 0.713287037037037 0.05133101851851851 0.12274305555555554
7 0.6297743055555556 0.5613252314814815 0.07945601851851851 0.20841435185185198
10 0.6526620370370371 0.4845370370370371 0.07621527777777785 0.2051273148148148
6 0.6760706018518519 0.40075810185185184 0.06886574074074084 0.17511574074074082
11 0.7150752314814814 0.19068865740740742 0.0731481481481481 0.16442129629629632