6 0.1296875 0.7671875 0.06484375 0.25625
3 0.31328125 0.81484375 0.05 0.1859375
3 0.41015625 0.6875 0.04765625 0.1609375
4 0.66171875 0.66328125 0.0734375 0.27578125
0 0.22109375 0.33671875 0.05703125 0.2
1 0.23828125 0.253125 0.05859375 0.2515625
3 0.30859375 0.30859375 0.040625 0.1328125
3 0.359375 0.3703125 0.03671875 0.13984375
3 0.36796875 0.23125 0.0296875 0.11875
3 0.61640625 0.4859375 0.03984375 0.146875
10 0.42421875 0.5203125 0.0546875 0.26171875
9 0.425 0.38828125 0.03984375 0.146875
9 0.5421875 0.19609375 0.03125 0.11328125
9 0.6015625 0.3265625 0.03125 0.12890625
9 0.58515625 0.82421875 0.05078125 0.1875
11 0.715625 0.5828125 0.0484375 0.18203125
11 0.68203125 0.40078125 0.04921875 0.16796875
9 0.6078125 0.278125 0.02890625 0.12734375
7 0.6578125 0.2125 0.05859375 0.2296875
8 0.26640625 0.08203125 0.04140625 0.1359375
9 0.11640625 0.21015625 0.03515625 0.1203125
9 0.1703125 0.2140625 0.03828125 0.12421875
8 0.1734375 0.1421875 0.04140625 0.12890625
6 0.20703125 0.12890625 0.03671875 0.184375