11 0.46838541666666667 0.8044212962962962 0.20565972222222229 0.10413194444444436
11 0.9184548611111112 0.5658101851851851 0.11072916666666685 0.072013888888889
3 0.624357638888889 0.5910300925925925 0.1482291666666667 0.07423611111111121
3 0.6921527777777777 0.6259722222222222 0.14170138888888886 0.06761574074074073
3 0.7681423611111111 0.5466666666666666 0.14170138888888886 0.06761574074074073
3 0.3063020833333333 0.5241666666666667 0.18159722222222224 0.08868055555555543
0 0.6637673611111111 0.7211574074074074 0.2214236111111111 0.1081828703703703
4 0.2519618055555556 0.2741493055555556 0.29496527777777776 0.14994212962962958
1 0.8382118055555555 0.6531597222222223 0.26552083333333343 0.11858796296296284
9 0.5991840277777778 0.5262905092592594 0.14815972222222235 0.07267361111111122
10 0.869392361111111 0.5126157407407408 0.21468750000000014 0.096875
9 0.7919965277777778 0.3605844907407407 0.13531250000000003 0.06412037037037041
6 0.6798958333333334 0.3757986111111111 0.1987152777777778 0.08813657407407405
9 0.6388368055555556 0.3353761574074074 0.14177083333333335 0.06917824074074072
9 0.7019965277777779 0.3168287037037037 0.13225694444444436 0.06549768518518526
7 0.8319097222222223 0.28653356481481485 0.2417361111111113 0.10938657407407408
9 0.8260069444444443 0.7349189814814816 0.132534722222222 0.07174768518518526
6 0.8930729166666665 0.6810763888888889 0.15177083333333313 0.08379629629629619
8 0.9234027777777778 0.6122685185185185 0.09652777777777785 0.06805555555555554
8 0.8991145833333334 0.720457175925926 0.135798611111111 0.07505787037037023
3 0.9216493055555557 0.35368055555555555 0.10690972222222257 0.056203703703703665
5 0.9089409722222221 0.21885416666666666 0.09611111111111086 0.058680555555555534
9 0.8387499999999999 0.7988368055555556 0.12906249999999986 0.06374999999999993
5 0.9253298611111112 0.30593171296296295 0.08802083333333321 0.05196759259259256