2 0.17421875 0.72109375 0.06015625 0.1890625
5 0.11875 0.70625 0.05703125 0.18046875
3 0.25390625 0.74140625 0.04296875 0.1484375
3 0.353125 0.65546875 0.040625 0.13984375
3 0.4578125 0.48515625 0.034375 0.12421875
3 0.35234375 0.39609375 0.0296875 0.11640625
3 0.3796875 0.28125 0.02890625 0.109375
3 0.31953125 0.3421875 0.03125 0.11875
0 0.24453125 0.3609375 0.04375 0.16953125
4 0.26953125 0.41875 0.059375 0.21015625
1 0.29375 0.3390625 0.0546875 0.225
9 0.4828125 0.78828125 0.04140625 0.1609375
9 0.56328125 0.69140625 0.0453125 0.1484375
9 0.5765625 0.37265625 0.034375 0.11875
9 0.54296875 0.25625 0.02890625 0.11640625
9 0.5875 0.32265625 0.02890625 0.11875
9 0.40703125 0.4125 0.0328125 0.1203125
9 0.221875 0.26015625 0.03125 0.10234375
8 0.2328125 0.20078125 0.03671875 0.121875
6 0.2609375 0.1921875 0.03515625 0.140625
10 0.30546875 0.196875 0.04296875 0.175
8 0.315625 0.1515625 0.03046875 0.1125
6 0.51171875 0.484375 0.0390625 0.18125
7 0.6375 0.27109375 0.040625 0.2109375
11 0.6390625 0.44296875 0.04140625 0.14609375
11 0.646875 0.8359375 0.0546875 0.196875