9 0.88515625 0.63515625 0.065625 0.0765625
9 0.62421875 0.4234375 0.04765625 0.0609375
4 0.17265625 0.43203125 0.084375 0.1109375
3 0.2078125 0.4140625 0.04765625 0.06015625
3 0.68828125 0.35234375 0.04140625 0.05390625
3 0.5359375 0.46171875 0.046875 0.059375
3 0.5390625 0.50859375 0.05546875 0.0640625
6 0.4609375 0.55546875 0.06328125 0.0984375
6 0.5421875 0.55546875 0.0671875 0.09609375
8 0.75234375 0.52734375 0.07109375 0.0828125
11 0.53515625 0.38125 0.05234375 0.06796875
11 0.3734375 0.40859375 0.05546875 0.071875
10 0.26796875 0.4875 0.08515625 0.1140625
7 0.33984375 0.51015625 0.0796875 0.13203125
0 0.290625 0.67734375 0.08046875 0.109375
0 0.6734375 0.6875 0.084375 0.10859375
1 0.08984375 0.59296875 0.11796875 0.14140625
5 0.803125 0.43046875 0.06328125 0.071875
5 0.35859375 0.4546875 0.05625 0.078125