0 0.17442708333333332 0.8001909722222222 0.22386574074074073 0.14864583333333314
0 0.11020254629629629 0.32125 0.19096064814814814 0.14562499999999998
5 0.6259606481481482 0.5436458333333334 0.17071759259259273 0.09329861111111111
5 0.7931944444444444 0.44666666666666666 0.1397337962962963 0.07010416666666668
11 0.7775520833333334 0.6166145833333333 0.13991898148148146 0.07322916666666668
6 0.40479166666666666 0.4668055555555556 0.22467592592592583 0.10972222222222214
10 0.6302083333333334 0.7994097222222223 0.25787037037037025 0.14392361111111107
3 0.8358564814814814 0.27246527777777774 0.11096064814814817 0.05791666666666666
3 0.8713831018518519 0.17508680555555556 0.10324074074074048 0.05913194444444447
3 0.9324537037037036 0.48246527777777776 0.09606481481481452 0.04322916666666661
8 0.8628530092592592 0.4256076388888889 0.12171296296296283 0.05527777777777772