3 0.12697916666666667 0.2090798611111111 0.08481481481481482 0.07236111111111114
3 0.31256365740740744 0.4059548611111111 0.09278935185185189 0.07583333333333328
3 0.35734953703703703 0.5030381944444444 0.09467592592592596 0.08215277777777778
3 0.4397743055555556 0.10840277777777778 0.11340277777777778 0.11260416666666666
9 0.2361689814814815 0.34565972222222224 0.0864583333333333 0.07399305555555555
9 0.3349247685185185 0.7319791666666667 0.07675925925925924 0.067326388888889
8 0.2941724537037037 0.5773958333333333 0.09936342592592595 0.08236111111111111
11 0.21620370370370373 0.21616319444444443 0.11283564814814814 0.10166666666666666
11 0.3260763888888889 0.21559027777777776 0.12746527777777777 0.11322916666666671
10 0.4641956018518519 0.4290625 0.16758101851851848 0.13527777777777777
7 0.45899884259259255 0.5543229166666667 0.17868055555555565 0.13888888888888892
0 0.4266898148148148 0.8030902777777778 0.12706018518518522 0.10541666666666671
0 0.5837847222222223 0.7812326388888889 0.14406250000000007 0.132673611111111
0 0.1872974537037037 0.4253298611111111 0.09278935185185185 0.07583333333333328
0 0.3890104166666667 0.3469965277777778 0.12245370370370372 0.1067708333333334
1 0.6599652777777777 0.6419791666666667 0.2041435185185186 0.17899305555555553
4 0.4761574074074074 0.22381944444444443 0.19059027777777776 0.158125
6 0.3914699074074074 0.6199131944444444 0.12271990740740746 0.08184027777777772