10 0.221875 0.34921875 0.06171875 0.228125
7 0.16953125 0.5859375 0.090625 0.321875
9 0.24765625 0.74453125 0.05625 0.184375
9 0.25234375 0.6421875 0.05078125 0.159375
9 0.2671875 0.55390625 0.04921875 0.1625
8 0.34609375 0.53203125 0.05625 0.18203125
9 0.41640625 0.45 0.040625 0.146875
9 0.2875 0.38125 0.0453125 0.13984375
9 0.2921875 0.31015625 0.03828125 0.12578125
6 0.23046875 0.28828125 0.046875 0.1875
11 0.2453125 0.19453125 0.0484375 0.14140625
9 0.29296875 0.25625 0.0375 0.12421875
9 0.3 0.19609375 0.0375 0.11328125
6 0.46640625 0.2328125 0.034375 0.1859375
3 0.48125 0.4546875 0.040625 0.14140625
2 0.51953125 0.3015625 0.0421875 0.146875
2 0.559375 0.52578125 0.0484375 0.18046875
3 0.5875 0.375 0.03203125 0.13125
3 0.578125 0.3078125 0.0296875 0.12734375
3 0.5609375 0.21015625 0.03046875 0.11328125
3 0.565625 0.246875 0.03046875 0.11171875
3 0.6125 0.515625 0.04296875 0.15390625
3 0.640625 0.60234375 0.04140625 0.16484375
3 0.6625 0.6890625 0.04765625 0.17890625
5 0.7390625 0.66015625 0.0546875 0.20859375
0 0.68203125 0.48359375 0.04375 0.2140625
1 0.66640625 0.378125 0.05 0.25625
4 0.646875 0.321875 0.0453125 0.20859375
5 0.6078125 0.18671875 0.03203125 0.13984375
0 0.63125 0.2765625 0.03828125 0.18203125