3 0.5612326388888889 0.35680555555555554 0.17406250000000015 0.08942129629629622
3 0.5567534722222222 0.11558449074074076 0.142326388888889 0.07755787037037036
3 0.6523784722222222 0.3712094907407407 0.09888888888888889 0.04818287037037035
3 0.6219270833333332 0.5638020833333334 0.14027777777777786 0.06657407407407412
3 0.6846180555555555 0.6577256944444445 0.10690972222222221 0.05310185185185183
3 0.6434895833333334 0.6978587962962963 0.14190972222222237 0.06818287037037045
3 0.7057465277777778 0.8346817129629631 0.11684027777777786 0.06587962962962948
9 0.60703125 0.26375578703703706 0.12010416666666668 0.06909722222222214
9 0.6015104166666667 0.42041666666666666 0.1453819444444445 0.07608796296296294
9 0.639826388888889 0.4574421296296296 0.10861111111111121 0.05627314814814817
9 0.6772743055555555 0.43982638888888886 0.08434027777777793 0.036828703703703704
9 0.6198263888888889 0.3936516203703704 0.12253472222222221 0.05356481481481481
9 0.6708333333333333 0.5231192129629629 0.10534722222222222 0.0530555555555555
9 0.6973090277777778 0.5746180555555556 0.0926388888888889 0.04799768518518519
9 0.5838368055555556 0.7600694444444445 0.20607638888888893 0.10753472222222235