6 0.33359375 0.6203125 0.0375 0.15703125
9 0.4703125 0.71171875 0.03359375 0.121875
9 0.59296875 0.77421875 0.034375 0.12265625
9 0.49296875 0.31328125 0.025 0.08984375
9 0.5421875 0.3828125 0.0265625 0.0953125
9 0.5328125 0.25234375 0.025 0.090625
11 0.5796875 0.2453125 0.02890625 0.10703125
11 0.6546875 0.7625 0.04296875 0.153125
9 0.51015625 0.45625 0.028125 0.090625
7 0.51171875 0.5734375 0.03984375 0.2078125
3 0.27265625 0.83125 0.03828125 0.13515625
3 0.29921875 0.4140625 0.028125 0.09921875
3 0.3078125 0.26875 0.02421875 0.09296875
3 0.30078125 0.3328125 0.0265625 0.09140625
0 0.2203125 0.63515625 0.0421875 0.1609375
5 0.21015625 0.73828125 0.04375 0.15390625
5 0.240625 0.4046875 0.03515625 0.12578125
1 0.246875 0.30625 0.03515625 0.18515625
8 0.22421875 0.171875 0.03125 0.10625
8 0.2859375 0.13515625 0.02265625 0.1078125
6 0.24765625 0.11015625 0.02890625 0.12734375
9 0.27109375 0.17421875 0.02265625 0.08984375
9 0.3015625 0.1671875 0.0234375 0.08828125
10 0.3203125 0.08125 0.03203125 0.14453125
3 0.5640625 0.15859375 0.02265625 0.08515625