6 0.9222511574074073 0.3850868055555556 0.12285879629629619 0.24996527777777774
6 0.6546006944444445 0.9550520833333334 0.08859953703703702 0.08989583333333329
9 0.7160011574074074 0.9261631944444446 0.075 0.12947916666666687
9 0.525607638888889 0.6817708333333334 0.0831018518518519 0.1547569444444445
9 0.7724247685185185 0.9405729166666668 0.07679398148148131 0.11885416666666657
9 0.5140914351851851 0.20234375 0.10885416666666678 0.1870486111111111
8 0.6907407407407408 0.9637326388888889 0.08275462962962958 0.07253472222222221
8 0.5872395833333334 0.9771701388888889 0.07262731481481488 0.04565972222222214
11 0.5387731481481481 0.9658680555555555 0.07881944444444429 0.06826388888888886
10 0.39560185185185187 0.6697222222222222 0.1241898148148148 0.24690972222222224
9 0.34699074074074077 0.8392187499999999 0.0640625 0.1289930555555557
9 0.33706597222222223 0.6875 0.07916666666666661 0.1436805555555555
9 0.31626157407407407 0.7461458333333333 0.07065972222222214 0.13395833333333335
7 0.24288194444444447 0.7844270833333333 0.13078703703703703 0.25187500000000007
11 0.2694155092592593 0.6696006944444445 0.096875 0.17250000000000015
4 0.7994502314814815 0.6249652777777778 0.1598958333333332 0.2874305555555555
0 0.7092881944444445 0.7839930555555557 0.11695601851851851 0.21232638888888894
1 0.6389756944444445 0.8909027777777778 0.13547453703703702 0.21819444444444436
3 0.61640625 0.7892708333333334 0.08362268518518512 0.140763888888889
3 0.5875289351851851 0.7135243055555556 0.08408564814814809 0.147013888888889
3 0.5333622685185185 0.852204861111111 0.07366898148148149 0.132534722222222
3 0.7702546296296295 0.2889756944444445 0.09890046296296298 0.17881944444444448
3 0.6353298611111111 0.3856597222222223 0.0921875 0.17229166666666665
3 0.3317708333333333 0.9552604166666667 0.055613425925925955 0.08947916666666664
3 0.26935763888888886 0.9243402777777778 0.06012731481481479 0.11791666666666671
5 0.20243055555555553 0.9284201388888889 0.05804398148148149 0.08979166666666671
5 0.28423032407407406 0.9563541666666666 0.05121527777777786 0.08170138888888871
0 0.2405960648148148 0.9316840277777778 0.05584490740740744 0.10215277777777772