3 0.10546875 0.66015625 0.07421875 0.1171875
3 0.246875 0.34296875 0.05 0.090625
3 0.6828125 0.22890625 0.04453125 0.09296875
5 0.45234375 0.39765625 0.05234375 0.1265625
5 0.53359375 0.2296875 0.03984375 0.10546875
0 0.2625 0.80234375 0.09375 0.1640625
0 0.60625 0.80859375 0.075 0.18515625
10 0.25 0.44609375 0.09765625 0.1796875
8 0.70234375 0.49609375 0.06640625 0.13515625
9 0.6109375 0.34375 0.04296875 0.09765625
11 0.39140625 0.278125 0.05078125 0.10703125
7 0.49609375 0.65546875 0.07734375 0.21875
6 0.51171875 0.5703125 0.05625 0.15703125