5 0.18921875 0.8640625 0.1815625 0.08284722222222207
2 0.17802083333333335 0.8087152777777777 0.18145833333333333 0.08128472222222208
3 0.16984375000000002 0.7315625000000001 0.14750000000000002 0.062638888888889
3 0.26630208333333333 0.6480902777777777 0.1408333333333333 0.05611111111111118
1 0.4864583333333334 0.7660069444444445 0.24125000000000013 0.09017361111111111
4 0.48250000000000004 0.6373263888888889 0.21374999999999994 0.0749305555555555
3 0.5256770833333333 0.6831250000000001 0.12166666666666667 0.04902777777777771
0 0.5438020833333332 0.7991145833333333 0.16708333333333342 0.052604166666666605
3 0.57484375 0.7213541666666666 0.11531249999999993 0.04718750000000007
3 0.449375 0.5700347222222222 0.12489583333333343 0.050729166666666714
3 0.6463541666666666 0.67125 0.10395833333333329 0.040451388888888926
10 0.6156770833333333 0.6847743055555556 0.19427083333333323 0.06315972222222221
6 0.540625 0.5764409722222222 0.1720833333333333 0.057499999999999926
9 0.5191666666666667 0.6279861111111111 0.12781249999999994 0.04774305555555554
9 0.6927083333333334 0.5165972222222222 0.10708333333333328 0.04059027777777775
9 0.5759895833333333 0.4690972222222222 0.11833333333333336 0.045763888888888896
9 0.6258854166666666 0.4611284722222222 0.11333333333333329 0.040868055555555574
9 0.649375 0.8257465277777778 0.10270833333333336 0.045069444444444426
8 0.7105208333333334 0.8253298611111111 0.1234375 0.05222222222222221
6 0.72390625 0.8008506944444445 0.140625 0.052986111111111
8 0.7733854166666667 0.7521180555555556 0.11843749999999993 0.04732638888888889
9 0.7559895833333334 0.8014930555555555 0.08989583333333329 0.03982638888888914
9 0.14625000000000002 0.509548611111111 0.15531250000000002 0.06298611111111115
9 0.2533333333333333 0.44300347222222225 0.14104166666666665 0.059236111111111
11 0.11708333333333334 0.3476215277777778 0.19364583333333335 0.07715277777777771
7 0.6832812500000001 0.42293402777777783 0.2119791666666666 0.071736111111111
11 0.5140625 0.39895833333333336 0.1536458333333334 0.06135416666666673
3 0.7918229166666666 0.47555555555555556 0.10062500000000014 0.03718749999999993
0 0.8318229166666666 0.45147569444444446 0.14343749999999994 0.0484375
5 0.83359375 0.4131597222222222 0.11989583333333335 0.04583333333333339
3 0.8496874999999999 0.3950694444444445 0.09583333333333358 0.035416666666666693