6 0.15078125 0.77265625 0.0546875 0.22109375
6 0.2171875 0.16015625 0.03828125 0.15546875
9 0.18203125 0.240625 0.03515625 0.1125
9 0.421875 0.40625 0.034375 0.1359375
9 0.1265625 0.23671875 0.03515625 0.11640625
9 0.5703125 0.82421875 0.05078125 0.1625
8 0.1828125 0.1671875 0.0390625 0.12890625
8 0.2703125 0.11484375 0.0359375 0.13125
11 0.31796875 0.125 0.03828125 0.12578125
10 0.53984375 0.38203125 0.04609375 0.21953125
9 0.534375 0.2203125 0.0234375 0.11484375
9 0.5875 0.3515625 0.034375 0.12578125
9 0.5890625 0.29453125 0.0296875 0.11875
7 0.6421875 0.240625 0.053125 0.22265625
11 0.653125 0.34921875 0.0421875 0.15
4 0.1953125 0.528125 0.0703125 0.253125
0 0.2296875 0.36328125 0.05078125 0.1859375
1 0.25390625 0.228125 0.053125 0.240625
3 0.309375 0.33515625 0.0390625 0.121875
3 0.3578125 0.39453125 0.03828125 0.12734375
3 0.365625 0.25859375 0.03125 0.11640625
3 0.31875 0.815625 0.04375 0.15546875
3 0.41015625 0.6953125 0.03828125 0.15234375
3 0.51328125 0.10078125 0.025 0.10625
3 0.578125 0.125 0.02265625 0.1046875
5 0.63671875 0.084375 0.03046875 0.11484375
5 0.55625 0.07421875 0.02734375 0.12421875
0 0.60234375 0.08125 0.02421875 0.1484375