5 0.9373003472222223 0.7685185185185185 0.12539930555555542 0.06875
3 0.9484548611111112 0.7033275462962963 0.10309027777777757 0.055034722222222145
3 0.8569328703703704 0.693287037037037 0.1264930555555555 0.05613425925925917
3 0.7685127314814815 0.694212962962963 0.12593750000000004 0.04675925925925917
2 0.7294212962962963 0.6291087962962962 0.14037037037037053 0.05353009259259256
2 0.5114930555555556 0.6246527777777777 0.13559027777777785 0.05179398148148149
3 0.5776273148148148 0.6308159722222222 0.11012731481481489 0.043055555555555534
3 0.5273263888888889 0.6804398148148149 0.10837962962962955 0.03987268518518512
3 0.4639988425925926 0.6820023148148148 0.10369212962962955 0.039699074074074046
3 0.39607638888888885 0.685300925925926 0.09881944444444439 0.036400462962962975
3 0.2738715277777778 0.45963541666666663 0.09707175925925923 0.033217592592592736
0 0.7480439814814814 0.7583912037037037 0.17870370370370364 0.06898148148148149
4 0.6484548611111112 0.7558159722222222 0.19938657407407412 0.07598379629629619
1 0.5536458333333334 0.7546296296296295 0.2135416666666668 0.07806712962962976
0 0.5088310185185185 0.73828125 0.15912037037037036 0.05422453703703702
5 0.40385995370370364 0.7241608796296296 0.12281250000000003 0.04664351851851869
9 0.34391203703703704 0.7827546296296296 0.10350694444444448 0.03657407407407405
9 0.6477488425925926 0.506076388888889 0.11315972222222222 0.04160879629629619
9 0.8131828703703704 0.377806712962963 0.13531249999999986 0.047106481481481485
9 0.9332841435185184 0.3622395833333333 0.1334317129629632 0.053587962962962976
9 0.5733738425925926 0.46655092592592595 0.11297453703703689 0.03848379629629619
6 0.7164583333333333 0.5160590277777778 0.16693287037037052 0.05451388888888893
8 0.7330208333333333 0.452025462962963 0.1466203703703705 0.053761574074074045
8 0.49800925925925926 0.4763888888888889 0.12750000000000003 0.046817129629629764
9 0.5007928240740741 0.43087384259259254 0.10663194444444439 0.03668981481481488
9 0.3748784722222222 0.44649884259259254 0.09394675925925924 0.0331018518518519
9 0.4406828703703704 0.4338831018518519 0.10369212962962955 0.039699074074074046
11 0.3672280092592593 0.39667245370370374 0.12234953703703706 0.038831018518518515
7 0.5253993055555556 0.3704571759259259 0.2108680555555555 0.059259259259259255
10 0.6055844907407407 0.3494791666666667 0.206087962962963 0.057523148148148094
6 0.6928009259259259 0.3282407407407407 0.1761226851851852 0.05173611111111107
11 0.9116319444444445 0.29508101851851853 0.1639930555555555 0.057523148148148094