5 0.1671875 0.83671875 0.05859375 0.1984375
5 0.25234375 0.37109375 0.04296875 0.14453125
3 0.32265625 0.25234375 0.0265625 0.103125
3 0.32421875 0.315625 0.03125 0.1109375
3 0.31484375 0.3859375 0.03125 0.11875
3 0.3640625 0.44140625 0.034375 0.12265625
3 0.34765625 0.61171875 0.03828125 0.13671875
3 0.4109375 0.73359375 0.03984375 0.14453125
3 0.321875 0.853125 0.04296875 0.1515625
3 0.5734375 0.171875 0.02421875 0.09609375
9 0.534375 0.26953125 0.02890625 0.10859375
9 0.58984375 0.33984375 0.0265625 0.103125
9 0.4921875 0.5375 0.0359375 0.13046875
9 0.5640625 0.85625 0.0421875 0.159375
9 0.6265625 0.73671875 0.040625 0.14609375
9 0.5875 0.39375 0.03125 0.1125
9 0.221875 0.18203125 0.03203125 0.0984375
8 0.28046875 0.165625 0.034375 0.11875
8 0.42421875 0.440625 0.040625 0.15
6 0.47890625 0.7046875 0.04453125 0.19921875
6 0.54453125 0.515625 0.03984375 0.18515625
11 0.7296875 0.87578125 0.0546875 0.18984375
11 0.66015625 0.46015625 0.03984375 0.14453125
10 0.6734375 0.515625 0.04609375 0.221875
7 0.6375 0.28671875 0.04453125 0.2078125
2 0.3796875 0.37265625 0.0390625 0.1421875
4 0.22109375 0.4921875 0.059375 0.22578125
2 0.2328125 0.84765625 0.0546875 0.18984375
0 0.60078125 0.13359375 0.0265625 0.14453125
0 0.24296875 0.41640625 0.0453125 0.178125
9 0.54609375 0.46796875 0.034375 0.1171875
1 0.2671875 0.2640625 0.04609375 0.22109375