9 0.3287152777777778 0.3132349537037037 0.06065972222222218 0.0674884259259259
9 0.4996701388888889 0.32024884259259256 0.052777777777777854 0.06546296296296292
9 0.4837847222222222 0.4011226851851852 0.05916666666666668 0.06895833333333332
9 0.458125 0.48998842592592595 0.062291666666666676 0.06914351851851848
9 0.4362152777777778 0.5580381944444445 0.0641319444444445 0.07548611111111114
9 0.5164236111111111 0.6446064814814815 0.06739583333333332 0.0787962962962963
9 0.23753472222222224 0.5057465277777778 0.0766319444444445 0.07622685185185177
9 0.8625 0.7874479166666667 0.0767708333333335 0.07935185185185176
3 0.29312499999999997 0.38904513888888886 0.06385416666666668 0.06923611111111114
3 0.646892361111111 0.4419560185185185 0.060798611111111 0.07061342592592598
3 0.5615972222222222 0.4688483796296296 0.06072916666666668 0.06905092592592599
3 0.734375 0.5694733796296296 0.0766319444444445 0.07622685185185177
3 0.8134548611111111 0.4378009259259259 0.05590277777777786 0.06564814814814816
3 0.6309201388888889 0.6085358796296296 0.07357638888888882 0.07760416666666678
3 0.5237847222222223 0.7401041666666666 0.07364583333333333 0.07916666666666679
3 0.1701388888888889 0.6373321759259258 0.08777777777777782 0.08156250000000007