3 0.28162615740740743 0.24463541666666666 0.09259259259259256 0.05916666666666668
3 0.5864872685185185 0.8088020833333334 0.11226851851851852 0.08541666666666678
3 0.31820023148148147 0.6669270833333333 0.09606481481481488 0.06875
6 0.5434895833333334 0.5178645833333333 0.14982638888888894 0.08947916666666664
6 0.5730902777777778 0.4340625 0.15451388888888892 0.08979166666666671
8 0.5615162037037037 0.24156249999999999 0.1390046296296296 0.09187500000000001
9 0.3800636574074074 0.32223958333333336 0.1020833333333333 0.06291666666666665
5 0.38851273148148147 0.55703125 0.12459490740740745 0.08156250000000007
10 0.4172164351851852 0.66578125 0.1840856481481481 0.13072916666666679
11 0.3270833333333333 0.5322916666666667 0.11672453703703703 0.07947916666666668
0 0.7342303240740741 0.6703645833333333 0.15850694444444463 0.11343749999999986
0 0.8001157407407409 0.364375 0.16898148148148168 0.10166666666666675
5 0.4138310185185185 0.16802083333333334 0.12303240740740744 0.08145833333333333