10 0.7262268518518518 0.8107060185185185 0.2571990740740741 0.13761574074074084
7 0.4925115740740741 0.9121238425925926 0.36543981481481486 0.17575231481481488
9 0.30450810185185184 0.8794849537037038 0.2101967592592593 0.11869212962962976
9 0.4102256944444444 0.8497974537037039 0.18040509259259263 0.10353009259259238
9 0.4995891203703703 0.8124710648148149 0.18509259259259245 0.10370370370370381
8 0.5010243055555555 0.72421875 0.20706018518518512 0.11701388888888893
9 0.5673668981481482 0.6297743055555556 0.1662384259259259 0.08894675925925917
9 0.6751041666666666 0.7494212962962964 0.16001157407407404 0.09184027777777785
9 0.7479398148148148 0.7278935185185185 0.14430555555555563 0.08032407407407405
6 0.788136574074074 0.7872106481481481 0.2101388888888888 0.11087962962962976
11 0.8821990740740742 0.7484953703703704 0.1616087962962965 0.0965856481481481
9 0.8043171296296296 0.7127893518518519 0.14116898148148138 0.07864583333333322
9 0.8662094907407407 0.6916377314814814 0.1286458333333332 0.07505787037037041
6 0.7822743055555555 0.5236400462962962 0.2053472222222222 0.09664351851851852
3 0.5452025462962963 0.5625289351851851 0.1599768518518518 0.08715277777777786
2 0.6950405092592593 0.4844618055555555 0.16626157407407405 0.09207175925925917
2 0.4487847222222222 0.49722222222222223 0.20543981481481488 0.10914351851851851
3 0.5993229166666667 0.4301215277777778 0.1473958333333334 0.07575231481481488
3 0.6728298611111111 0.4234664351851851 0.14111111111111113 0.07083333333333322
3 0.7799247685185184 0.4188368055555555 0.12702546296296297 0.0671875
3 0.7400405092592592 0.4228298611111111 0.12702546296296297 0.0671875
3 0.4453125 0.4384837962962963 0.1740972222222222 0.09548611111111108
3 0.34614004629629636 0.42855902777777777 0.1850462962962963 0.0974537037037038
3 0.24925347222222224 0.4265335648148148 0.2007407407407408 0.10740740740740744
5 0.25928240740740743 0.33859953703703705 0.23523148148148146 0.12430555555555553
0 0.45920138888888895 0.35694444444444445 0.23671296296296304 0.11342592592592596
1 0.5757060185185185 0.347974537037037 0.28372685185185187 0.13391203703703702
4 0.6389525462962963 0.355005787037037 0.23202546296296306 0.11325231481481488
5 0.7920543981481482 0.36380208333333336 0.1552199074074075 0.0776041666666667
0 0.6912673611111111 0.36085069444444445 0.2006712962962963 0.09803240740740744