9 0.43192708333333335 0.19215277777777778 0.04812499999999993 0.11310185185185184
9 0.39776041666666667 0.3352546296296296 0.05010416666666675 0.11937499999999997
9 0.38984375 0.27504050925925927 0.04812499999999993 0.1131018518518518
9 0.5322395833333333 0.5261226851851852 0.05500000000000007 0.12256944444444447
9 0.4491666666666667 0.42733217592592593 0.05354166666666664 0.1241087962962963
9 0.48656249999999995 0.8477835648148148 0.07020833333333343 0.16337962962962962
9 0.41161458333333334 0.7186747685185185 0.06583333333333333 0.14458333333333329
11 0.3296354166666666 0.847019675925926 0.09281249999999996 0.19805555555555543
11 0.33838541666666666 0.34608217592592594 0.06427083333333332 0.14456018518518512
10 0.3886979166666667 0.5739467592592593 0.09677083333333333 0.2340162037037036
8 0.38651041666666663 0.42406249999999995 0.06437499999999999 0.14612268518518512
6 0.5006770833333334 0.31024305555555554 0.0645833333333334 0.17266203703703703
8 0.5644270833333334 0.4118692129629629 0.059791666666666646 0.14761574074074063
9 0.7841145833333333 0.031128472222222224 0.04010416666666661 0.03961805555555555
0 0.3390625 0.08697337962962963 0.05760416666666668 0.1382175925925926
0 0.6313020833333333 0.8062210648148149 0.08895833333333343 0.23390046296296277
2 0.6684374999999999 0.6022858796296295 0.07531250000000007 0.1696990740740741
2 0.61921875 0.33229166666666665 0.06114583333333332 0.1445138888888889
3 0.64734375 0.42636574074074074 0.055312499999999966 0.12725694444444446
3 0.5391666666666667 0.5949074074074074 0.06052083333333336 0.13513888888888878
4 0.5922395833333333 0.47784143518518524 0.08843749999999986 0.22608796296296294
3 0.68046875 0.33788194444444447 0.05364583333333339 0.1256712962962963
3 0.6646354166666667 0.2525752314814815 0.04833333333333343 0.1162268518518518
3 0.6383854166666667 0.1749189814814815 0.04812499999999993 0.11310185185185184
3 0.7466145833333334 0.604224537037037 0.06260416666666657 0.14297453703703694
3 0.7809375 0.7093171296296296 0.06666666666666679 0.1570833333333333
3 0.8190104166666666 0.8472453703703703 0.07375000000000007 0.16967592592592595
5 0.8952604166666667 0.8202777777777778 0.09510416666666685 0.2090162037037036
5 0.7636458333333334 0.39140625 0.07177083333333342 0.16340277777777779
1 0.7050000000000001 0.20244212962962962 0.08385416666666679 0.22758101851851853
7 0.31796875 0.23885416666666667 0.08395833333333336 0.2057291666666666