3 0.21730902777777777 0.7971875 0.04487268518518519 0.09343749999999992
3 0.7889583333333332 0.3193229166666667 0.0719444444444445 0.11239583333333333
3 0.6569733796296295 0.64234375 0.05585648148148152 0.09572916666666664
6 0.48661458333333335 0.4447395833333333 0.0668981481481481 0.1526041666666668
6 0.39716435185185184 0.4374479166666666 0.06552083333333333 0.15875000000000003
8 0.19565972222222222 0.5015625 0.07277777777777779 0.14052083333333326
9 0.2919907407407408 0.6713541666666667 0.04675925925925935 0.10447916666666668
5 0.5374305555555555 0.5980729166666666 0.06454861111111114 0.12593749999999987
10 0.6491608796296295 0.5376041666666667 0.10527777777777772 0.18479166666666663
11 0.5158159722222222 0.6696875 0.06275462962962966 0.11802083333333328
0 0.6341608796296296 0.20177083333333332 0.09047453703703709 0.15885416666666669
0 0.308587962962963 0.21645833333333334 0.07682870370370373 0.17197916666666666
5 0.12730902777777778 0.676875 0.0645023148148148 0.12437500000000004