3 0.3234375 0.8578125 0.0484375 0.16328125
3 0.41484375 0.73984375 0.04140625 0.15
9 0.57265625 0.865625 0.04296875 0.165625
6 0.16015625 0.8125 0.05625 0.21875
10 0.42890625 0.58671875 0.05 0.2359375
4 0.64609375 0.7171875 0.06171875 0.25625
0 0.24921875 0.42890625 0.046875 0.18203125
3 0.328125 0.4 0.03359375 0.11796875
3 0.371875 0.45234375 0.0328125 0.121875
3 0.38203125 0.32265625 0.0296875 0.103125
1 0.27265625 0.29296875 0.04921875 0.2203125
3 0.5296875 0.17109375 0.02421875 0.0984375
3 0.5953125 0.19140625 0.0265625 0.0984375
5 0.5703125 0.1359375 0.0265625 0.1125
0 0.61640625 0.14921875 0.02109375 0.14453125
5 0.65078125 0.1515625 0.028125 0.11796875
3 0.66875 0.1390625 0.01640625 0.0953125
9 0.15234375 0.31171875 0.03046875 0.10625
9 0.2015625 0.31015625 0.03671875 0.11171875
8 0.20625 0.2453125 0.0359375 0.121875
6 0.23671875 0.23125 0.03359375 0.1515625
8 0.29296875 0.18125 0.03359375 0.12109375
11 0.33984375 0.19296875 0.034375 0.12109375
9 0.4359375 0.46484375 0.0296875 0.11796875
9 0.546875 0.28359375 0.028125 0.103125
9 0.5984375 0.40546875 0.03203125 0.11796875
9 0.6015625 0.35390625 0.028125 0.11015625
7 0.653125 0.29765625 0.04765625 0.2109375
11 0.671875 0.47265625 0.0421875 0.1515625