8 0.2730960648148148 0.5082291666666666 0.22658564814814816 0.10956018518518515
9 0.3851041666666667 0.5495196759259259 0.1679398148148148 0.08057870370370371
6 0.6560648148148148 0.5236400462962963 0.20728009259259253 0.09053240740740734
9 0.44789351851851855 0.38069444444444445 0.15998842592592588 0.07577546296296304
9 0.23811921296296296 0.4236284722222222 0.18228009259259262 0.09016203703703703
9 0.04754050925925926 0.4726388888888889 0.09508101851851852 0.08909722222222224
9 0.5383622685185185 0.35826967592592596 0.14417824074074073 0.06929398148148147
9 0.6012557870370371 0.3440625 0.14096064814814824 0.06612268518518523
9 0.6704687500000001 0.32741898148148146 0.13305555555555557 0.0628819444444444
11 0.05810185185185185 0.35141782407407407 0.1162037037037037 0.1127893518518519
7 0.40184027777777775 0.3009432870370371 0.3163425925925926 0.13431712962962958
9 0.1179861111111111 0.4457118055555555 0.1870138888888889 0.09179398148148152
3 0.3905787037037037 0.6283101851851851 0.1712037037037037 0.08531249999999986
2 0.31357638888888884 0.7497106481481481 0.21872685185185184 0.1078819444444445
2 0.578587962962963 0.6083449074074074 0.1742361111111112 0.0822337962962962
3 0.13816550925925924 0.9506597222222222 0.15728009259259262 0.08979166666666671
3 0.22685185185185186 0.8829687499999999 0.1995601851851852 0.09354166666666686
3 0.3256712962962963 0.8159085648148148 0.18232638888888886 0.09172453703703702
3 0.502806712962963 0.7148900462962964 0.14900462962962954 0.07405092592592588
3 0.6899363425925926 0.6191898148148148 0.12671296296296292 0.059664351851851906
5 0.7221875000000001 0.6640046296296296 0.14900462962962954 0.07405092592592588
0 0.6162442129629631 0.7342939814814815 0.21045138888888887 0.09214120370370367
4 0.5657291666666666 0.7787731481481481 0.2660185185185185 0.12263888888888878
1 0.5034259259259259 0.8257696759259259 0.30241898148148144 0.13879629629629625
0 0.3822048611111111 0.8845717592592592 0.25953703703703707 0.11473379629629647
5 0.18409143518518517 0.9819965277777778 0.21806712962962962 0.032905092592592666
11 0.6642766203703704 0.27284722222222224 0.1677083333333334 0.07276620370370371
3 0.5788715277777777 0.6778414351851852 0.14266203703703706 0.07083333333333322
3 0.6438368055555556 0.6464236111111111 0.13291666666666657 0.058194444444444396