10 0.20390625 0.33671875 0.06328125 0.2140625
7 0.2125 0.59921875 0.0796875 0.28828125
9 0.2390625 0.55078125 0.0453125 0.14296875
9 0.2984375 0.64765625 0.046875 0.13828125
9 0.52734375 0.09921875 0.02578125 0.0921875
9 0.546875 0.08671875 0.028125 0.10625
9 0.3359375 0.2953125 0.03984375 0.134375
6 0.27265625 0.2703125 0.0453125 0.184375
6 0.22265625 0.215625 0.05078125 0.1765625
11 0.23984375 0.15859375 0.04765625 0.12578125
8 0.3921875 0.22734375 0.03671875 0.14296875
11 0.509375 0.44921875 0.04296875 0.159375
3 0.5609375 0.46328125 0.03984375 0.134375
3 0.59453125 0.6328125 0.04140625 0.15390625
3 0.6046875 0.73984375 0.0453125 0.1625
0 0.6453125 0.51328125 0.04296875 0.19453125
5 0.6796875 0.71796875 0.06015625 0.1984375
9 0.36796875 0.74765625 0.04375 0.1609375