3 0.501273148148148 0.6867129629629629 0.06498842592592595 0.1520023148148148
3 0.2903935185185185 0.3670949074074074 0.054745370370370416 0.12849537037037032
3 0.34389467592592593 0.42063078703703705 0.05659722222222223 0.13631944444444438
3 0.33813657407407405 0.2807060185185185 0.05133101851851851 0.12065972222222224
11 0.21015625 0.44464699074074077 0.07789351851851851 0.1630324074074075
11 0.268431712962963 0.13718171296296297 0.06134259259259256 0.13791666666666663
9 0.14840856481481482 0.2761747685185185 0.05596064814814814 0.11913194444444448
9 0.40772569444444445 0.42735532407407406 0.0549768518518519 0.13474537037037032
9 0.499363425925926 0.21078703703703705 0.051041666666666784 0.11284722222222224
9 0.5703703703703704 0.34025462962962966 0.05306712962962976 0.12535879629629632
9 0.5671296296296295 0.28005787037037033 0.05115740740740726 0.11597222222222223
9 0.08697916666666666 0.28900462962962964 0.0541087962962963 0.1113078703703704
9 0.09985532407407408 0.32114004629629633 0.07175925925925926 0.08175925925925931
8 0.13535879629629627 0.20652777777777778 0.061400462962962976 0.13947916666666665
8 0.22167245370370373 0.13370949074074073 0.05815972222222223 0.13633101851851848
10 0.33417245370370374 0.17674189814814814 0.07280092592592595 0.1942361111111111
6 0.5205439814814815 0.31409722222222225 0.06753472222222215 0.17857638888888888
6 0.17109375 0.19116319444444443 0.06869212962962959 0.167650462962963
1 0.21996527777777777 0.24310185185185187 0.09004629629629628 0.2381018518518518
3 0.46336805555555555 0.08548611111111111 0.04467592592592595 0.10967592592592594
3 0.49858217592592596 0.10528356481481482 0.04756944444444446 0.10344907407407407
5 0.5879340277777778 0.055931712962962954 0.049131944444444464 0.10346064814814815
3 0.5347511574074074 0.09929976851851852 0.04120370370370381 0.10027777777777777
7 0.5543692129629629 0.16039930555555557 0.08315972222222215 0.22086805555555555
4 0.4049768518518519 0.3116782407407407 0.07650462962962976 0.2098842592592593