10 0.28995949074074073 0.2819097222222222 0.2267939814814815 0.1038657407407408
9 0.43940972222222224 0.42729745370370364 0.13663194444444446 0.0689004629629629
9 0.6556423611111111 0.19838541666666668 0.17633101851851868 0.08840277777777779
9 0.3388310185185185 0.33303819444444444 0.1333912037037038 0.06559027777777775
9 0.17673611111111112 0.39588541666666666 0.11429398148148148 0.05510416666666664
9 0.48527199074074073 0.27033564814814814 0.14600694444444445 0.06945601851851854
9 0.569212962962963 0.23247685185185185 0.16840277777777785 0.08481481481481482
9 0.2770833333333333 0.35705439814814816 0.11915509259259256 0.06006944444444447
3 0.4643229166666666 0.48689236111111106 0.13489583333333321 0.06412037037037024
9 0.2283854166666667 0.37403356481481487 0.11423611111111107 0.05354166666666664
3 0.7427951388888889 0.5854861111111112 0.16984953703703703 0.08178240740740747
3 0.5692418981481482 0.5926388888888889 0.14756944444444448 0.06954861111111103
3 0.4234375 0.6091087962962962 0.12546296296296297 0.062002314814814954
3 0.6515046296296296 0.5940277777777778 0.160474537037037 0.08122685185185183
3 0.26064814814814813 0.6320659722222223 0.10804398148148149 0.054733796296296336
5 0.7433738425925925 0.6645312499999999 0.2127893518518519 0.10459490740740733
3 0.35810185185185184 0.6208101851851853 0.12071759259259265 0.06016203703703695
3 0.301244212962963 0.6288773148148148 0.11429398148148148 0.05510416666666664
0 0.5531539351851851 0.665625 0.21064814814814808 0.08887731481481484
2 0.6501157407407407 0.6622280092592593 0.19699074074074066 0.09898148148148138
5 0.25390625 0.6825752314814815 0.1348958333333333 0.06412037037037041
0 0.34696180555555556 0.6794097222222222 0.1773726851851852 0.07443287037037045
4 0.3971064814814815 0.6803530092592593 0.21545138888888893 0.09228009259259266
1 0.44730902777777776 0.6828587962962963 0.2581018518518519 0.10728009259259252
11 0.6110532407407407 0.11490162037037037 0.20688657407407404 0.11359953703703703
6 0.4529224537037037 0.20021990740740742 0.2221643518518519 0.10515046296296297
11 0.15616319444444443 0.3477777777777778 0.13356481481481483 0.07027777777777774
8 0.5403645833333334 0.15119212962962963 0.18912037037037024 0.0969560185185185
7 0.33489583333333334 0.24792824074074074 0.2682291666666667 0.12814814814814818
6 0.23917824074074073 0.3060590277777778 0.17928240740740745 0.08390046296296294