6 0.12265625 0.19821180555555556 0.09739583333333335 0.2662152777777778
3 0.3143229166666667 0.1577488425925926 0.07229166666666664 0.19418981481481482
3 0.39828125 0.2922164351851852 0.06895833333333332 0.16761574074074073
4 0.6496875 0.3278356481481482 0.10802083333333332 0.2850347222222222
0 0.16338541666666667 0.6414409722222223 0.08406250000000001 0.2067708333333332
1 0.17010416666666667 0.7280671296296296 0.09229166666666666 0.25993055555555566
3 0.24869791666666669 0.6736053240740741 0.05916666666666668 0.1378703703703703
3 0.30739583333333337 0.6130439814814815 0.05500000000000007 0.14564814814814825
3 0.29864583333333333 0.7560069444444444 0.044166666666666646 0.12370370370370373
3 0.5822395833333334 0.5079340277777777 0.058541666666666714 0.15192129629629622
10 0.39151041666666664 0.46405671296296297 0.08833333333333329 0.27083333333333337
9 0.3763020833333333 0.5984780092592592 0.058541666666666714 0.15192129629629642
9 0.47302083333333333 0.799224537037037 0.0453125 0.11746527777777782
9 0.5480208333333334 0.6698263888888889 0.046354166666666786 0.13309027777777765
9 0.5921354166666667 0.1603761574074074 0.07385416666666664 0.19420138888888888
11 0.6947916666666666 0.41261574074074076 0.07197916666666657 0.1895023148148148
11 0.63875 0.5973148148148149 0.07104166666666671 0.1754398148148148
9 0.5478125 0.7198032407407406 0.043229166666666784 0.13306712962962947
7 0.5916666666666667 0.7881944444444444 0.08927083333333333 0.23804398148148137
8 0.17796875 0.9029224537037038 0.059375 0.14099537037037066
9 0.04114583333333334 0.7649421296296296 0.050416666666666665 0.12375000000000007
9 0.09661458333333332 0.7645312499999999 0.05385416666666667 0.12846064814814823
8 0.09171875 0.8379687499999999 0.05729166666666665 0.1331712962962964
6 0.12354166666666666 0.8525694444444445 0.05947916666666666 0.18940972222222213