10 0.5735590277777778 0.15 0.25945601851851857 0.1109375
7 0.3096701388888889 0.13828125 0.3664236111111111 0.159375
9 0.15171874999999999 0.253125 0.20924768518518516 0.096875
9 0.2628761574074074 0.23828125 0.18252314814814818 0.0859375
9 0.3613368055555556 0.23671875 0.18560185185185185 0.0828125
8 0.3991956018518518 0.31796875 0.20924768518518527 0.096875
9 0.49830439814814814 0.378125 0.16510416666666677 0.0703125
9 0.5505613425925926 0.22578125 0.16050925925925927 0.0765625
9 0.6280324074074073 0.2171875 0.14315972222222229 0.065625
6 0.6415625 0.14765625 0.21218749999999992 0.084375
11 0.7447222222222223 0.1453125 0.16211805555555542 0.0796875
9 0.6859722222222222 0.20859375 0.1400115740740741 0.0640625
9 0.7516550925925927 0.2046875 0.1290277777777778 0.0609375
6 0.741087962962963 0.390625 0.20731481481481495 0.071875
3 0.5050868055555556 0.44765625 0.1604166666666668 0.0703125
2 0.6767766203703703 0.46015625 0.16671296296296295 0.0734375
2 0.4419212962962963 0.5453125 0.2043981481481481 0.0859375
3 0.6090740740740741 0.54765625 0.14775462962962962 0.059375
3 0.6797222222222222 0.525 0.14299768518518513 0.0546875
3 0.7818287037037037 0.48828125 0.12734953703703714 0.053125
3 0.7441550925925926 0.5 0.12578703703703695 0.053125
3 0.46219328703703705 0.60078125 0.1761111111111111 0.075
3 0.3739872685185185 0.6484375 0.18550925925925926 0.0765625
3 0.2843460648148148 0.6875 0.20281249999999992 0.084375
5 0.32851273148148147 0.76484375 0.23583333333333334 0.0984375
0 0.5080497685185186 0.66953125 0.24038194444444444 0.0890625
1 0.6203125 0.6328125 0.28590277777777773 0.103125
4 0.677025462962963 0.6015625 0.23413194444444443 0.0890625
5 0.8163136574074074 0.53359375 0.15715277777777778 0.0609375
0 0.7227199074074074 0.57578125 0.20582175925925927 0.0765625