9 0.3515451388888889 0.27596064814814814 0.1668981481481481 0.05954861111111107
9 0.7128935185185185 0.3184606481481481 0.13508101851851856 0.047685185185185205
9 0.9739756944444444 0.39880208333333333 0.05204861111111114 0.03186342592592588
9 0.9727256944444445 0.44262152777777786 0.054548611111111 0.03512731481481488
9 0.9071412037037037 0.5184895833333334 0.097013888888889 0.03563657407407419
9 0.9183506944444446 0.5385011574074074 0.10927083333333343 0.0313194444444445
9 0.24224537037037036 0.3410127314814815 0.18292824074074074 0.06782407407407405
9 0.4499479166666666 0.21201388888888886 0.1620486111111111 0.05628472222222225
6 0.7447685185185186 0.2541377314814815 0.1932986111111111 0.057210648148148205
6 0.800931712962963 0.20552662037037037 0.19065972222222244 0.06649305555555554
8 0.4557175925925926 0.14220486111111114 0.1909027777777778 0.07118055555555554
8 0.78171875 0.3782349537037037 0.15736111111111112 0.05614583333333343
7 0.4064641203703704 0.1882638888888889 0.30181712962962964 0.10410879629629632
11 0.26337384259259256 0.08452546296296297 0.2261689814814815 0.08938657407407406
11 0.8596354166666667 0.22100115740740742 0.1450231481481481 0.05890046296296294
10 0.6785011574074075 0.18333333333333335 0.24006944444444436 0.08667824074074071
3 0.5322916666666666 0.5475925925925926 0.15719907407407413 0.05302083333333343
3 0.35480324074074077 0.5802372685185185 0.16994212962962968 0.058078703703703737
3 0.24509259259259258 0.5920949074074074 0.18572916666666667 0.06166666666666672
5 0.26320601851851855 0.6698032407407407 0.2255208333333334 0.07688657407407398
2 0.37016782407407406 0.6502025462962963 0.2065277777777778 0.07164351851851851
0 0.4743287037037037 0.6369444444444444 0.2200231481481481 0.061122685185185155
1 0.5990856481481481 0.6285532407407407 0.2534837962962964 0.07459490740740744
4 0.6617592592592593 0.6149594907407407 0.22034722222222225 0.06737268518518516
5 0.8380092592592593 0.5886111111111111 0.13968750000000013 0.04626157407407412
2 0.7743113425925925 0.5975405092592594 0.14938657407407413 0.05278935185185176