9 0.3171875 0.66640625 0.0453125 0.1578125
9 0.35078125 0.31875 0.03671875 0.12734375
9 0.421875 0.0453125 0.0234375 0.08984375
9 0.46484375 0.046875 0.02734375 0.09375
9 0.53984375 0.13203125 0.02734375 0.08984375
9 0.55859375 0.1203125 0.02109375 0.10234375
9 0.3828125 0.77109375 0.05078125 0.16953125
9 0.2546875 0.57109375 0.04296875 0.15234375
6 0.28828125 0.2875 0.040625 0.18203125
6 0.23984375 0.234375 0.05 0.17890625
8 0.18671875 0.56640625 0.0546875 0.1765625
8 0.40703125 0.25234375 0.04140625 0.146875
7 0.23203125 0.6140625 0.0765625 0.2828125
11 0.13515625 0.75078125 0.06953125 0.21015625
11 0.25390625 0.178125 0.0453125 0.1359375
10 0.22109375 0.3515625 0.06484375 0.225
3 0.57578125 0.49296875 0.0390625 0.146875
3 0.61171875 0.66328125 0.04140625 0.159375
3 0.625 0.76875 0.04375 0.175
5 0.69921875 0.75078125 0.05703125 0.21015625
2 0.678125 0.6484375 0.053125 0.19296875
0 0.66328125 0.5484375 0.04296875 0.20859375
1 0.65234375 0.42734375 0.053125 0.2390625
4 0.63828125 0.3671875 0.04765625 0.20703125
5 0.60859375 0.1984375 0.0328125 0.13125
2 0.61875 0.259375 0.03828125 0.13984375