3 0.9340624999999999 0.2267013888888889 0.057916666666666575 0.07305555555555561
3 0.7071875000000001 0.3456944444444444 0.061562500000000145 0.08093750000000002
3 0.6027083333333334 0.3581944444444444 0.06624999999999996 0.08104166666666668
3 0.9697395833333333 0.5765972222222222 0.06052083333333336 0.0926388888888889
9 0.78 0.2911458333333333 0.06114583333333332 0.07468750000000002
9 0.37526041666666665 0.25796875 0.057500000000000016 0.0668055555555556
8 0.5375520833333333 0.27015625 0.06822916666666679 0.08732638888888893
11 0.9133854166666666 0.31439236111111113 0.08291666666666657 0.09701388888888891
11 0.8965624999999999 0.4247916666666667 0.09468749999999986 0.1097569444444444
10 0.66078125 0.4921006944444445 0.10802083333333332 0.14593749999999997
7 0.5342708333333334 0.44326388888888885 0.10895833333333335 0.16000000000000014
0 0.2892708333333333 0.32548611111111114 0.08552083333333335 0.11267361111111107
0 0.2863020833333333 0.49157986111111107 0.11104166666666666 0.12104166666666671
0 0.70703125 0.2146354166666667 0.06166666666666672 0.08250000000000002
0 0.7550520833333334 0.4434895833333333 0.08812500000000015 0.10493055555555557
1 0.4146875 0.6153472222222222 0.14895833333333322 0.1749305555555555
4 0.8651562500000001 0.5738715277777778 0.1265625 0.16663194444444435
6 0.4798958333333333 0.353125 0.057499999999999926 0.11361111111111111