6 0.7788599537037036 0.09811921296296297 0.09228009259259266 0.19623842592592594
2 0.7016435185185186 0.08237847222222222 0.09358796296296283 0.16475694444444444
3 0.6117708333333333 0.07919560185185184 0.07620370370370359 0.1583912037037037
3 0.5443576388888889 0.21414930555555553 0.06984953703703703 0.15098379629629638
1 0.7129976851851852 0.4336226851851852 0.1081712962962964 0.2633101851851851
0 0.7656655092592592 0.49337384259259254 0.07325231481481484 0.18859953703703702
3 0.691880787037037 0.54296875 0.054027777777777786 0.12384259259259256
3 0.6391030092592592 0.49806134259259255 0.05409722222222228 0.13321759259259275
3 0.6537384259259259 0.631076388888889 0.04768518518518512 0.11111111111111108
3 0.4419733796296296 0.43428819444444444 0.06354166666666661 0.14293981481481488
4 0.31971643518518517 0.2794849537037037 0.10660879629629623 0.2632523148148148
5 0.5005555555555555 0.8554398148148149 0.04774305555555554 0.11892361111111108
3 0.4758738425925926 0.8133969907407408 0.044490740740740796 0.10162037037037024
0 0.4529340277777778 0.8525173611111111 0.05109953703703703 0.1502893518518519
5 0.41694444444444445 0.8608796296296296 0.052465277777777784 0.12378472222222214
9 0.8867129629629631 0.6005787037037036 0.05082175925925938 0.1127893518518519
6 0.8133796296296296 0.694675925925926 0.06840277777777785 0.16655092592592596
9 0.8335358796296297 0.6095775462962962 0.05709490740740719 0.11614583333333339
8 0.8455381944444443 0.6763020833333334 0.05716435185185205 0.12552083333333322
8 0.7722858796296297 0.7594618055555555 0.06035879629629619 0.13501157407407405
10 0.476568287037037 0.614207175925926 0.07340277777777775 0.20891203703703703
9 0.3669907407407408 0.11840277777777777 0.07627314814814809 0.17465277777777777
9 0.4221006944444444 0.5865451388888889 0.04773148148148145 0.11736111111111107
9 0.4302662037037037 0.6440393518518519 0.05087962962962962 0.1206018518518519
7 0.3876388888888889 0.7049768518518518 0.08908564814814816 0.21730324074074064
11 0.3388946759259259 0.5372974537037036 0.06991898148148153 0.16035879629629618
11 0.28704861111111113 0.3666087962962963 0.08091435185185185 0.16857638888888893