3 0.11754629629629629 0.2497106481481482 0.17864583333333334 0.0729282407407407
3 0.22675925925925924 0.35898148148148146 0.16435185185185192 0.06490740740740737
9 0.07963541666666667 0.5096527777777778 0.15927083333333333 0.06819444444444436
6 0.19118055555555555 0.08384837962962963 0.2400925925925926 0.09101851851851853
10 0.38431134259259264 0.39178819444444446 0.2571412037037037 0.08658564814814813
4 0.21326388888888886 0.603605324074074 0.27947916666666667 0.10253472222222229
0 0.5768113425925926 0.22026041666666668 0.1974884259259259 0.0763310185185185
3 0.5945775462962963 0.3058969907407407 0.1296064814814816 0.05189814814814815
3 0.5332638888888889 0.34585069444444444 0.13273148148148142 0.05194444444444439
3 0.6668055555555557 0.3719849537037037 0.11379629629629626 0.04541666666666666
1 0.7154050925925926 0.2603761574074074 0.23829861111111122 0.0831828703703704
3 0.8007291666666667 0.5433622685185184 0.10579861111111129 0.03905092592592609
3 0.770636574074074 0.6101851851851852 0.10745370370370377 0.04219907407407408
5 0.8313715277777778 0.5897627314814815 0.12312499999999993 0.04399305555555557
0 0.8104282407407407 0.6377083333333333 0.15589120370370396 0.042916666666666714
5 0.8015740740740741 0.6729803240740742 0.1294675925925926 0.04721064814814824
3 0.8119097222222222 0.693130787037037 0.10244212962962962 0.03119212962962976
9 0.715318287037037 0.13152777777777777 0.1169675925925926 0.04702546296296295
9 0.7083217592592592 0.1831712962962963 0.12344907407407409 0.054930555555555524
8 0.7750925925925926 0.19623842592592594 0.1328240740740741 0.055069444444444435
6 0.7858159722222222 0.22965856481481478 0.16407407407407426 0.05553240740740737
8 0.8284027777777776 0.29462384259259256 0.13273148148148123 0.05194444444444439
11 0.8090451388888888 0.34176504629629634 0.13277777777777794 0.05350694444444439
9 0.5102256944444445 0.4117881944444445 0.12951388888888893 0.04877314814814824
9 0.6810821759259259 0.5490393518518518 0.11374999999999993 0.04385416666666657
9 0.5455729166666666 0.5893113425925925 0.1296064814814816 0.051898148148148235
9 0.5992013888888889 0.5978877314814814 0.12004629629629626 0.045509259259259235
7 0.6489351851851852 0.6588425925925926 0.22883101851851856 0.0799189814814815
11 0.4646527777777777 0.658449074074074 0.1659143518518519 0.06493055555555553