3 0.24453125 0.575 0.08203125 0.29375
3 0.20625 0.35 0.0484375 0.18046875
3 0.45078125 0.36640625 0.0390625 0.16640625
3 0.48515625 0.3421875 0.0359375 0.15
3 0.609375 0.54375 0.06953125 0.24609375
3 0.5765625 0.4421875 0.053125 0.1875
3 0.56328125 0.328125 0.0375 0.11875
3 0.6015625 0.40078125 0.04296875 0.16484375
9 0.21875 0.4484375 0.05546875 0.23203125
9 0.19921875 0.29375 0.0421875 0.15234375
9 0.32734375 0.28203125 0.04609375 0.14296875
9 0.36015625 0.3265625 0.0453125 0.146875
9 0.39140625 0.390625 0.05 0.1734375
9 0.41875 0.4359375 0.05703125 0.19609375
9 0.53359375 0.47421875 0.05234375 0.20859375
9 0.81796875 0.50390625 0.059375 0.20859375