3 0.7759375 0.43176504629629625 0.06576388888888882 0.1446296296296296
3 0.64484375 0.8417881944444444 0.06531249999999993 0.16960648148148144
3 0.5874131944444445 0.3235474537037037 0.054340277777777855 0.13353009259259263
3 0.570138888888889 0.233900462962963 0.04916666666666671 0.12252314814814813
3 0.5153645833333333 0.14480902777777777 0.052430555555555536 0.12569444444444447
3 0.4683506944444444 0.31827546296296294 0.054548611111111 0.13821759259259264
3 0.4767708333333333 0.41978009259259264 0.05333333333333332 0.14600694444444445
3 0.43536458333333333 0.6314699074074074 0.05906249999999993 0.16951388888888896
9 0.8169444444444445 0.2990393518518518 0.0595833333333335 0.14609953703703704
9 0.7184201388888889 0.6327488425925927 0.0746180555555556 0.16818287037037044
9 0.721111111111111 0.18319444444444444 0.05413194444444436 0.12884259259259262
9 0.6660243055555556 0.29814814814814816 0.05583333333333336 0.1319907407407408
9 0.6185937499999999 0.42706018518518524 0.05802083333333332 0.1460763888888888
9 0.5810069444444445 0.5136111111111111 0.058368055555555645 0.15388888888888896
9 0.49088541666666663 0.5438715277777778 0.05993055555555564 0.15391203703703696
9 0.3168402777777778 0.4448206018518519 0.06052083333333336 0.1320601851851851