3 0.792818287037037 0.31904513888888886 0.11135416666666664 0.2696180555555555
3 0.7295717592592592 0.5266666666666667 0.06687499999999993 0.17020833333333343
3 0.4220138888888889 0.39368055555555553 0.09723379629629622 0.2614930555555556
3 0.49651620370370375 0.5646527777777777 0.06687499999999993 0.17020833333333343
3 0.4447511574074074 0.5931423611111111 0.05733796296296294 0.14812499999999992
3 0.39310185185185187 0.5005555555555555 0.07653935185185183 0.20947916666666674
3 0.3349479166666667 0.5479340277777778 0.07006944444444443 0.17965277777777794
3 0.33900462962962963 0.632986111111111 0.05726851851851853 0.13874999999999993
9 0.7567939814814815 0.43701388888888887 0.08278935185185184 0.20961805555555557
9 0.7143055555555555 0.5840277777777778 0.06206018518518519 0.15291666666666667
9 0.5667129629629629 0.47326388888888893 0.07802083333333343 0.198576388888889
9 0.5694328703703704 0.5278819444444445 0.06847222222222218 0.1749305555555555
9 0.589832175925926 0.6211631944444445 0.05262731481481477 0.14489583333333336
9 0.4699421296296296 0.4613541666666666 0.08927083333333333 0.24100694444444457
9 0.12142939814814815 0.47925347222222225 0.09709490740740741 0.24274305555555548