3 0.2166550925925926 0.5816087962962964 0.1311111111111111 0.3173958333333333
3 0.17015625 0.35292245370370373 0.07857638888888889 0.19417824074074072
3 0.42755787037037035 0.33905671296296297 0.0668055555555556 0.17979166666666674
3 0.46281828703703703 0.3099363425925926 0.06109953703703699 0.16246527777777775
3 0.5986226851851851 0.5055613425925926 0.1093055555555555 0.26527777777777783
3 0.5618113425925927 0.40292824074074074 0.08538194444444436 0.2037384259259259
3 0.5438020833333334 0.2857002314814815 0.0575925925925926 0.1296064814814814
3 0.587199074074074 0.35616319444444444 0.06974537037037046 0.17675925925925923
9 0.1860127314814815 0.4538368055555555 0.09440972222222221 0.25079861111111124
9 0.16112847222222224 0.2946990740740741 0.06900462962962965 0.16425925925925924
9 0.2953761574074074 0.26654513888888887 0.0700115740740741 0.15493055555555557
9 0.3302835648148148 0.3091840277777778 0.06863425925925926 0.15800925925925924
9 0.3655497685185185 0.37208912037037034 0.07976851851851849 0.18797453703703706
9 0.3965046296296296 0.415625 0.0890625 0.21320601851851856
9 0.5166203703703703 0.4417013888888889 0.08667824074074079 0.22561342592592587
9 0.8171238425925926 0.4374768518518518 0.09449074074074063 0.22584490740740737