3 0.2421875 0.4640625 0.046875 0.13984375
3 0.42578125 0.85546875 0.04375 0.16484375
3 0.41484375 0.3390625 0.03671875 0.12890625
3 0.42109375 0.2484375 0.0328125 0.11875
3 0.4625 0.15546875 0.0359375 0.1203125
3 0.53125 0.321875 0.03671875 0.134375
3 0.5375 0.42265625 0.03359375 0.14140625
3 0.6046875 0.62734375 0.03828125 0.16484375
9 0.18359375 0.33828125 0.040625 0.14140625
9 0.32578125 0.65625 0.05234375 0.1625
9 0.2640625 0.2140625 0.0375 0.12421875
9 0.33359375 0.321875 0.0390625 0.12734375
9 0.396875 0.44375 0.0390625 0.14140625
9 0.44609375 0.52578125 0.0390625 0.1484375
9 0.53828125 0.546875 0.040625 0.1484375
9 0.6984375 0.43203125 0.04296875 0.12734375