5 0.13359375 0.709375 0.05625 0.16875
2 0.184375 0.72890625 0.0546875 0.16953125
3 0.25859375 0.75078125 0.04140625 0.1390625
3 0.35390625 0.67109375 0.03515625 0.13203125
1 0.271875 0.4375 0.0546875 0.2265625
4 0.3953125 0.4625 0.04296875 0.20390625
3 0.35703125 0.4125 0.0296875 0.1140625
0 0.2484375 0.3765625 0.02890625 0.159375
3 0.328125 0.359375 0.03046875 0.10703125
3 0.45625 0.50625 0.03203125 0.1171875
3 0.38671875 0.296875 0.02421875 0.09921875
10 0.36953125 0.32578125 0.03515625 0.18515625
6 0.46328125 0.4171875 0.0328125 0.1640625
9 0.41015625 0.42890625 0.02890625 0.12109375
9 0.54375 0.27890625 0.025 0.10078125
9 0.57265625 0.40078125 0.02890625 0.11171875
9 0.5875 0.35234375 0.02578125 0.10703125
9 0.2375 0.26953125 0.0296875 0.0953125
8 0.246875 0.209375 0.0328125 0.115625
6 0.27265625 0.20078125 0.03203125 0.13203125
8 0.32734375 0.1609375 0.03125 0.11015625
9 0.2765625 0.16953125 0.0265625 0.08515625
9 0.47109375 0.8109375 0.03984375 0.14609375
9 0.55078125 0.71796875 0.03828125 0.1328125
11 0.6234375 0.86640625 0.0484375 0.1828125
7 0.6328125 0.30390625 0.0390625 0.2015625
11 0.63125 0.471875 0.03828125 0.1453125
3 0.59765625 0.1890625 0.0234375 0.09453125
0 0.6265625 0.1546875 0.02890625 0.13671875
5 0.66484375 0.159375 0.028125 0.1125
3 0.684375 0.146875 0.021875 0.090625