3 0.353125 0.44453125 0.06875 0.16015625
3 0.11953125 0.41875 0.06015625 0.13125
3 0.37265625 0.35859375 0.03671875 0.090625
3 0.55703125 0.4125 0.05 0.1296875
3 0.6515625 0.3640625 0.03828125 0.09921875
3 0.68828125 0.409375 0.05078125 0.13125
3 0.82265625 0.36640625 0.05234375 0.10546875
9 0.265625 0.38828125 0.0546875 0.11015625
9 0.41640625 0.41484375 0.05703125 0.13359375
9 0.4546875 0.38203125 0.04296875 0.09921875
9 0.43984375 0.34375 0.02734375 0.0796875
9 0.3921875 0.39296875 0.03984375 0.1140625
9 0.5203125 0.359375 0.040625 0.09765625
9 0.571875 0.34140625 0.0375 0.084375
9 0.7453125 0.475 0.08203125 0.190625