6 0.12578125 0.7125 0.059375 0.2140625
6 0.2375 0.19453125 0.028125 0.15234375
9 0.16171875 0.26484375 0.03359375 0.09765625
9 0.20703125 0.2703125 0.034375 0.10234375
8 0.21484375 0.20234375 0.03125 0.121875
8 0.3 0.153125 0.03203125 0.11875
11 0.34296875 0.16171875 0.03515625 0.11484375
10 0.3921875 0.52890625 0.0484375 0.2296875
9 0.4125 0.4265625 0.0296875 0.12421875
9 0.50703125 0.8078125 0.04609375 0.1578125
0 0.23828125 0.375 0.0453125 0.1734375
1 0.26875 0.2546875 0.05 0.21953125
3 0.31640625 0.353125 0.03203125 0.11875
3 0.35234375 0.40859375 0.03046875 0.1203125
3 0.37265625 0.28828125 0.03125 0.10625
9 0.5390625 0.2609375 0.025 0.11171875
9 0.57734375 0.3796875 0.03125 0.11875
9 0.5890625 0.33046875 0.02265625 0.11328125
4 0.590625 0.67109375 0.05546875 0.2421875
11 0.64375 0.4484375 0.0421875 0.15390625
7 0.6375 0.27890625 0.0421875 0.21015625
3 0.271875 0.77421875 0.04765625 0.15390625
3 0.36953125 0.67265625 0.0390625 0.14140625
3 0.52890625 0.15 0.0234375 0.09921875
3 0.5921875 0.171875 0.0203125 0.10234375
5 0.57421875 0.121875 0.0296875 0.1203125
0 0.61640625 0.13125 0.0234375 0.1453125
5 0.6515625 0.13828125 0.02890625 0.1203125
3 0.671875 0.12265625 0.0203125 0.09765625