3 0.16085069444444444 0.24383680555555554 0.17506944444444444 0.07986111111111108
3 0.26309027777777777 0.35011574074074076 0.16083333333333333 0.07152777777777777
3 0.39383680555555556 0.29765625 0.1450347222222222 0.06313657407407405
3 0.5601041666666667 0.3328703703703703 0.12927083333333336 0.05630787037037042
3 0.6242013888888889 0.29380787037037037 0.13076388888888885 0.05324074074074074
4 0.5361631944444445 0.2510127314814815 0.23788194444444438 0.09623842592592595
5 0.20190972222222223 0.08229166666666668 0.2113888888888889 0.09837962962962962
2 0.17928819444444444 0.15182291666666667 0.20815972222222223 0.09357638888888889
0 0.6057465277777778 0.2109664351851852 0.19065972222222208 0.07887731481481489
1 0.6989583333333333 0.23171296296296298 0.23611111111111108 0.08680555555555554
3 0.7518229166666666 0.31171875 0.11347222222222228 0.0479166666666667
3 0.6868229166666666 0.3562789351851852 0.11972222222222229 0.04814814814814809
3 0.7873090277777777 0.5765914351851852 0.10878472222222228 0.04774305555555554
5 0.8092534722222222 0.6429108796296296 0.11822916666666679 0.05121527777777786
8 0.8446875 0.27783564814814815 0.12777777777777785 0.059375
8 0.7921701388888889 0.18220486111111112 0.13565972222222217 0.06278935185185182
6 0.801579861111111 0.21542245370370372 0.16059027777777785 0.06059027777777777
10 0.7578472222222222 0.42702546296296295 0.198298611111111 0.07135416666666661
9 0.44414930555555554 0.4573784722222222 0.1418055555555556 0.05833333333333339
9 0.11307291666666668 0.4969618055555555 0.16878472222222224 0.07806712962962958
9 0.6962847222222222 0.5276620370370371 0.11031250000000004 0.046238425925925954
9 0.5044444444444445 0.5191550925925925 0.12305555555555561 0.05763888888888893
9 0.22378472222222223 0.5732638888888889 0.15291666666666667 0.06655092592592596
9 0.5658333333333333 0.5668402777777778 0.11982638888888886 0.0528356481481481
9 0.6178993055555555 0.5774016203703705 0.11659722222222228 0.04803240740740726
7 0.6619965277777778 0.6304108796296296 0.218888888888889 0.08460648148148131
11 0.48706597222222225 0.6337673611111111 0.15767361111111117 0.06984953703703703
11 0.08522569444444444 0.665335648148148 0.1704513888888889 0.09120370370370381