3 0.7032812500000001 0.829050925925926 0.06864583333333343 0.06960648148148145
3 0.4922916666666667 0.8438946759259259 0.05934027777777775 0.07217592592592581
3 0.45758680555555553 0.615005787037037 0.054479166666666676 0.06408564814814817
3 0.39710069444444446 0.49297453703703703 0.04809027777777786 0.05746527777777786
3 0.7533333333333333 0.4375347222222222 0.06687499999999993 0.060138888888888783
3 0.5547569444444445 0.4204340277777778 0.057499999999999926 0.05958333333333332
3 0.5026215277777778 0.3088310185185185 0.051423611111111 0.06702546296296301
3 0.37092013888888886 0.16137152777777777 0.05791666666666666 0.07833333333333332
9 0.25883680555555555 0.7812673611111112 0.05934027777777775 0.07217592592592599
9 0.5222916666666666 0.7227430555555555 0.05756944444444443 0.06270833333333332
9 0.7254687499999999 0.6381423611111112 0.06687499999999993 0.060138888888888783
9 0.5992013888888889 0.6323611111111112 0.060694444444444426 0.06289351851851847
9 0.6127604166666666 0.513744212962963 0.06374999999999993 0.05995370370370381
9 0.6360590277777778 0.34305555555555556 0.05763888888888893 0.06583333333333333
9 0.7772222222222223 0.2753935185185185 0.06701388888888893 0.06638888888888887
9 0.6698090277777778 0.1584837962962963 0.06409722222222207 0.07557870370370372