6 0.8476041666666667 0.7961226851851853 0.23031250000000014 0.07303240740740743
6 0.21494791666666666 0.774681712962963 0.1619791666666667 0.05086805555555536
9 0.29937500000000006 0.8045428240740741 0.11802083333333328 0.04450231481481488
9 0.45328125 0.5458333333333334 0.14291666666666672 0.044791666666666785
9 0.30005208333333333 0.8618055555555555 0.12114583333333337 0.04473379629629619
9 0.87203125 0.36171875 0.17072916666666665 0.06550925925925925
8 0.22432291666666665 0.8093171296296295 0.13552083333333337 0.05046296296296297
8 0.16442708333333333 0.7234664351851852 0.136875 0.04745370370370381
11 0.17130208333333333 0.6734953703703704 0.1307291666666667 0.048553240740740834
10 0.42020833333333335 0.4265914351851852 0.228125 0.06354166666666661
9 0.25494791666666666 0.44432870370370364 0.12041666666666666 0.03379629629629619
9 0.3856770833333333 0.3796875 0.1304166666666667 0.04386574074074066
9 0.32697916666666665 0.3824652777777778 0.12395833333333339 0.04027777777777786
7 0.26786458333333335 0.33188657407407407 0.23177083333333331 0.07158564814814809
11 0.37890625 0.3134548611111111 0.15760416666666668 0.055208333333333304
4 0.59375 0.768605324074074 0.26416666666666655 0.09108796296296298
0 0.42265625 0.7459490740740741 0.19416666666666665 0.06724537037037023
1 0.28197916666666667 0.73203125 0.2505208333333333 0.07297453703703702
3 0.38828125 0.6660590277777778 0.12770833333333337 0.04988425925925917
3 0.44515625 0.6123842592592592 0.13385416666666677 0.048784722222222146
3 0.30552083333333335 0.6140914351851852 0.1208333333333333 0.04004629629629619
3 0.880625 0.620167824074074 0.16239583333333343 0.05711805555555553
3 0.7509374999999999 0.5355613425925926 0.1588541666666666 0.05063657407407405
3 0.13369791666666667 0.4745081018518519 0.11104166666666666 0.0331018518518519
3 0.15348958333333335 0.4063078703703703 0.1078125 0.031307870370370416
5 0.10807291666666666 0.34921875 0.1208333333333333 0.04004629629629628
5 0.10348958333333333 0.4335648148148149 0.12999999999999998 0.03761574074074083
0 0.10734375 0.3853877314814815 0.15479166666666666 0.03634259259259256