3 0.7984953703703704 0.7794849537037036 0.17939814814814808 0.07233796296296298
3 0.6897858796296296 0.6669560185185185 0.16319444444444428 0.06336805555555554
3 0.5579282407407408 0.7184606481481481 0.14577546296296298 0.05896990740740744
3 0.38657407407407407 0.677488425925926 0.13269675925925933 0.05023148148148149
3 0.32167245370370373 0.7158854166666667 0.1325810185185185 0.04866898148148149
4 0.4133101851851852 0.7619502314814814 0.24259259259259255 0.08634259259259273
5 0.7620659722222223 0.9425347222222221 0.21493055555555554 0.09050925925925953
2 0.782957175925926 0.8725983796296297 0.21469907407407404 0.08738425925925952
0 0.34444444444444444 0.8008391203703702 0.19322916666666662 0.07025462962962976
1 0.24800347222222224 0.7771990740740741 0.2403356481481481 0.07685185185185191
3 0.19045138888888888 0.6951678240740741 0.11516203703703702 0.04427083333333322
3 0.25503472222222223 0.650462962962963 0.12285879629629629 0.04328703703703703
3 0.14389467592592592 0.4222800925925926 0.11059027777777777 0.045486111111111074
5 0.1191261574074074 0.35367476851851853 0.11996527777777777 0.04618055555555554
8 0.09699074074074074 0.726736111111111 0.12991898148148148 0.0546875
8 0.15410879629629629 0.8252314814814815 0.13784722222222223 0.05682870370370381
6 0.1424189814814815 0.7921585648148148 0.1640625 0.05410879629629619
10 0.17960069444444443 0.5765335648148148 0.20214120370370373 0.06469907407407405
9 0.5002025462962962 0.5539351851851853 0.1453125 0.05271990740740744
9 0.838917824074074 0.5201099537037037 0.1731481481481481 0.071875
9 0.23975694444444445 0.47494212962962956 0.11359953703703703 0.04415509259259274
9 0.43596643518518513 0.48790509259259257 0.12355324074074084 0.05266203703703702
9 0.7223090277777777 0.43998842592592596 0.15526620370370364 0.06122685185185191
9 0.37213541666666666 0.4376157407407407 0.12332175925925926 0.049537037037037025
9 0.31796875 0.42653356481481486 0.11828703703703702 0.04450231481481488
7 0.2703414351851852 0.36958912037037034 0.2215856481481481 0.07546296296296298
11 0.45011574074074073 0.3711226851851852 0.16006944444444446 0.06313657407407405
11 0.8775462962962962 0.34858217592592594 0.20833333333333356 0.08535879629629636