3 0.11640625 0.20546875 0.0515625 0.06953125
3 0.340625 0.3234375 0.05234375 0.0765625
3 0.44140625 0.3375 0.0578125 0.0765625
3 0.08828125 0.5375 0.0859375 0.08671875
9 0.2671875 0.26953125 0.05234375 0.0703125
9 0.6515625 0.24609375 0.04921875 0.0625
8 0.49765625 0.2546875 0.05859375 0.08203125
11 0.14140625 0.2890625 0.0734375 0.090625
11 0.16484375 0.39453125 0.0828125 0.1015625
10 0.39453125 0.4640625 0.09375 0.13828125
7 0.51171875 0.4203125 0.09375 0.15078125
0 0.73828125 0.3125 0.07421875 0.10546875
0 0.7515625 0.47109375 0.09921875 0.1140625
0 0.3328125 0.19765625 0.05234375 0.078125
0 0.3015625 0.415625 0.07734375 0.0984375
1 0.6375 0.5875 0.1296875 0.1640625
4 0.2046875 0.5375 0.11015625 0.15546875
6 0.55859375 0.33515625 0.0484375 0.1078125