6 0.8173032407407407 0.0847511574074074 0.22795138888888894 0.07748842592592595
2 0.8519965277777777 0.15133101851851852 0.20341435185185192 0.08188657407407404
3 0.853761574074074 0.24288194444444441 0.16510416666666677 0.06817129629629629
3 0.7272858796296295 0.34548611111111105 0.15046296296296297 0.05931712962962958
1 0.477662037037037 0.24354745370370368 0.26001157407407405 0.09074074074074075
0 0.40868055555555555 0.20980902777777777 0.18628472222222214 0.060416666666666695
3 0.37297453703703703 0.29325810185185186 0.12309027777777785 0.04641203703703702
3 0.4267650462962963 0.3327835648148148 0.13391203703703702 0.04565972222222214
3 0.2906828703703704 0.35529513888888886 0.1116898148148148 0.03935185185185182
3 0.5244502314814815 0.5034722222222222 0.14230324074074083 0.054050925925925954
4 0.70078125 0.5774305555555556 0.26313657407407404 0.09097222222222215
5 0.09351851851851851 0.5625868055555555 0.11961805555555553 0.04149305555555553
3 0.13917824074074076 0.5755208333333334 0.10063657407407404 0.036979166666666785
0 0.10416666666666666 0.607638888888889 0.1507523148148148 0.04224537037037024
5 0.10138888888888889 0.6451388888888889 0.12453703703703703 0.044965277777777854
9 0.28142361111111114 0.12366898148148149 0.11047453703703702 0.04392361111111107
6 0.1989872685185185 0.2191261574074074 0.16440972222222222 0.05879629629629628
9 0.28139467592592593 0.17650462962962962 0.11394675925925926 0.04884259259259256
8 0.2116898148148148 0.1839988425925926 0.1234375 0.05109953703703703
8 0.14186921296296298 0.2769675925925926 0.134375 0.05190972222222223
10 0.33912037037037035 0.51953125 0.20960648148148148 0.060590277777777854
9 0.853443287037037 0.48842592592592593 0.17123842592592595 0.06707175925925916
9 0.3754340277777778 0.564236111111111 0.11649305555555553 0.04126157407407405
9 0.3157696759259259 0.5725405092592593 0.12129629629629628 0.04317129629629637
7 0.2625 0.6308738425925926 0.2153356481481481 0.075
11 0.4388599537037036 0.6310185185185185 0.15815972222222213 0.05833333333333339
11 0.6180555555555556 0.634837962962963 0.1653356481481481 0.07129629629629619