10 0.2625 0.3203125 0.05078125 0.215625
9 0.4390625 0.4328125 0.03671875 0.12890625
9 0.271875 0.69140625 0.046875 0.16640625
9 0.3234375 0.35625 0.034375 0.12578125
9 0.34453125 0.1859375 0.02890625 0.109375
9 0.2984375 0.5109375 0.03515625 0.13828125
9 0.2828125 0.60078125 0.0453125 0.1578125
9 0.33203125 0.2921875 0.03125 0.11328125
3 0.503125 0.4421875 0.0328125 0.12734375
9 0.3359375 0.240625 0.02578125 0.109375
3 0.66796875 0.68828125 0.04140625 0.1625
3 0.63125 0.51953125 0.03515625 0.13984375
3 0.6109375 0.37578125 0.0328125 0.11875
3 0.653125 0.59921875 0.04296875 0.15
3 0.59296875 0.2140625 0.0296875 0.10234375
5 0.74375 0.6703125 0.0546875 0.2015625
3 0.60625 0.31015625 0.03203125 0.11484375
3 0.60078125 0.25390625 0.028125 0.1078125
0 0.6984375 0.4875 0.03828125 0.203125
2 0.71875 0.58125 0.05234375 0.1859375
5 0.640625 0.1953125 0.03203125 0.12890625
0 0.66015625 0.28671875 0.03203125 0.16953125
4 0.67421875 0.334375 0.040625 0.20859375
1 0.6890625 0.38203125 0.0453125 0.24765625
11 0.1796875 0.66796875 0.065625 0.19296875
6 0.2234375 0.49609375 0.053125 0.21015625
11 0.2921875 0.178125 0.0390625 0.12578125
8 0.19765625 0.5921875 0.05234375 0.17890625
7 0.23984375 0.371875 0.0640625 0.2546875
6 0.27265625 0.26640625 0.040625 0.171875