8 0.3546875 0.54375 0.04765625 0.17890625
9 0.2953125 0.3921875 0.034375 0.12890625
9 0.25546875 0.7578125 0.04765625 0.175
9 0.42109375 0.4625 0.03515625 0.13984375
6 0.47109375 0.23984375 0.0375 0.171875
7 0.1765625 0.59765625 0.08359375 0.321875
11 0.20625 0.5609375 0.05859375 0.1984375
10 0.2265625 0.35625 0.06328125 0.23203125
9 0.3 0.321875 0.03828125 0.1203125
9 0.30234375 0.2671875 0.0359375 0.12734375
9 0.30859375 0.20703125 0.03359375 0.1203125
6 0.2375 0.29921875 0.0453125 0.184375
8 0.23828125 0.26015625 0.03984375 0.1484375
11 0.2546875 0.20859375 0.0453125 0.15234375
3 0.48828125 0.46640625 0.03828125 0.14296875
3 0.56953125 0.2234375 0.0296875 0.1078125
3 0.5765625 0.26484375 0.02890625 0.11171875
3 0.5859375 0.31796875 0.03046875 0.121875
3 0.59375 0.38671875 0.034375 0.12578125
3 0.621875 0.53671875 0.03984375 0.14296875
3 0.64921875 0.62578125 0.0421875 0.1578125
3 0.675 0.7109375 0.04921875 0.1765625
5 0.615625 0.1984375 0.03359375 0.13828125
0 0.64453125 0.29296875 0.040625 0.18203125
4 0.65703125 0.33671875 0.053125 0.21796875
1 0.6734375 0.390625 0.0578125 0.25859375
0 0.69296875 0.5 0.05234375 0.2140625
5 0.746875 0.6828125 0.06015625 0.20546875
2 0.5265625 0.3125 0.04140625 0.1609375
2 0.565625 0.5359375 0.046875 0.1765625
9 0.27109375 0.56328125 0.05 0.15
9 0.259375 0.65703125 0.05 0.175