3 0.3693287037037037 0.8690856481481483 0.07041666666666666 0.18597222222222243
3 0.3833275462962963 0.7350752314814815 0.0581828703703704 0.1604050925925927
3 0.30506365740740743 0.34090856481481485 0.05384259259259263 0.13680555555555554
3 0.3542881944444444 0.40377893518518515 0.04495370370370368 0.1456944444444444
3 0.3688946759259259 0.2580497685185185 0.05335648148148149 0.12743055555555555
9 0.1740162037037037 0.22444444444444445 0.05195601851851852 0.13047453703703704
9 0.11957175925925925 0.2169212962962963 0.04726851851851852 0.13023148148148148
9 0.5513715277777778 0.8934085648148148 0.06934027777777771 0.19526620370370368
6 0.5589583333333333 0.3391898148148148 0.050833333333333286 0.19898148148148137
9 0.6074189814814815 0.3714699074074074 0.04783564814814802 0.14116898148148146
9 0.555630787037037 0.23718171296296298 0.03616898148148149 0.12653935185185183
9 0.6168287037037038 0.3108564814814815 0.03918981481481474 0.15474537037037042
11 0.6756828703703703 0.38440972222222225 0.05834490740740748 0.16353009259259252
7 0.6759953703703704 0.25752314814814814 0.07037037037037042 0.24518518518518517
10 0.3904861111111111 0.15890046296296298 0.05665509259259256 0.22109953703703705
11 0.330619212962963 0.10487847222222221 0.05276620370370377 0.14609953703703704
8 0.28192708333333333 0.09217013888888889 0.05168981481481483 0.15539351851851851
6 0.2184375 0.13822916666666668 0.05438657407407401 0.17734953703703704
8 0.1836574074074074 0.14425925925925925 0.05120370370370368 0.14601851851851855
3 0.5447106481481482 0.1003125 0.03428240740740733 0.12020833333333333
5 0.589849537037037 0.09090277777777779 0.03888888888888893 0.11888888888888889
5 0.6819560185185185 0.09724537037037037 0.040451388888888926 0.1189699074074074
3 0.6145891203703704 0.12743634259259257 0.039456018518518474 0.12982638888888892
0 0.22276041666666666 0.35700810185185183 0.07047453703703707 0.21714120370370366
1 0.26001157407407405 0.19756944444444446 0.07182870370370367 0.2733101851851852
9 0.4206250000000001 0.42366898148148147 0.04543981481481474 0.1550694444444444
4 0.4698784722222221 0.5766261574074074 0.07446759259259253 0.2640972222222221