10 0.265625 0.7155671296296297 0.0703125 0.2333333333333334
9 0.44453125 0.5782349537037037 0.0484375 0.14206018518518526
9 0.2484375 0.32232638888888887 0.0625 0.1815393518518519
9 0.328125 0.6707465277777778 0.046875 0.13732638888888893
9 0.36328125 0.8486111111111111 0.0390625 0.11834490740740762
9 0.290625 0.5101388888888889 0.046875 0.14982638888888894
9 0.26796875 0.4170601851851852 0.0578125 0.1720254629629629
9 0.3421875 0.7382986111111111 0.040625 0.12307870370370359
3 0.51171875 0.561400462962963 0.04375 0.13723379629629626
9 0.34921875 0.7912152777777777 0.0359375 0.11825231481481495
3 0.66796875 0.28411458333333334 0.05625 0.17666666666666667
3 0.64140625 0.46615162037037033 0.0484375 0.15143518518518526
3 0.63125 0.6203587962962963 0.04375 0.12785879629629626
3 0.659375 0.37968171296296294 0.0578125 0.1642129629629629
3 0.6234375 0.7924652777777779 0.0390625 0.11209490740740727
5 0.74921875 0.29498842592592595 0.071875 0.21931712962962954
3 0.63125 0.6891087962962963 0.0421875 0.12468749999999992
3 0.628125 0.749357638888889 0.0375 0.1182986111111111
0 0.71484375 0.49288194444444444 0.05625 0.21885416666666657
2 0.7296875 0.3916608796296296 0.0703125 0.2020833333333333
5 0.67578125 0.807320601851852 0.04375 0.14035879629629627
0 0.68984375 0.7092476851851851 0.046875 0.18420138888888893
4 0.70078125 0.6573611111111111 0.059375 0.22675925925925924
1 0.71328125 0.6046469907407408 0.065625 0.2675694444444446
11 0.153125 0.35718171296296297 0.084375 0.21187499999999995
6 0.2125 0.5335474537037037 0.071875 0.22869212962962954
11 0.30859375 0.8627314814814815 0.05 0.1389814814814816
8 0.178125 0.4353472222222222 0.06875 0.19578703703703706
7 0.23828125 0.6640335648148149 0.0859375 0.2775462962962962
6 0.28125 0.7713541666666667 0.05625 0.18604166666666674