2 0.08003472222222222 0.25787037037037036 0.15090277777777777 0.11863425925925926
3 0.08145833333333333 0.35712962962962963 0.14875 0.09199074074074076
3 0.20954861111111112 0.41931712962962964 0.17059027777777774 0.09156250000000003
3 0.43918402777777776 0.44026041666666665 0.1452430555555555 0.0746412037037036
4 0.29215277777777776 0.6520254629629629 0.28729166666666667 0.1459953703703704
1 0.4387326388888889 0.2087673611111111 0.29024305555555563 0.13834490740740737
0 0.49755208333333334 0.14549189814814817 0.20201388888888888 0.10099537037037036
3 0.5446006944444444 0.22126736111111112 0.13104166666666667 0.06766203703703706
3 0.49749999999999994 0.2839351851851852 0.143611111111111 0.07143518518518518
10 0.6041145833333333 0.2596354166666667 0.22548611111111114 0.10377314814814813
9 0.49984375 0.3542071759259259 0.14215277777777793 0.0760416666666666
9 0.7139756944444444 0.4166261574074074 0.12482638888888893 0.0689004629629629
9 0.5955208333333333 0.5064583333333333 0.12628472222222217 0.0642939814814815
9 0.6523784722222222 0.4956886574074074 0.12621527777777786 0.06116898148148149
9 0.11621527777777776 0.618912037037037 0.18024305555555556 0.104548611111111
11 0.1599826388888889 0.7934085648148148 0.1787152777777778 0.10603009259259259
11 0.54453125 0.605306712962963 0.17059027777777783 0.09156249999999985
6 0.09996527777777778 0.1692361111111111 0.1947222222222222 0.1240277777777778
7 0.7165104166666667 0.5306886574074074 0.23194444444444445 0.11347222222222228
9 0.5929166666666668 0.018258101851851852 0.12326388888888892 0.036516203703703703
9 0.6043576388888889 0.059392361111111104 0.12645833333333342 0.0721064814814815
8 0.6828993055555556 0.03964988425925926 0.1438194444444445 0.07929976851851853
6 0.7000173611111111 0.07007523148148148 0.16875 0.07898148148148147
8 0.7644097222222223 0.11679398148148148 0.14059027777777774 0.07596064814814815
5 0.8644444444444443 0.3947453703703704 0.13256944444444443 0.06618055555555565
3 0.8221527777777776 0.42744212962962963 0.11354166666666643 0.05270833333333336
0 0.8647743055555555 0.4447858796296297 0.157673611111111 0.07216435185185191
2 0.8852777777777778 0.452326388888889 0.1276041666666668 0.05343750000000007
5 0.87265625 0.4827025462962963 0.12312499999999993 0.0625694444444445
3 0.8886111111111111 0.4967361111111111 0.10722222222222229 0.049259259259259204