9 0.65390625 0.16940972222222223 0.09045138888888893 0.17555555555555555
9 0.6966319444444444 0.3061979166666667 0.08180555555555565 0.1564583333333333
6 0.6039409722222222 0.41357638888888887 0.09489583333333336 0.20538194444444446
9 0.521701388888889 0.47541666666666665 0.0733680555555555 0.142048611111111
6 0.5724479166666667 0.5119791666666667 0.08809027777777771 0.19260416666666663
11 0.8252604166666666 0.20041666666666663 0.115625 0.21565972222222224
10 0.7047743055555555 0.54203125 0.10708333333333328 0.23399305555555544
11 0.6571354166666666 0.6631076388888889 0.08166666666666664 0.1533333333333335
8 0.5413541666666667 0.6369097222222222 0.0718055555555555 0.14197916666666668
8 0.22512152777777777 0.8021874999999999 0.06819444444444445 0.13090277777777787
9 0.16381944444444443 0.7737326388888889 0.06281249999999998 0.11506944444444436
9 0.5127777777777778 0.7658506944444444 0.06336805555555572 0.12756944444444454
9 0.5932986111111112 0.6477951388888888 0.06329861111111121 0.12600694444444435
9 0.5871701388888889 0.7028819444444444 0.05527777777777772 0.12097222222222222
7 0.6260590277777778 0.7708854166666667 0.11034722222222229 0.23725694444444442
5 0.2422048611111111 0.09887152777777777 0.11565972222222225 0.18135416666666668
2 0.31255208333333334 0.10277777777777777 0.11260416666666666 0.18277777777777776
3 0.4040972222222222 0.10996527777777779 0.09180555555555561 0.17093750000000002
3 0.4726736111111111 0.24946180555555558 0.09479166666666661 0.1679513888888889
3 0.31468749999999995 0.3087152777777778 0.08677083333333328 0.16291666666666665
4 0.2318402777777778 0.4446006944444444 0.12184027777777776 0.2502430555555556
0 0.30335069444444446 0.4571354166666667 0.10107638888888885 0.2040972222222223
5 0.2387673611111111 0.5829166666666667 0.08527777777777779 0.16440972222222214
1 0.2314409722222222 0.6987673611111112 0.11743055555555557 0.2562847222222221
3 0.305 0.5819618055555555 0.07315972222222218 0.137361111111111
3 0.37003472222222217 0.5365104166666667 0.07010416666666668 0.13878472222222218
3 0.3005902777777778 0.6581770833333334 0.06947916666666672 0.12472222222222236
3 0.28727430555555555 0.7269791666666666 0.06798611111111112 0.12621527777777786
3 0.5357465277777778 0.8791493055555556 0.059687500000000074 0.11493055555555572
0 0.5556597222222222 0.9223958333333332 0.07718749999999996 0.15520833333333356
2 0.37265625 0.6130381944444444 0.08718749999999993 0.17229166666666665