11 0.7125 0.83125 0.0546875 0.17734375
9 0.6203125 0.71015625 0.0390625 0.1296875
9 0.49765625 0.81015625 0.03828125 0.14140625
9 0.49453125 0.4328125 0.0296875 0.109375
9 0.5359375 0.20625 0.02578125 0.10234375
8 0.54609375 0.41953125 0.0375 0.13046875
10 0.584375 0.31015625 0.04296875 0.1828125
7 0.64765625 0.2546875 0.04921875 0.196875
11 0.6640625 0.5203125 0.04140625 0.14375
9 0.359375 0.0890625 0.025 0.09453125
3 0.58359375 0.103125 0.02421875 0.090625
3 0.675 0.11171875 0.02890625 0.09296875
0 0.61015625 0.09375 0.028125 0.1390625
0 0.3609375 0.69453125 0.0421875 0.18984375
3 0.303125 0.60859375 0.0359375 0.12421875
3 0.28359375 0.71328125 0.03828125 0.1375
3 0.26796875 0.83984375 0.0421875 0.1484375
3 0.3265625 0.35859375 0.03203125 0.11015625
3 0.34296875 0.20078125 0.0265625 0.1
3 0.33046875 0.278125 0.02734375 0.103125
5 0.265625 0.415625 0.040625 0.1390625
1 0.2890625 0.234375 0.04375 0.20234375
4 0.38046875 0.31953125 0.04140625 0.184375