2 0.21484375 0.85078125 0.06015625 0.2015625
3 0.309375 0.8515625 0.04296875 0.1609375
3 0.4 0.73671875 0.04296875 0.15
3 0.478125 0.53671875 0.034375 0.12890625
4 0.6296875 0.71640625 0.0671875 0.2546875
1 0.26953125 0.48359375 0.05703125 0.26015625
0 0.22734375 0.4171875 0.0453125 0.18046875
3 0.30703125 0.39296875 0.0328125 0.11640625
3 0.35234375 0.44921875 0.03125 0.12734375
10 0.3578125 0.3484375 0.040625 0.2015625
9 0.415625 0.4625 0.0359375 0.12578125
9 0.5265625 0.28671875 0.03359375 0.109375
9 0.57734375 0.4125 0.02890625 0.11328125
9 0.58203125 0.359375 0.02578125 0.11328125
9 0.55546875 0.86796875 0.0546875 0.1609375
11 0.7234375 0.88671875 0.05625 0.19453125
11 0.65234375 0.48046875 0.04375 0.15
6 0.14140625 0.8046875 0.05546875 0.2296875
7 0.6296875 0.31015625 0.04921875 0.20703125
9 0.1234375 0.3 0.034375 0.1078125
9 0.178125 0.30234375 0.0375 0.109375
8 0.1796875 0.22734375 0.03984375 0.12578125
6 0.21171875 0.21953125 0.03125 0.15234375
8 0.26953125 0.1734375 0.0359375 0.12421875
5 0.5453125 0.14765625 0.02890625 0.11953125
3 0.5640625 0.1921875 0.021875 0.10078125
0 0.58984375 0.15859375 0.02734375 0.14140625
2 0.60234375 0.1421875 0.0171875 0.11640625
5 0.62578125 0.16015625 0.02734375 0.109375
3 0.64296875 0.1484375 0.01796875 0.09765625