11 0.30703125 0.225 0.03046875 0.11015625
11 0.2671875 0.55 0.03671875 0.134375
10 0.290625 0.38359375 0.03828125 0.165625
6 0.29921875 0.32890625 0.03203125 0.13671875
7 0.321875 0.6046875 0.04453125 0.2125
9 0.303125 0.734375 0.03515625 0.1140625
9 0.396875 0.41328125 0.02578125 0.09765625
9 0.43984375 0.47421875 0.02734375 0.10234375
9 0.34921875 0.34921875 0.025 0.09609375
9 0.396875 0.2359375 0.021875 0.0890625
9 0.3515625 0.2859375 0.02421875 0.0875
9 0.525 0.15625 0.021875 0.084375
9 0.553125 0.153125 0.02109375 0.0828125
6 0.621875 0.14609375 0.028125 0.1203125
8 0.4375 0.23046875 0.0296875 0.10859375
8 0.38984375 0.5484375 0.034375 0.121875
0 0.4359375 0.61640625 0.034375 0.1546875
0 0.3828125 0.634375 0.03359375 0.1546875
5 0.378125 0.72421875 0.040625 0.14453125
5 0.609375 0.23046875 0.028125 0.10234375
3 0.5703125 0.23203125 0.021875 0.09296875
3 0.490625 0.3515625 0.025 0.09765625
3 0.52734375 0.35 0.0265625 0.0921875
3 0.59609375 0.48828125 0.0296875 0.09765625
3 0.54453125 0.6359375 0.03125 0.10703125
3 0.59765625 0.55 0.028125 0.10078125
2 0.67109375 0.64296875 0.03828125 0.13515625
1 0.63984375 0.453125 0.04296875 0.18671875
4 0.58046875 0.32734375 0.0375 0.1609375
2 0.221875 0.134375 0.0296875 0.10703125