8 0.4798611111111112 0.6095833333333334 0.19506944444444443 0.07229166666666664
9 0.6400694444444444 0.6716666666666666 0.14006944444444436 0.05458333333333343
9 0.24833333333333335 0.718125 0.19194444444444442 0.07208333333333332
9 0.5682291666666666 0.5371875 0.15256944444444437 0.05541666666666671
6 0.807951388888889 0.4805208333333334 0.1854861111111113 0.062291666666666676
7 0.41682291666666665 0.80078125 0.3507986111111112 0.1294791666666665
11 0.4567881944444444 0.7683854166666666 0.2172569444444445 0.08781250000000007
10 0.6753125 0.7436458333333333 0.25177083333333333 0.0963541666666666
9 0.7142361111111111 0.664375 0.13072916666666679 0.05552083333333328
9 0.7728472222222222 0.66125 0.13850694444444436 0.054479166666666676
9 0.8376215277777778 0.6538020833333333 0.13062499999999985 0.050833333333333286
6 0.7376215277777778 0.7308854166666666 0.19972222222222236 0.07104166666666671
8 0.7790625 0.7296875 0.16208333333333336 0.062291666666666676
11 0.83421875 0.7119270833333333 0.16531249999999992 0.0671875
3 0.5674305555555555 0.46604166666666663 0.15576388888888887 0.05874999999999986
3 0.828298611111111 0.3751041666666667 0.11802083333333328 0.0453125
3 0.7851041666666667 0.3678125 0.12114583333333329 0.04552083333333332
3 0.7285763888888889 0.3590625 0.1336458333333333 0.046354166666666606
3 0.6548611111111111 0.3514583333333333 0.13690972222222228 0.05281250000000002
3 0.4961979166666667 0.3236979166666667 0.15583333333333335 0.061875000000000034
3 0.4024826388888888 0.2963020833333333 0.17152777777777786 0.06604166666666664
3 0.3119270833333333 0.27026041666666667 0.19357638888888892 0.07531249999999998
5 0.8577083333333333 0.32541666666666663 0.1494097222222223 0.05364583333333339
0 0.7568923611111111 0.2953645833333333 0.19649305555555543 0.0661458333333333
4 0.7104513888888888 0.2828125 0.23590277777777793 0.084375
1 0.65296875 0.26630208333333333 0.279826388888889 0.09510416666666668
0 0.5383159722222223 0.24734375000000003 0.23277777777777775 0.08416666666666668
5 0.34463541666666664 0.19296875 0.2235763888888888 0.09135416666666671
2 0.7323263888888889 0.4221875 0.1746180555555556 0.06468749999999997
2 0.4951909722222222 0.38401041666666663 0.19350694444444444 0.07218750000000007
9 0.4568055555555556 0.6987500000000001 0.1638541666666667 0.07177083333333342
9 0.3561979166666666 0.71328125 0.19201388888888893 0.07520833333333332