3 0.1637673611111111 0.6946585648148148 0.0919560185185185 0.10219907407407405
3 0.5838599537037037 0.7204166666666667 0.08377314814814803 0.09589120370370363
3 0.5615162037037037 0.4883217592592592 0.055636574074074116 0.06913194444444457
3 0.7964641203703703 0.4338368055555556 0.05048611111111114 0.06128472222222214
3 0.759056712962963 0.5405439814814815 0.06685185185185176 0.07390046296296297
3 0.6656944444444445 0.585925925925926 0.06887731481481474 0.08172453703703705
3 0.2807175925925926 0.46749999999999997 0.060231481481481455 0.06760416666666665
3 0.6402256944444444 0.45923032407407405 0.05554398148148145 0.06756944444444457
9 0.2304398148148148 0.5678645833333333 0.07337962962962959 0.0786342592592593
9 0.31166666666666665 0.4099421296296296 0.05195601851851848 0.05973379629629623
9 0.47388310185185184 0.39318287037037036 0.04386574074074066 0.05498842592592599
9 0.4641956018518519 0.5196180555555555 0.05582175925925927 0.07225694444444457
9 0.5530324074074073 0.6350694444444445 0.07375000000000007 0.08488425925925931
9 0.9637673611111112 0.7029861111111111 0.07246527777777771 0.09436342592592588
9 0.4495601851851852 0.5757349537037036 0.06887731481481474 0.08172453703703689
9 0.4726678240740741 0.4517418981481482 0.05204861111111114 0.061296296296296404