3 0.425 0.82265625 0.0546875 0.16953125
3 0.4296875 0.69609375 0.0453125 0.146875
3 0.3296875 0.33046875 0.0421875 0.12734375
3 0.38046875 0.38671875 0.03359375 0.1359375
3 0.38515625 0.24921875 0.0421875 0.11640625
9 0.2 0.2296875 0.04140625 0.1203125
9 0.1484375 0.2265625 0.03671875 0.1203125
9 0.596875 0.834375 0.05390625 0.17890625
6 0.56875 0.3125 0.03515625 0.1859375
9 0.615625 0.33984375 0.034375 0.13125
9 0.55859375 0.21796875 0.02734375 0.11640625
9 0.62109375 0.28203125 0.02578125 0.14296875
11 0.68203125 0.34765625 0.04296875 0.15
7 0.6734375 0.228125 0.05 0.2265625
10 0.3984375 0.15390625 0.03984375 0.20546875
11 0.33828125 0.1078125 0.03984375 0.134375
8 0.2921875 0.09921875 0.0390625 0.1453125
6 0.2359375 0.14609375 0.03984375 0.16484375
8 0.203125 0.15390625 0.03828125 0.134375
3 0.53984375 0.0890625 0.025 0.11171875
5 0.58203125 0.0671875 0.0296875 0.13125
5 0.66796875 0.06640625 0.03125 0.1328125
3 0.60703125 0.109375 0.0296875 0.1203125
0 0.25390625 0.3515625 0.05234375 0.2
1 0.278125 0.19921875 0.05 0.253125
9 0.44375 0.40078125 0.03203125 0.14296875
4 0.5 0.54140625 0.05234375 0.24453125