6 0.8017708333333333 0.12027777777777778 0.24447916666666672 0.08833333333333333
6 0.23078125 0.22095486111111112 0.1715625 0.04718749999999998
9 0.3091666666666667 0.14035300925925925 0.11239583333333333 0.048553240740740744
9 0.3147916666666667 0.1895023148148148 0.11708333333333334 0.048692129629629655
8 0.24088541666666666 0.1963888888888889 0.13885416666666667 0.04777777777777779
8 0.18515625 0.2880613425925926 0.13572916666666668 0.047685185185185205
11 0.19447916666666668 0.3339699074074074 0.13125 0.0506712962962963
10 0.5984375 0.40497685185185184 0.2609375 0.0779050925925926
9 0.48614583333333333 0.42317708333333337 0.14020833333333335 0.04469907407407412
9 0.9051562499999999 0.5438368055555556 0.17916666666666642 0.06768518518518504
0 0.43015625 0.22913773148148148 0.1979166666666666 0.06824074074074069
1 0.29739583333333336 0.25733796296296296 0.24854166666666666 0.07909722222222229
3 0.40531249999999996 0.31441550925925926 0.13572916666666668 0.04768518518518512
3 0.46677083333333336 0.35564814814814816 0.13562499999999994 0.04612268518518521
3 0.33406250000000004 0.37288773148148147 0.11999999999999993 0.045659722222222233
9 0.30385416666666665 0.5538252314814814 0.12583333333333338 0.039594907407407474
9 0.433125 0.6024421296296296 0.13572916666666668 0.04768518518518512
9 0.38057291666666665 0.6126099537037037 0.12885416666666671 0.038124999999999964
4 0.7542708333333332 0.6289351851851851 0.2740625 0.0876504629629629
11 0.509375 0.6776793981481481 0.17572916666666671 0.06290509259259255
7 0.32208333333333333 0.6628761574074075 0.2385416666666666 0.06944444444444446
3 0.8690625000000001 0.2842361111111111 0.17614583333333336 0.06915509259259256
3 0.7568750000000001 0.3861921296296297 0.1630208333333334 0.05940972222222225
3 0.18145833333333333 0.5378819444444444 0.113125 0.036099537037037166
3 0.2049479166666667 0.6084201388888889 0.11614583333333339 0.034629629629629476
5 0.1503125 0.587337962962963 0.13562500000000002 0.04612268518518512
0 0.16041666666666668 0.6332233796296297 0.16343749999999999 0.04226851851851841
5 0.16770833333333332 0.6721469907407407 0.1355208333333333 0.04456018518518512
3 0.15114583333333334 0.6937731481481482 0.10989583333333335 0.0344444444444445