9 0.4059375 0.6394097222222223 0.04263888888888889 0.09212962962962959
9 0.4959375 0.3968171296296296 0.05409722222222228 0.11597222222222223
9 0.39689236111111115 0.09163773148148148 0.0655555555555555 0.1398148148148148
9 0.39401041666666664 0.27861689814814816 0.05249999999999995 0.1143518518518519
9 0.4039583333333333 0.19849537037037038 0.058958333333333356 0.12395833333333331
9 0.3775 0.45046296296296295 0.05079861111111113 0.10804398148148149
9 0.3662326388888889 0.5767650462962963 0.0474652777777778 0.09855324074074083
9 0.3750520833333334 0.5162326388888889 0.05239583333333329 0.1096643518518519
3 0.5272048611111112 0.537181712962963 0.04604166666666672 0.10474537037037042
3 0.56640625 0.5419849537037037 0.04611111111111103 0.10787037037037042
3 0.6409895833333333 0.23897569444444447 0.058958333333333356 0.12395833333333339
3 0.7307291666666667 0.16059027777777776 0.06072916666666668 0.13339120370370372
3 0.5880729166666667 0.6725405092592592 0.044340277777777715 0.0984375
3 0.6040104166666667 0.6156539351851851 0.047395833333333394 0.09542824074074083
3 0.6666145833333333 0.40691550925925923 0.05239583333333329 0.1096643518518519
3 0.6807812500000001 0.3407118055555555 0.05572916666666679 0.11915509259259256
7 0.3295486111111111 0.2278356481481482 0.09743055555555565 0.2393518518518519
11 0.32555555555555554 0.3648148148148148 0.07041666666666666 0.14780092592592595
11 0.3088888888888889 0.6351851851851851 0.052604166666666605 0.11903935185185191
10 0.3199652777777778 0.4651041666666667 0.07597222222222229 0.18703703703703703
0 0.5183333333333333 0.24351851851851852 0.07114583333333328 0.18061342592592594
8 0.4492534722222222 0.653443287037037 0.05270833333333336 0.12372685185185191
1 0.7082465277777777 0.4507233796296296 0.08590277777777774 0.21238425925925916
5 0.6313020833333334 0.682667824074074 0.055798611111111104 0.12228009259259257
5 0.8043923611111111 0.16802662037037036 0.08027777777777771 0.17002314814814817
8 0.4578993055555555 0.30361689814814813 0.06722222222222225 0.1445601851851852
2 0.7796701388888889 0.2518229166666667 0.07847222222222214 0.15902777777777777
6 0.3205034722222222 0.5245081018518519 0.06107638888888882 0.1490162037037038
4 0.6179340277777777 0.5736979166666666 0.07225694444444457 0.16035879629629618
0 0.70625 0.25532407407407404 0.07402777777777772 0.16979166666666662
6 0.6278645833333334 0.7742766203703704 0.05437499999999993 0.12847222222222215