3 0.29921875 0.8625 0.04921875 0.16796875
3 0.39453125 0.74375 0.04296875 0.15390625
3 0.328125 0.62265625 0.0390625 0.13828125
3 0.34609375 0.453125 0.034375 0.12421875
3 0.3015625 0.3953125 0.03203125 0.12578125
4 0.26796875 0.4890625 0.05546875 0.228125
5 0.1375 0.84765625 0.06171875 0.2015625
2 0.2078125 0.859375 0.05859375 0.2
0 0.22265625 0.42734375 0.046875 0.18203125
1 0.23359375 0.33203125 0.046875 0.228125
3 0.30625 0.26640625 0.02890625 0.1078125
3 0.35703125 0.32265625 0.028125 0.11484375
3 0.56328125 0.18828125 0.0296875 0.1046875
5 0.62578125 0.15546875 0.03125 0.11328125
8 0.2640625 0.1796875 0.0375 0.121875
8 0.175 0.246875 0.03984375 0.12890625
6 0.20625 0.23203125 0.0328125 0.15546875
10 0.41875 0.24140625 0.03828125 0.19296875
9 0.4796875 0.54765625 0.03359375 0.1359375
9 0.553125 0.86953125 0.05 0.1609375
9 0.52421875 0.28671875 0.02890625 0.10625
9 0.53515625 0.47734375 0.03671875 0.11640625
9 0.6171875 0.74765625 0.040625 0.146875
9 0.57578125 0.409375 0.0328125 0.11484375
9 0.58046875 0.35625 0.02890625 0.11171875
7 0.62890625 0.303125 0.04765625 0.21015625
11 0.65 0.4765625 0.04296875 0.15
11 0.72421875 0.88671875 0.05703125 0.19453125