9 0.54921875 0.840625 0.04296875 0.15234375
9 0.609375 0.72734375 0.040625 0.134375
6 0.5453125 0.60703125 0.03828125 0.18046875
9 0.4828125 0.53046875 0.03515625 0.12421875
6 0.534375 0.51015625 0.0359375 0.16796875
11 0.70625 0.8578125 0.05703125 0.19140625
10 0.65546875 0.515625 0.04296875 0.20703125
11 0.634375 0.3953125 0.03984375 0.1328125
8 0.52734375 0.38984375 0.0328125 0.121875
8 0.275 0.1625 0.0328125 0.11328125
9 0.215625 0.1734375 0.03125 0.09921875
9 0.5234375 0.26640625 0.0296875 0.11171875
9 0.575 0.39296875 0.028125 0.109375
9 0.57890625 0.34140625 0.0234375 0.10625
7 0.62421875 0.28984375 0.046875 0.20859375
5 0.16796875 0.8203125 0.05703125 0.1890625
2 0.2328125 0.8296875 0.05546875 0.184375
3 0.31796875 0.8328125 0.04609375 0.146875
3 0.40234375 0.72265625 0.04921875 0.14296875
3 0.271875 0.63046875 0.0421875 0.13984375
4 0.22109375 0.4875 0.0546875 0.21796875
0 0.28671875 0.49375 0.0453125 0.1765625
5 0.25078125 0.36484375 0.03984375 0.14140625
1 0.26328125 0.2578125 0.0484375 0.225
3 0.30859375 0.38125 0.03515625 0.11875
3 0.35859375 0.4390625 0.0328125 0.1203125
3 0.31796875 0.31171875 0.03515625 0.10625
3 0.3171875 0.24609375 0.03515625 0.109375
3 0.56328125 0.16953125 0.028125 0.09921875
0 0.5875 0.134375 0.03359375 0.13828125
2 0.3734375 0.36953125 0.03984375 0.1484375