10 0.19105902777777778 0.38328125 0.09718749999999998 0.23114583333333324
7 0.23914930555555552 0.65171875 0.1255208333333334 0.31260416666666657
9 0.2590972222222222 0.6015625 0.06743055555555558 0.15583333333333335
9 0.3337673611111111 0.69703125 0.06885416666666666 0.14968749999999992
9 0.4847916666666666 0.12125 0.03965277777777772 0.09937500000000003
9 0.5032118055555556 0.10765625000000001 0.04312500000000004 0.11520833333333336
9 0.3194444444444445 0.33333333333333337 0.06253472222222226 0.14614583333333336
6 0.25187499999999996 0.31166666666666665 0.0746180555555556 0.1984375
6 0.19295138888888888 0.2578125 0.07913194444444445 0.19093749999999998
11 0.20177083333333332 0.19833333333333333 0.06701388888888893 0.13708333333333336
8 0.36618055555555556 0.26 0.05802083333333332 0.15364583333333331
11 0.5185416666666667 0.4815625 0.06621527777777772 0.1713541666666666
3 0.5726388888888889 0.49375 0.06097222222222225 0.1460416666666667
3 0.6310416666666667 0.6645833333333334 0.06611111111111115 0.1666666666666668
3 0.6576562499999999 0.7740104166666667 0.07100694444444429 0.1763541666666665
0 0.6657118055555555 0.5397395833333334 0.07170138888888893 0.20760416666666667
5 0.7311805555555555 0.7477083333333333 0.09215277777777793 0.21520833333333336
9 0.41866319444444444 0.7963020833333333 0.06940972222222222 0.17468749999999994