5 0.7243576388888889 0.06524884259259259 0.18357638888888897 0.07494212962962962
2 0.7398668981481482 0.11896412037037037 0.18660879629629612 0.07354166666666666
3 0.7554571759259259 0.19759837962962962 0.15130787037037052 0.05613425925925926
3 0.6621701388888889 0.2997916666666667 0.14468750000000002 0.04956018518518519
1 0.42333333333333334 0.2163773148148148 0.24607638888888897 0.07818287037037042
4 0.4373842592592593 0.34727430555555555 0.22042824074074083 0.06594907407407406
3 0.38832175925925927 0.30776041666666665 0.12556712962962963 0.042337962962962994
0 0.36084490740740743 0.19313657407407409 0.17253472222222221 0.04633101851851853
3 0.3347974537037037 0.27782407407407406 0.11619212962962955 0.04185185185185185
3 0.4772453703703704 0.41063078703703704 0.12887731481481488 0.04562500000000007
3 0.2625289351851852 0.3407638888888889 0.10947916666666675 0.03371527777777779
10 0.2947974537037037 0.3219560185185185 0.2010300925925926 0.054039351851851866
6 0.3824363425925926 0.42021990740740744 0.17896990740740745 0.0497800925925926
9 0.3998321759259259 0.3632407407407407 0.13181712962962963 0.04266203703703706
9 0.22766782407407407 0.5084664351851852 0.10957175925925924 0.03527777777777778
9 0.35370949074074076 0.5369791666666667 0.12244212962962955 0.042175925925925915
9 0.3020949074074074 0.5536747685185185 0.1160069444444444 0.03872685185185176
9 0.24848958333333332 0.1833854166666667 0.10516203703703705 0.039722222222222214
8 0.18474537037037037 0.19447916666666668 0.12575231481481483 0.045462962962963
6 0.1722337962962963 0.22160879629629632 0.14450231481481485 0.04643518518518519
8 0.12432291666666666 0.2809490740740741 0.12097222222222222 0.04365740740740733
9 0.14001736111111113 0.22639467592592594 0.09403935185185186 0.03603009259259258
9 0.7982812499999999 0.4212442129629629 0.15902777777777785 0.0549768518518519
9 0.6919039351851852 0.5077604166666666 0.1448726851851852 0.05268518518518519
11 0.8416840277777778 0.5825520833333334 0.1987384259259258 0.06793981481481488
7 0.24550347222222224 0.6017824074074074 0.21849537037037034 0.05961805555555557
11 0.42408564814814814 0.5979745370370371 0.15737268518518518 0.05333333333333332
3 0.12759837962962964 0.5673958333333333 0.10322916666666666 0.03339120370370381
0 0.08838541666666666 0.5982465277777778 0.14900462962962963 0.04355324074074076
5 0.08914930555555556 0.6379282407407407 0.12234953703703702 0.040613425925925914
3 0.07379050925925926 0.6605324074074075 0.09844907407407406 0.03158564814814824