5 0.7899710648148147 0.16661458333333332 0.20605324074074077 0.10583333333333336
3 0.8191608796296297 0.24036458333333335 0.16671296296296276 0.08447916666666666
3 0.7089178240740741 0.27984375000000006 0.15255787037037044 0.07729166666666672
3 0.6193981481481481 0.29572916666666665 0.14943287037037045 0.07708333333333339
2 0.6003587962962963 0.3803125 0.1698611111111111 0.08624999999999998
3 0.444675925925926 0.40817708333333336 0.1257638888888888 0.05989583333333322
2 0.3779282407407407 0.4333854166666667 0.1494097222222222 0.07552083333333322
3 0.37690972222222224 0.36463541666666666 0.12268518518518512 0.06281250000000008
3 0.3123784722222222 0.38140625 0.11011574074074079 0.0572916666666667
3 0.24847800925925928 0.38807291666666666 0.1163657407407408 0.05770833333333325
0 0.5700810185185186 0.23312499999999997 0.20756944444444442 0.10281250000000001
4 0.46668402777777784 0.26057291666666665 0.23585648148148158 0.115625
5 0.3525925925925926 0.3036979166666667 0.15258101851851844 0.07885416666666671
1 0.2499884259259259 0.33197916666666666 0.22153935185185186 0.09749999999999996
3 0.21331597222222226 0.6487499999999999 0.10374999999999997 0.04906249999999997
0 0.18567708333333333 0.6796875 0.15393518518518517 0.06489583333333329
9 0.1612326388888889 0.2940625 0.10696759259259259 0.05552083333333328
8 0.1605960648148148 0.3564583333333333 0.12429398148148145 0.06604166666666664
6 0.6170081018518518 0.5031770833333333 0.19957175925925927 0.08979166666666671
9 0.5611747685185184 0.5275520833333334 0.13203703703703695 0.061875000000000034
6 0.639212962962963 0.5795833333333333 0.19642361111111112 0.0880208333333334
9 0.7758449074074074 0.6355208333333333 0.15248842592592596 0.07260416666666672
9 0.9140972222222222 0.6299479166666666 0.1718055555555555 0.08645833333333322
11 0.9072540509259259 0.7125 0.18549189814814823 0.09729166666666664
10 0.5716493055555556 0.7077604166666667 0.22473379629629625 0.10239583333333328
9 0.5035069444444444 0.5861458333333334 0.12420138888888879 0.059791666666666646
8 0.4255092592592593 0.5895312500000001 0.14148148148148146 0.0671875
9 0.43872685185185184 0.6388020833333333 0.11797453703703695 0.0609375
9 0.385787037037037 0.6477604166666666 0.11163194444444446 0.05427083333333336
9 0.31788773148148153 0.6479166666666666 0.1226157407407408 0.05812500000000007
7 0.3451909722222222 0.6996875 0.2183680555555556 0.09416666666666665
11 0.44744212962962965 0.7002604166666667 0.1446527777777778 0.07052083333333332