10 0.09181134259259259 0.6842881944444444 0.10109953703703704 0.24130787037037038
7 0.1414351851851852 0.3988425925925926 0.13229166666666664 0.3243287037037037
9 0.16359953703703703 0.45413194444444444 0.07158564814814819 0.16142361111111114
9 0.24224537037037036 0.3551388888888889 0.07141203703703702 0.15673611111111113
9 0.4072337962962963 0.9615625000000001 0.03686342592592595 0.06744212962962948
9 0.4297453703703704 0.965300925925926 0.03981481481481488 0.062777777777778
9 0.22861689814814815 0.744195601851852 0.06493055555555553 0.1504398148148148
6 0.1560185185185185 0.7642592592592592 0.07800925925925925 0.2083333333333332
6 0.09386574074074074 0.8186111111111112 0.08391203703703705 0.19900462962962956
11 0.10318287037037037 0.8833680555555556 0.07245370370370371 0.14268518518518505
8 0.28032407407407406 0.8242592592592592 0.062152777777777855 0.15979166666666664
11 0.4419270833333333 0.59421875 0.07228009259259256 0.18017361111111113
3 0.49933449074074077 0.5836400462962963 0.06493055555555553 0.1504398148148148
3 0.5622395833333333 0.4035358796296296 0.07048611111111107 0.17391203703703706
3 0.5907407407407408 0.2877314814814815 0.0755208333333334 0.18332175925925923
0 0.5986111111111111 0.5391666666666667 0.07679398148148149 0.2176967592592593
5 0.6684895833333333 0.31839699074074074 0.09577546296296298 0.22408564814814813
9 0.33350694444444445 0.2529282407407408 0.07390046296296297 0.18174768518518522