9 0.40390625 0.3203125 0.02265625 0.08125
9 0.44765625 0.5546875 0.02890625 0.10078125
9 0.309375 0.81875 0.034375 0.1234375
9 0.33671875 0.6484375 0.028125 0.10078125
9 0.3328125 0.72265625 0.03125 0.10859375
9 0.3484375 0.4890625 0.028125 0.09609375
9 0.3578125 0.371875 0.025 0.0875
9 0.35703125 0.428125 0.02890625 0.09453125
3 0.49921875 0.43125 0.02265625 0.0921875
3 0.53515625 0.4328125 0.0234375 0.09453125
3 0.55625 0.71953125 0.0328125 0.10859375
3 0.62578125 0.80390625 0.0328125 0.1171875
3 0.5765625 0.31640625 0.021875 0.0875
3 0.58203125 0.3703125 0.02734375 0.084375
3 0.60625 0.56953125 0.028125 0.09453125
3 0.60859375 0.63203125 0.028125 0.10546875
7 0.26953125 0.68515625 0.0453125 0.2140625
11 0.2875 0.559375 0.0375 0.13125
11 0.31484375 0.31015625 0.02734375 0.10546875
10 0.2984375 0.4671875 0.034375 0.1671875
0 0.4453125 0.6984375 0.0328125 0.1625
8 0.44609375 0.3140625 0.02578125 0.11015625
1 0.6515625 0.5359375 0.040625 0.18984375
5 0.61640625 0.31328125 0.02890625 0.10859375
5 0.6953125 0.8078125 0.04296875 0.14921875
8 0.3984375 0.634375 0.0359375 0.128125
2 0.68515625 0.728125 0.04453125 0.13984375
6 0.3078125 0.41328125 0.0296875 0.134375
4 0.58828125 0.4109375 0.0375 0.14296875
0 0.61875 0.7140625 0.03828125 0.15078125
6 0.628125 0.22890625 0.0265625 0.1140625