0 0.21041666666666664 0.8786284722222222 0.1814814814814815 0.22265046296296304
0 0.6847800925925925 0.7995543981481482 0.1818287037037038 0.2693634259259259
5 0.38081597222222224 0.35381365740740744 0.1125 0.17393518518518522
5 0.4490162037037037 0.1580497685185185 0.08686342592592596 0.1430324074074074
11 0.28671875 0.23728587962962963 0.08998842592592596 0.14319444444444446
6 0.4917534722222222 0.5371759259259259 0.13530092592592596 0.22959490740740734
10 0.13495370370370371 0.44749999999999995 0.1736689814814815 0.26427083333333334
3 0.611111111111111 0.053168402777777776 0.0706018518518519 0.10633680555555555
3 0.6975694444444445 0.015474537037037033 0.06736111111111107 0.030949074074074066
3 0.39253472222222224 0.04307291666666667 0.05538194444444446 0.08614583333333334
8 0.4585358796296296 0.08206597222222221 0.06984953703703703 0.12347222222222223