11 0.7086689814814815 0.11626157407407407 0.06208333333333336 0.1858912037037037
9 0.6153993055555556 0.24678240740740742 0.04415509259259256 0.13499999999999995
9 0.48953703703703705 0.15338541666666666 0.04431712962962955 0.1459375
9 0.48695601851851844 0.5383796296296296 0.034479166666666575 0.11420138888888882
9 0.5311863425925927 0.7671585648148148 0.02809027777777793 0.10450231481481484
8 0.5406655092592593 0.5488657407407407 0.041053240740740723 0.136400462962963
10 0.5796469907407408 0.6576967592592593 0.04965277777777786 0.18993055555555555
7 0.6436574074074073 0.7105844907407407 0.05613425925925917 0.2058796296296297
11 0.6601967592592592 0.4372800925925926 0.04748842592592588 0.14922453703703695
9 0.35047453703703707 0.8983101851851852 0.02799768518518526 0.09825231481481467
3 0.5796469907407408 0.8684722222222223 0.02795138888888893 0.09512731481481466
3 0.6727662037037037 0.8534953703703703 0.032662037037037094 0.09693287037037024
0 0.6060706018518518 0.8764699074074074 0.03335648148148138 0.14380787037037024
0 0.35025462962962967 0.2808275462962963 0.04974537037037034 0.19618055555555552
3 0.29191550925925924 0.3720659722222222 0.04096064814814815 0.13015046296296298
3 0.2708217592592593 0.26777199074074076 0.0442708333333333 0.14281249999999995
3 0.2547627314814815 0.13979745370370372 0.049120370370370384 0.15399305555555554
3 0.31624421296296296 0.6268576388888889 0.03604166666666666 0.1142824074074074
3 0.33339120370370373 0.7867824074074073 0.029629629629629582 0.10302083333333342
3 0.3205092592592592 0.7078240740740741 0.03126157407407408 0.10778935185185183
5 0.2538194444444445 0.5723263888888889 0.04585648148148156 0.14445601851851855
1 0.27842013888888884 0.7560648148148148 0.0514930555555555 0.2087615740740741
4 0.37113425925925925 0.6630439814814816 0.048090277777777767 0.18984953703703694