9 0.28671875 0.33515625 0.046875 0.0546875
9 0.45 0.3 0.040625 0.05546875
9 0.44765625 0.3828125 0.04375 0.05625
9 0.4359375 0.475 0.0484375 0.05703125
9 0.42421875 0.546875 0.04921875 0.0625
9 0.51328125 0.61171875 0.053125 0.06484375
9 0.22734375 0.54453125 0.0625 0.059375
9 0.86328125 0.665625 0.0625 0.06171875
3 0.26328125 0.41796875 0.05078125 0.05546875
3 0.60859375 0.3828125 0.04453125 0.05703125
3 0.53125 0.4296875 0.04453125 0.05625
3 0.71015625 0.48515625 0.0609375 0.06015625
3 0.765625 0.3375 0.04296875 0.053125
3 0.61640625 0.5484375 0.05703125 0.0609375
3 0.534375 0.70234375 0.0578125 0.06328125
3 0.1828125 0.68828125 0.071875 0.06171875