9 0.52421875 0.23515625 0.02734375 0.10078125
9 0.578125 0.36484375 0.0265625 0.10625
9 0.57578125 0.309375 0.02734375 0.10078125
9 0.48515625 0.55078125 0.03125 0.11015625
9 0.54609375 0.453125 0.03046875 0.11171875
9 0.57734375 0.840625 0.0390625 0.146875
9 0.6265625 0.71640625 0.03828125 0.1296875
11 0.72265625 0.82734375 0.0546875 0.178125
11 0.634375 0.36875 0.03671875 0.13046875
10 0.62421875 0.58203125 0.053125 0.21015625
8 0.603125 0.4453125 0.03671875 0.13203125
6 0.4796875 0.35 0.0328125 0.15625
8 0.4359375 0.4484375 0.03359375 0.1328125
9 0.17109375 0.0859375 0.028125 0.0984375
0 0.59375 0.1265625 0.03125 0.13828125
0 0.4375 0.81484375 0.04609375 0.21171875
2 0.37109375 0.63203125 0.0421875 0.15234375
2 0.3734375 0.38046875 0.03515625 0.13046875
3 0.3625 0.46875 0.03125 0.1140625
3 0.4890625 0.6140625 0.03359375 0.12265625
4 0.42109375 0.5109375 0.04609375 0.2046875
3 0.3171875 0.390625 0.03046875 0.1125
3 0.31953125 0.3109375 0.028125 0.103125
3 0.33046875 0.2375 0.02734375 0.10078125
3 0.29921875 0.63984375 0.03671875 0.12890625
3 0.28359375 0.7390625 0.03828125 0.1421875
3 0.27109375 0.86875 0.04140625 0.15390625
5 0.19609375 0.85 0.05625 0.18828125
5 0.25 0.446875 0.03984375 0.146875
1 0.2734375 0.26796875 0.0421875 0.20703125
7 0.63671875 0.26953125 0.046875 0.18515625