9 0.7120659722222222 0.42265625 0.09086805555555558 0.038854166666666676
9 0.45328125 0.43119791666666674 0.11123842592592581 0.04802083333333336
9 0.18036458333333333 0.23713541666666665 0.13785879629629633 0.05760416666666668
9 0.36283564814814817 0.29541666666666666 0.11123842592592599 0.04802083333333336
9 0.2824479166666667 0.27911458333333333 0.12221064814814815 0.053437499999999985
9 0.5345023148148148 0.33499999999999996 0.10811342592592599 0.047812500000000036
9 0.6616956018518518 0.3638020833333333 0.09714120370370374 0.04239583333333332
9 0.6000173611111111 0.35421874999999997 0.10498842592592598 0.04760416666666671
3 0.5816898148148149 0.5069791666666668 0.10181712962962966 0.041145833333333215
3 0.5767071759259259 0.5465104166666667 0.10494212962962965 0.04135416666666671
3 0.2634606481481482 0.5209374999999999 0.12222222222222223 0.05500000000000007
3 0.16452546296296297 0.5815625 0.13159722222222223 0.055625000000000036
3 0.6989525462962962 0.61015625 0.09711805555555557 0.039270833333333324
3 0.6403530092592593 0.60703125 0.09402777777777764 0.04375
3 0.42076967592592596 0.5994270833333333 0.10498842592592598 0.04760416666666671
3 0.35282407407407407 0.5917708333333334 0.1174884259259259 0.0484375
7 0.32980324074074074 0.21739583333333332 0.2380208333333334 0.08614583333333332
11 0.4647337962962963 0.25687499999999996 0.14726851851851847 0.06291666666666665
11 0.7330844907407407 0.3286979166666667 0.1174768518518519 0.046875
10 0.5637962962962962 0.2845833333333333 0.18633101851851847 0.06552083333333333
0 0.29715277777777777 0.40437500000000004 0.18163194444444447 0.06364583333333336
8 0.715625 0.4697916666666666 0.1221643518518519 0.04718750000000007
1 0.45240740740740737 0.6546875 0.20982638888888888 0.07489583333333324
5 0.6986284722222222 0.65390625 0.12062500000000007 0.05020833333333332
5 0.1522511574074074 0.6557812500000001 0.1660763888888889 0.07197916666666657
8 0.37092592592592594 0.36395833333333333 0.1441319444444445 0.06114583333333332
2 0.24055555555555555 0.6585416666666667 0.1567013888888889 0.07135416666666679
6 0.6214930555555556 0.3040625 0.14877314814814824 0.055208333333333304
4 0.595023148148148 0.6063541666666666 0.15978009259259274 0.06531249999999993
0 0.2621759259259259 0.5888541666666667 0.16760416666666664 0.06739583333333332
6 0.7883159722222223 0.6809895833333333 0.1268634259259258 0.04906249999999997