3 0.850960648148148 0.22510416666666666 0.06910879629629604 0.07156250000000001
3 0.844670138888889 0.4365104166666667 0.07010416666666686 0.06072916666666668
3 0.6127546296296297 0.4947916666666667 0.0636921296296297 0.05718750000000004
3 0.48361111111111105 0.5680208333333333 0.057037037037036956 0.048958333333333215
3 0.46293981481481483 0.21593749999999998 0.05957175925925924 0.06781249999999997
3 0.42674768518518513 0.4184375 0.057523148148148094 0.05833333333333339
3 0.3097685185185185 0.4822916666666667 0.06665509259259261 0.05427083333333336
3 0.1495138888888889 0.6300000000000001 0.07791666666666668 0.06125000000000007
9 0.7605613425925926 0.6772395833333333 0.07010416666666668 0.06072916666666668
9 0.7265162037037036 0.4179166666666667 0.0606481481481481 0.058541666666666714
9 0.6610648148148148 0.22374999999999998 0.05957175925925924 0.06781249999999997
9 0.6435648148148149 0.3510416666666667 0.06081018518518526 0.06166666666666672
9 0.5253009259259259 0.34958333333333336 0.05940972222222225 0.06468749999999997
9 0.35736111111111113 0.34520833333333334 0.06385416666666668 0.06031250000000003
9 0.3021122685185185 0.20953125 0.06590277777777782 0.0697916666666667
9 0.1743634259259259 0.3309375 0.07347222222222224 0.065625