9 0.7596990740740741 0.6163194444444444 0.08321759259259257 0.17476851851851852
9 0.6453993055555556 0.26938657407407407 0.06662037037037045 0.1413773148148149
9 0.5104629629629629 0.027662037037037034 0.04280092592592588 0.05532407407407407
9 0.4668981481481481 0.034751157407407404 0.04629629629629619 0.06950231481481481
9 0.4087847222222222 0.12329282407407408 0.04818287037037035 0.09855324074074075
9 0.38667824074074075 0.11629050925925925 0.04542824074074074 0.1109375
9 0.7156539351851852 0.7399594907407407 0.09140046296296304 0.18755787037037042
9 0.8017476851851851 0.5044849537037036 0.0799074074074074 0.16840277777777785
6 0.7018923611111111 0.22271412037037036 0.08547453703703703 0.19826388888888885
6 0.7390335648148149 0.1564236111111111 0.0932407407407407 0.19699074074074074
8 0.8699421296296297 0.48318865740740746 0.0963657407407407 0.1971064814814815
8 0.5718344907407408 0.2150173611111111 0.07659722222222207 0.16203703703703703
7 0.8341550925925926 0.5423900462962963 0.1450115740740742 0.3112847222222223
11 0.9523148148148148 0.6587962962962963 0.09537037037037024 0.2354166666666666
11 0.7116087962962963 0.10190972222222223 0.07788194444444443 0.15271990740740743
10 0.7854745370370371 0.2720196759259259 0.11976851851851862 0.2494791666666667
3 0.4551678240740741 0.5008969907407408 0.07342592592592592 0.16035879629629637
3 0.4574594907407407 0.6838252314814814 0.08009259259259256 0.17465277777777785
3 0.4685590277777777 0.7944733796296296 0.08689814814814803 0.19363425925925917
5 0.387974537037037 0.7935474537037036 0.10680555555555556 0.2333912037037038
2 0.3855381944444445 0.6849247685185185 0.09995370370370367 0.21284722222222213
0 0.37846064814814817 0.5780381944444445 0.0925578703703703 0.22662037037037025
1 0.3614293981481482 0.45196759259259256 0.11071759259259259 0.26006944444444446
4 0.36185185185185187 0.387037037037037 0.09724537037037032 0.2267939814814815
5 0.3534027777777778 0.20746527777777776 0.06358796296296294 0.14438657407407404
2 0.35688657407407404 0.2722511574074074 0.07167824074074076 0.15405092592592595