2 0.32499421296296294 0.14664930555555555 0.20916666666666667 0.10760416666666668
5 0.3539583333333333 0.09317708333333334 0.19965277777777776 0.1025
3 0.2859837962962963 0.22236111111111115 0.16472222222222221 0.08222222222222228
3 0.3511921296296296 0.3449479166666667 0.1552083333333334 0.07711805555555555
3 0.5024710648148148 0.49326388888888884 0.13613425925925923 0.06534722222222236
3 0.61609375 0.40756944444444443 0.1266203703703704 0.060243055555555536
3 0.7286516203703703 0.46342013888888883 0.12027777777777775 0.05684027777777771
3 0.6792650462962962 0.38769097222222226 0.13135416666666658 0.062013888888888945
0 0.6777662037037038 0.30626736111111114 0.1867361111111112 0.08788194444444439
4 0.613287037037037 0.31748263888888884 0.2327430555555555 0.11333333333333329
1 0.6894039351851852 0.3623263888888889 0.24515046296296283 0.11076388888888884
9 0.18552083333333336 0.44475694444444447 0.1756597222222222 0.08270833333333324
9 0.2660821759259259 0.5508159722222222 0.16476851851851854 0.08378472222222229
9 0.5887905092592594 0.6426041666666666 0.13144675925925925 0.06513888888888886
9 0.7156770833333334 0.6372916666666667 0.1265740740740741 0.058680555555555534
9 0.6373842592592592 0.6658854166666666 0.12969907407407408 0.058819444444444355
9 0.5879571759259259 0.4595138888888889 0.1329629629629629 0.06364583333333336
9 0.7856712962962963 0.3079340277777778 0.11407407407407426 0.05812499999999998
8 0.844375 0.3332291666666667 0.13461805555555556 0.06684027777777776
6 0.847355324074074 0.3646527777777778 0.15346064814814825 0.07079861111111115
10 0.8311689814814814 0.4093055555555555 0.19142361111111122 0.08809027777777771
8 0.8759027777777778 0.4308506944444444 0.1234490740740739 0.058541666666666714
6 0.48986689814814816 0.5490277777777778 0.19758101851851856 0.08524305555555553
7 0.6792824074074074 0.7303298611111111 0.22910879629629619 0.09600694444444446
11 0.5029340277777777 0.6888541666666667 0.16150462962962955 0.07895833333333328
11 0.10361689814814815 0.6004861111111112 0.2072337962962963 0.106388888888889