3 0.5141203703703704 0.3353472222222222 0.052604166666666785 0.11285879629629622
3 0.587037037037037 0.38403935185185184 0.05758101851851851 0.12070601851851848
3 0.4258680555555555 0.42118055555555556 0.05746527777777786 0.11758101851851847
3 0.2696180555555555 0.5278356481481482 0.0642939814814815 0.1332523148148148
3 0.19837962962962963 0.48225694444444445 0.0625 0.12699074074074074
3 0.9713686342592591 0.8421875 0.057262731481481664 0.15052083333333321
3 0.8705729166666668 0.6546701388888889 0.07395833333333357 0.14113425925925932
3 0.9161747685185185 0.6832465277777777 0.06956018518518511 0.14891203703703706
2 0.4913483796296297 0.6699826388888889 0.0828125 0.16931712962962955
11 0.4780960648148148 0.9029571759259258 0.09600694444444446 0.18815972222222221
11 0.5929108796296296 0.18394097222222222 0.05758101851851869 0.12070601851851848
5 0.22453703703703703 0.8509143518518518 0.09930555555555554 0.1928703703703704
5 0.9742766203703704 0.7702199074074074 0.051446759259259164 0.19900462962962973
9 0.6338252314814815 0.2547511574074074 0.05248842592592595 0.10973379629629632
9 0.53125 0.5657523148148148 0.06261574074074083 0.13011574074074073
9 0.44678819444444445 0.5007349537037037 0.059259259259259164 0.12384259259259274
9 0.7213541666666667 0.7190740740740741 0.07077546296296297 0.13954861111111114
9 0.6282118055555556 0.6517766203703703 0.06348379629629619 0.1113773148148148
9 0.5600115740740741 0.20293981481481485 0.045775462962962976 0.09718750000000007
9 0.6050347222222221 0.2791898148148148 0.05972222222222214 0.09416666666666665
0 0.2536747685185185 0.43495949074074075 0.08177083333333339 0.18336805555555546
0 0.9303530092592591 0.6018692129629629 0.08726851851851833 0.20527777777777773
1 0.48952546296296295 0.24097222222222223 0.08576388888888893 0.2068287037037037
7 0.6173032407407407 0.8425347222222221 0.11643518518518511 0.27578703703703694
6 0.6423032407407407 0.7157523148148149 0.09375 0.21157407407407405
8 0.42745949074074074 0.18985532407407407 0.05931712962962958 0.12540509259259255
10 0.5103298611111111 0.1697048611111111 0.0731481481481481 0.16143518518518518
2 0.8900173611111111 0.7365798611111111 0.09415509259259239 0.18033564814814812
4 0.951388888888889 0.6578703703703704 0.09722222222222214 0.2524305555555557