3 0.19701967592592592 0.7656597222222222 0.1917013888888889 0.09326388888888885
3 0.2995196759259259 0.6367361111111112 0.17423611111111104 0.08350694444444447
9 0.12269675925925927 0.4999479166666667 0.1915625 0.08857638888888886
6 0.28708333333333336 0.9293923611111111 0.251724537037037 0.11645833333333329
10 0.45975694444444437 0.5831423611111111 0.2703819444444445 0.11374999999999993
4 0.2622858796296296 0.3827083333333333 0.29437499999999994 0.1330208333333333
0 0.6753703703703703 0.7362673611111111 0.20902777777777787 0.09833333333333343
3 0.686724537037037 0.6445486111111111 0.13783564814814825 0.06708333333333343
3 0.6192766203703703 0.6108680555555555 0.14096064814814824 0.06715277777777792
3 0.7555729166666667 0.5671875 0.12041666666666657 0.05888888888888886
1 0.8158912037037037 0.6768576388888888 0.25310185185185186 0.11024305555555554
3 0.8794965277777778 0.36977430555555557 0.11398148148148124 0.05250000000000003
3 0.8408101851851851 0.30418402777777775 0.1139814814814816 0.05250000000000003
5 0.9068750000000001 0.31756944444444446 0.1296990740740739 0.05597222222222218
0 0.880462962962963 0.27046875 0.16260416666666658 0.059826388888888894
5 0.8692418981481481 0.23475694444444445 0.1360879629629629 0.06079861111111109
3 0.8771643518518519 0.2119097222222222 0.10901620370370395 0.043020833333333286
9 0.8269270833333333 0.8118576388888888 0.1235879629629629 0.06052083333333336
9 0.8159548611111112 0.7581597222222223 0.13163194444444457 0.06850694444444443
8 0.8841030092592593 0.7363194444444445 0.1426157407407409 0.0703125
6 0.8923900462962961 0.699392361111111 0.1740046296296299 0.07569444444444429
8 0.9302025462962963 0.6266145833333333 0.1395949074074075 0.06715277777777792
11 0.9052777777777777 0.5802777777777778 0.14100694444444456 0.06871527777777775
9 0.5884027777777778 0.5451041666666667 0.13769675925925923 0.06239583333333343
9 0.7539236111111112 0.37960069444444444 0.12037037037037042 0.05732638888888886
9 0.6101215277777777 0.3546527777777778 0.13774305555555558 0.06395833333333334
9 0.6643692129629629 0.33859374999999997 0.12666666666666657 0.05902777777777786
7 0.710769675925926 0.2687673611111111 0.242025462962963 0.10531249999999996
11 0.5191840277777777 0.2933506944444445 0.17584490740740738 0.08510416666666672