3 0.54296875 0.3296875 0.0265625 0.1046875
3 0.6015625 0.38828125 0.02890625 0.11171875
3 0.44296875 0.39296875 0.03125 0.1078125
3 0.2734375 0.46171875 0.034375 0.12265625
3 0.21640625 0.40625 0.034375 0.115625
3 0.86953125 0.89453125 0.04140625 0.14921875
3 0.80703125 0.69375 0.0421875 0.12890625
3 0.84296875 0.72890625 0.0359375 0.1375
2 0.44921875 0.6359375 0.04453125 0.15625
11 0.3859375 0.85859375 0.05 0.18671875
11 0.64921875 0.20390625 0.0296875 0.11171875
5 0.1609375 0.75390625 0.05546875 0.175
5 0.90546875 0.8265625 0.059375 0.18125
9 0.67265625 0.27734375 0.028125 0.10234375
9 0.509375 0.546875 0.03359375 0.11796875
9 0.44453125 0.46953125 0.03203125 0.1140625
9 0.65390625 0.725 0.03828125 0.12890625
9 0.58046875 0.6453125 0.0390625 0.09921875
9 0.61484375 0.215625 0.0234375 0.08984375
9 0.640625 0.29453125 0.03828125 0.08359375
0 0.278125 0.37265625 0.040625 0.16953125
0 0.87421875 0.65546875 0.040625 0.18984375
1 0.540625 0.2375 0.0375 0.1921875
7 0.5296875 0.8203125 0.05390625 0.25546875
6 0.58046875 0.70703125 0.04375 0.19609375
8 0.49453125 0.178125 0.0296875 0.1171875
10 0.57578125 0.17578125 0.0359375 0.14921875
2 0.8078125 0.7734375 0.053125 0.1640625
4 0.89609375 0.71484375 0.0703125 0.2296875