11 0.2453125 0.5796875 0.0515625 0.175
11 0.35390625 0.1390625 0.0375 0.121875
3 0.40078125 0.4140625 0.03515625 0.12734375
3 0.35390625 0.359375 0.03203125 0.1203125
3 0.4078125 0.2828125 0.03125 0.1203125
3 0.53125 0.68359375 0.04140625 0.15390625
0 0.27578125 0.396875 0.05 0.1890625
4 0.76640625 0.69765625 0.07265625 0.24921875
1 0.296875 0.234375 0.04921875 0.23203125
9 0.46328125 0.42734375 0.03359375 0.12578125
10 0.4140625 0.1859375 0.0390625 0.19453125
9 0.56875 0.23671875 0.0296875 0.11640625
6 0.58046875 0.33671875 0.03671875 0.171875
9 0.62578125 0.36796875 0.0328125 0.1203125
9 0.628125 0.31015625 0.03125 0.11171875
7 0.62578125 0.1921875 0.046875 0.20703125
9 0.2265625 0.25625 0.0359375 0.11328125
6 0.25703125 0.178125 0.03828125 0.15390625
8 0.309375 0.13359375 0.034375 0.12578125
8 0.221875 0.1859375 0.03671875 0.12734375
3 0.5453125 0.11484375 0.02890625 0.10625
5 0.66953125 0.0984375 0.03359375 0.11484375
9 0.16640625 0.2546875 0.03046875 0.109375
5 0.5875 0.0859375 0.02890625 0.12890625