3 0.2421875 0.35 0.05625 0.08125
3 0.51015625 0.42890625 0.046875 0.0890625
3 0.67265625 0.16796875 0.0375 0.0921875
3 0.13046875 0.6953125 0.075 0.078125
0 0.24765625 0.84453125 0.10234375 0.1046875
0 0.54296875 0.87109375 0.0734375 0.115625
5 0.75625 0.3296875 0.05703125 0.121875
6 0.38515625 0.596875 0.075 0.11640625
6 0.46796875 0.6125 0.0703125 0.1125
8 0.6734375 0.54453125 0.06015625 0.11328125
9 0.7625 0.77265625 0.06015625 0.09296875
9 0.58984375 0.32890625 0.04453125 0.09453125
11 0.51640625 0.2515625 0.05390625 0.1109375
11 0.36875 0.3234375 0.06640625 0.1046875
10 0.23984375 0.48046875 0.10859375 0.13984375
5 0.3453125 0.41015625 0.06875 0.10859375