3 0.51484375 0.665625 0.0375 0.1421875
3 0.34453125 0.33125 0.03125 0.121875
3 0.390625 0.3890625 0.03125 0.12890625
3 0.3984375 0.25390625 0.02890625 0.11328125
11 0.26015625 0.3953125 0.04765625 0.153125
11 0.346875 0.10625 0.03515625 0.12890625
9 0.2171875 0.225 0.03515625 0.11171875
9 0.45234375 0.40390625 0.03203125 0.12734375
9 0.5609375 0.20703125 0.0296875 0.10546875
9 0.615625 0.34140625 0.0296875 0.11875
9 0.61875 0.2828125 0.03046875 0.109375
9 0.1578125 0.2296875 0.03359375 0.10234375
9 0.16640625 0.26171875 0.0578125 0.0703125
8 0.21171875 0.15625 0.0375 0.13046875
8 0.30234375 0.096875 0.0328125 0.12890625
10 0.40546875 0.153125 0.0375 0.18359375
6 0.57109375 0.309375 0.03671875 0.16875
6 0.246875 0.14609375 0.0390625 0.15703125
1 0.2890625 0.203125 0.04765625 0.22578125
3 0.5390625 0.08125 0.02578125 0.103125
3 0.5703125 0.1046875 0.02890625 0.096875
5 0.6625 0.06171875 0.02890625 0.1140625
3 0.60625 0.1046875 0.021875 0.0953125
7 0.61875 0.165625 0.04296875 0.20859375
4 0.46015625 0.2921875 0.03984375 0.20078125