3 0.559357638888889 0.3497280092592593 0.07065972222222214 0.15033564814814815
3 0.33824652777777775 0.6412210648148149 0.06031250000000003 0.12818287037037024
3 0.39315972222222223 0.5952546296296296 0.06222222222222227 0.13604166666666656
3 0.3811979166666667 0.7298784722222222 0.0568402777777778 0.12027777777777775
11 0.26364583333333336 0.5602083333333333 0.08371527777777779 0.16320601851851854
11 0.30758680555555556 0.8642361111111111 0.06697916666666667 0.13774305555555558
9 0.1949826388888889 0.7181192129629629 0.0614583333333333 0.11885416666666657
9 0.4570833333333333 0.5940277777777778 0.06052083333333336 0.13287037037037025
9 0.5362326388888888 0.8124942129629631 0.05486111111111107 0.11085648148148124
9 0.6112500000000001 0.6922222222222223 0.05697916666666671 0.12340277777777775
9 0.6060416666666667 0.7505844907407407 0.056631944444444395 0.11559027777777757
9 0.13644097222222223 0.7 0.05791666666666666 0.10938657407407408
9 0.14993055555555554 0.6699710648148148 0.07548611111111114 0.08337962962962955
8 0.18 0.7847743055555556 0.06854166666666668 0.1377893518518519
8 0.2607465277777778 0.8636284722222223 0.06378472222222217 0.1360879629629629
10 0.37321180555555555 0.8310706018518518 0.08190972222222222 0.19280092592592588
6 0.5615104166666667 0.7141550925925926 0.07652777777777775 0.17703703703703705
6 0.21354166666666669 0.8021527777777777 0.0760416666666666 0.16609953703703723
1 0.26454861111111116 0.7560706018518518 0.10097222222222228 0.23549768518518518
3 0.49548611111111107 0.9314409722222223 0.04854166666666657 0.10910879629629626
3 0.5314409722222223 0.9153414351851852 0.05295138888888893 0.10299768518518526
5 0.6164756944444445 0.9589062500000001 0.05593749999999993 0.08218749999999986
3 0.5661284722222222 0.9233912037037036 0.045069444444444426 0.10120370370370395
7 0.58859375 0.8671006944444445 0.09239583333333332 0.21807870370370352
4 0.4487673611111111 0.7053530092592591 0.08736111111111118 0.2101273148148149