6 0.9522916666666668 0.37720486111111107 0.09541666666666657 0.28285879629629634
3 0.7948611111111111 0.27598379629629627 0.10716435185185169 0.2056481481481482
3 0.6722974537037038 0.37537615740740743 0.09630787037037045 0.18009259259259255
4 0.4069791666666667 0.3253993055555556 0.15996527777777772 0.308425925925926
0 0.8062962962962963 0.7842476851851853 0.11755787037037031 0.22339120370370366
1 0.7736574074074074 0.8626678240740742 0.13633101851851848 0.2746643518518518
3 0.7107118055555556 0.7871469907407407 0.08204861111111103 0.14966435185185176
3 0.6695486111111111 0.7099710648148149 0.07929398148148152 0.15572916666666678
3 0.6365219907407408 0.8489236111111111 0.0654050925925926 0.13155092592592582
3 0.4230555555555555 0.5178645833333333 0.0844444444444445 0.16381944444444443
10 0.6282986111111111 0.5393692129629629 0.13385416666666677 0.2881944444444445
9 0.6042766203703703 0.6726273148148147 0.0844444444444445 0.16381944444444443
9 0.4486516203703704 0.8315625000000001 0.06668981481481477 0.12695601851851848
9 0.4109953703703703 0.682193287037037 0.07074074074074073 0.1427662037037038
9 0.5146817129629631 0.18542245370370372 0.10734953703703702 0.20877314814814815
11 0.337662037037037 0.39057870370370373 0.10385416666666662 0.20233796296296297
11 0.3405960648148148 0.5846006944444444 0.10155092592592592 0.18974537037037037
9 0.3959432870370371 0.7303472222222223 0.06752314814814815 0.1410185185185185
7 0.33277777777777773 0.781099537037037 0.13034722222222223 0.2552893518518518
8 0.712962962962963 0.9754108796296297 0.07696759259259256 0.04917824074074062
9 0.8928067129629629 0.937974537037037 0.07340277777777757 0.12405092592592588
9 0.8379282407407407 0.923917824074074 0.07680555555555557 0.1400115740740741
8 0.820491898148148 0.9606365740740742 0.08065972222222229 0.07872685185185162
6 0.7823437499999999 0.9484953703703702 0.08820601851851854 0.10300925925925952