5 0.20703125 0.85703125 0.0515625 0.1578125
3 0.26796875 0.86875 0.040625 0.12734375
3 0.28671875 0.7671875 0.04296875 0.11484375
3 0.29296875 0.68359375 0.034375 0.11484375
2 0.35859375 0.65390625 0.0390625 0.12890625
2 0.38046875 0.44921875 0.0375 0.12421875
3 0.36953125 0.51015625 0.03125 0.10078125
3 0.3265625 0.45859375 0.03046875 0.09921875
3 0.33125 0.3984375 0.02890625 0.0953125
3 0.3328125 0.33359375 0.02734375 0.08984375
3 0.55625 0.2421875 0.0234375 0.08828125
0 0.23515625 0.6578125 0.0515625 0.1625
4 0.24609375 0.56328125 0.05703125 0.18203125
1 0.2546875 0.475 0.05546875 0.19609375
0 0.2734375 0.434375 0.0375 0.146875
5 0.29609375 0.3359375 0.034375 0.11328125
9 0.24609375 0.27421875 0.02578125 0.0953125
9 0.48046875 0.58984375 0.0296875 0.1046875
9 0.5875 0.759375 0.034375 0.12421875
9 0.59140625 0.87734375 0.0375 0.13125
9 0.52421875 0.5234375 0.028125 0.10234375
6 0.465625 0.65390625 0.0375 0.15390625
8 0.52421875 0.67578125 0.03828125 0.134375
8 0.52109375 0.45078125 0.034375 0.11640625
9 0.5640625 0.459375 0.02734375 0.09765625
9 0.559375 0.3390625 0.02421875 0.08671875
9 0.56640625 0.40234375 0.02890625 0.09375
11 0.60703125 0.3359375 0.028125 0.11328125
7 0.61953125 0.48828125 0.0390625 0.19453125
10 0.63203125 0.56640625 0.03671875 0.19140625
6 0.64453125 0.65078125 0.034375 0.1625
11 0.65703125 0.8609375 0.04140625 0.15