6 0.9009953703703705 0.2908854166666667 0.11673611111111129 0.23656249999999995
6 0.654681712962963 0.8099999999999999 0.06734953703703699 0.16479166666666673
9 0.7486400462962963 0.7477083333333333 0.05932870370370367 0.10822916666666664
9 0.7050347222222222 0.7350520833333334 0.06282407407407416 0.11468749999999997
8 0.6791319444444446 0.8044791666666666 0.06237268518518526 0.13333333333333322
8 0.5810011574074074 0.8452604166666667 0.06218749999999993 0.1302083333333332
11 0.5398784722222223 0.8301041666666666 0.06668981481481495 0.1273958333333333
10 0.5845312500000001 0.4442708333333333 0.10810185185185191 0.2484375
9 0.5378877314814815 0.5485416666666667 0.062465277777777925 0.13489583333333338
9 0.5417418981481481 0.14208333333333334 0.08656249999999996 0.17385416666666664
0 0.6999363425925926 0.6241145833333334 0.09070601851851841 0.19124999999999998
1 0.6391319444444445 0.7441145833333334 0.10763888888888892 0.240625
3 0.6159722222222221 0.6359375 0.06218749999999993 0.1302083333333334
3 0.5939409722222222 0.5743750000000001 0.062280092592592595 0.13177083333333323
3 0.5431539351851852 0.6960416666666667 0.05832175925925931 0.11750000000000008
9 0.3684780092592593 0.7022395833333334 0.055474537037037044 0.12197916666666675
9 0.3596643518518518 0.5752083333333333 0.06209490740740744 0.1286458333333332
9 0.33574652777777775 0.6242708333333333 0.05234953703703704 0.12177083333333343
4 0.4219733796296296 0.27223958333333337 0.11996527777777785 0.2647916666666667
11 0.31149305555555556 0.49515624999999996 0.08315972222222223 0.16895833333333332
7 0.27382523148148147 0.6711979166666666 0.09761574074074071 0.22906250000000003
3 0.7689583333333333 0.20786458333333338 0.08950231481481481 0.17093749999999996
3 0.6452083333333334 0.30015625 0.07616898148148152 0.1560416666666667
3 0.34995370370370366 0.8178645833333335 0.05004629629629633 0.10916666666666686
3 0.29105324074074074 0.7875520833333333 0.04857638888888882 0.11062499999999993
5 0.2964525462962963 0.8408854166666668 0.062280092592592595 0.13177083333333356
0 0.25684606481481487 0.82640625 0.062106481481481526 0.15510416666666665
5 0.22252314814814814 0.8146875 0.060717592592592594 0.13166666666666665
3 0.19839120370370372 0.8279687499999999 0.046643518518518515 0.10427083333333335