6 0.3631423611111111 0.6630150462962963 0.16677083333333337 0.056469907407407406
9 0.25982638888888887 0.5341319444444445 0.12913194444444445 0.049108796296296296
9 0.1875173611111111 0.41526041666666663 0.13069444444444445 0.04915509259259263
9 0.6681770833333334 0.46269675925925924 0.09604166666666672 0.03563657407407419
9 0.5941493055555556 0.42116898148148146 0.10079861111111121 0.03890046296296283
9 0.72859375 0.4140625 0.09604166666666672 0.035636574074074015
11 0.7327951388888889 0.36553240740740744 0.11184027777777779 0.043912037037036986
11 0.19520833333333334 0.3502314814814815 0.16222222222222218 0.0625810185185185
9 0.5206423611111111 0.46160300925925923 0.09611111111111104 0.03876157407407401
7 0.39932291666666664 0.47534722222222225 0.22006944444444443 0.06585648148148149
3 0.14961805555555557 0.7505381944444445 0.1449305555555555 0.057384259259259274
3 0.5784027777777778 0.6730324074074074 0.10555555555555571 0.042164351851851835
3 0.7265277777777778 0.6475636574074074 0.09760416666666671 0.035682870370370344
3 0.66140625 0.6619849537037037 0.09611111111111122 0.03876157407407419
0 0.3558159722222222 0.7819039351851852 0.17003472222222218 0.0628124999999999
5 0.24993055555555554 0.8037789351851853 0.16381944444444443 0.06418981481481474
5 0.5919097222222222 0.7327488425925927 0.13385416666666677 0.05081018518518512
1 0.6914583333333333 0.7149652777777777 0.19496527777777786 0.06042824074074069
8 0.8318402777777777 0.7217361111111111 0.11343749999999986 0.04552083333333332
8 0.8661458333333334 0.6535763888888889 0.11322916666666671 0.03614583333333332
6 0.89421875 0.6902199074074075 0.13371527777777778 0.04456018518518512
9 0.8266493055555555 0.6742650462962964 0.09600694444444464 0.03407407407407419
9 0.8320659722222222 0.6413136574074074 0.09291666666666672 0.035543981481481524
10 0.9146875 0.6123206018518519 0.14319444444444435 0.04952546296296294
3 0.8224305555555557 0.3722453703703704 0.08972222222222222 0.032326388888888856