3 0.1828125 0.24453125 0.05625 0.059375
3 0.15625 0.44765625 0.06015625 0.0484375
3 0.3734375 0.5125 0.05390625 0.04453125
3 0.4875 0.5875 0.04921875 0.0390625
3 0.56171875 0.25 0.04765625 0.05703125
3 0.5671875 0.44609375 0.04921875 0.04921875
3 0.6703125 0.51171875 0.05625 0.04296875
3 0.8046875 0.659375 0.06875 0.046875
9 0.2015625 0.68203125 0.06015625 0.0484375
9 0.27421875 0.43515625 0.05234375 0.0484375
9 0.36796875 0.25 0.04921875 0.0578125
9 0.365625 0.37265625 0.05078125 0.0515625
9 0.48046875 0.37578125 0.04765625 0.0546875
9 0.6453125 0.37734375 0.05390625 0.04921875
9 0.71953125 0.25 0.05546875 0.05703125
9 0.825 0.37109375 0.0640625 0.05234375