3 0.5755208333333333 0.9913888888888888 0.140625 0.017222222222222427
3 0.270625 0.8089583333333333 0.11260416666666676 0.07746527777777779
3 0.26286458333333335 0.31388310185185186 0.11541666666666668 0.07293981481481478
5 0.38317708333333333 0.60234375 0.15218749999999998 0.08730324074074076
5 0.2247395833333333 0.47418402777777774 0.1260416666666666 0.0688194444444445
0 0.7651041666666666 0.9059375 0.2057291666666668 0.1430208333333333
0 0.8609375 0.5385300925925927 0.22020833333333342 0.12664351851851857
10 0.3811979166666667 0.8319386574074074 0.221875 0.15164351851851876
8 0.5538020833333334 0.359542824074074 0.16593750000000007 0.10670138888888889
9 0.36640625 0.4188136574074074 0.11677083333333335 0.06989583333333335
11 0.238125 0.6379398148148148 0.13166666666666665 0.08312500000000007
7 0.6697395833333333 0.6195543981481482 0.2598958333333332 0.1380439814814814
6 0.5821354166666667 0.5813020833333333 0.18572916666666667 0.09994212962962976