3 0.4605266203703704 0.6256944444444444 0.18775462962962966 0.12225694444444457
3 0.5015740740740741 0.8757638888888888 0.15447916666666667 0.10517361111111115
3 0.36528356481481483 0.6322743055555555 0.10493055555555557 0.06552083333333343
3 0.3677199074074074 0.42407986111111107 0.15254629629629637 0.09260416666666664
3 0.2886111111111111 0.34154513888888893 0.11444444444444439 0.07062500000000008
3 0.3254108796296296 0.28984375 0.15263888888888885 0.09572916666666664
3 0.24107638888888888 0.16295138888888888 0.1274537037037037 0.08836805555555553
9 0.4269560185185185 0.7335763888888889 0.1322337962962962 0.09170138888888886
9 0.4103530092592592 0.5692534722222222 0.15751157407407418 0.10218750000000014
9 0.3648958333333333 0.5399826388888889 0.11619212962962963 0.07694444444444457
9 0.32969907407407406 0.566579861111111 0.09206018518518518 0.052465277777777784
9 0.39489583333333333 0.6020138888888888 0.13181712962962963 0.07763888888888885
9 0.3223958333333333 0.4785069444444444 0.11609953703703706 0.07381944444444458
9 0.2889293981481481 0.43149305555555556 0.10024305555555557 0.06531249999999993
9 0.37704861111111115 0.21088541666666666 0.22585648148148146 0.14423611111111115