9 0.47578125 0.2921875 0.040625 0.05625
9 0.63671875 0.3125 0.040625 0.0578125
9 0.53671875 0.36796875 0.04609375 0.059375
9 0.421875 0.425 0.05 0.06328125
9 0.33203125 0.46640625 0.05234375 0.06640625
9 0.2234375 0.403125 0.0546875 0.06328125
9 0.3140625 0.53828125 0.05703125 0.06796875
9 0.5125 0.74765625 0.0703125 0.084375
3 0.05625 0.46953125 0.0703125 0.06484375
3 0.21875 0.603125 0.065625 0.071875
3 0.46875 0.5421875 0.05390625 0.06953125
3 0.6265625 0.540625 0.0578125 0.06875
3 0.67265625 0.42578125 0.0484375 0.0640625
3 0.9015625 0.45078125 0.05859375 0.06875
3 0.546875 0.42890625 0.05 0.0625
3 0.37265625 0.33984375 0.04453125 0.0578125