9 0.7112557870370371 0.12178819444444444 0.09664351851851852 0.08527777777777779
9 0.42699652777777775 0.3431076388888889 0.07638888888888892 0.0641319444444445
4 0.2984085648148148 0.7965625 0.1377893518518519 0.11513888888888886
3 0.2919270833333333 0.7579166666666667 0.07482638888888893 0.0640625
3 0.3773726851851852 0.26666666666666666 0.06643518518518512 0.055902777777777767
3 0.4377893518518519 0.43918402777777776 0.0731481481481481 0.0624305555555555
3 0.4841435185185185 0.44413194444444437 0.08177083333333339 0.07371527777777764
6 0.5057291666666666 0.5311631944444445 0.11886574074074083 0.09093750000000007
6 0.5304398148148148 0.4498611111111111 0.11597222222222214 0.09392361111111107
8 0.5666087962962963 0.2348958333333333 0.10503472222222214 0.09343749999999992
11 0.35859375 0.4255729166666667 0.08466435185185191 0.07072916666666665
11 0.3362268518518518 0.5908680555555555 0.08969907407407404 0.07562499999999997
10 0.3809895833333333 0.7119097222222223 0.14103009259259255 0.11684027777777786
7 0.4257523148148148 0.643732638888889 0.15653935185185192 0.11597222222222214
0 0.5732349537037037 0.7236111111111111 0.13431712962962958 0.11031249999999986
0 0.6980034722222223 0.34274305555555556 0.13454861111111108 0.11343750000000004
1 0.4304108796296296 0.9067187499999999 0.17771990740740745 0.14961805555555543
5 0.48761574074074066 0.1659895833333333 0.09184027777777785 0.08350694444444447
5 0.37722800925925926 0.6155208333333333 0.09438657407407405 0.07583333333333328