3 0.5984895833333332 0.23057291666666666 0.09587962962962955 0.08079861111111111
3 0.5791724537037037 0.5173090277777778 0.09893518518518504 0.07156249999999993
3 0.8784085648148148 0.6337673611111111 0.10200231481481481 0.06388888888888893
3 0.22529513888888886 0.18116319444444445 0.09756944444444446 0.09805555555555556
0 0.10072916666666668 0.3280208333333333 0.13063657407407409 0.13388888888888886
0 0.14067129629629632 0.6330208333333334 0.13355324074074076 0.10590277777777786
5 0.7345428240740741 0.7485069444444445 0.13501157407407405 0.09190972222222235
6 0.3821585648148148 0.4218055555555556 0.13513888888888878 0.10909722222222218
6 0.3846354166666667 0.5094444444444445 0.12883101851851855 0.10100694444444436
8 0.4996296296296296 0.7052430555555557 0.12877314814814814 0.09319444444444436
9 0.2899826388888889 0.8381597222222222 0.10842592592592588 0.08760416666666657
9 0.69828125 0.5796527777777778 0.10518518518518505 0.07184027777777793
11 0.7591203703703704 0.49013888888888885 0.12560185185185196 0.08680555555555572
11 0.6538425925925926 0.3541666666666667 0.1209837962962963 0.09597222222222221
10 0.4670370370370371 0.2520833333333333 0.1666782407407407 0.14954861111111112
5 0.5608969907407408 0.34690972222222227 0.12726851851851856 0.10093750000000004