3 0.6703645833333333 0.2891435185185185 0.09364583333333343 0.07138888888888886
3 0.5340104166666666 0.5379456018518518 0.09937499999999985 0.06376157407407401
3 0.7526041666666666 0.7463831018518519 0.10031250000000007 0.05443287037037035
3 0.3578645833333333 0.11549768518518518 0.09479166666666669 0.08857638888888886
0 0.18609375 0.20277777777777778 0.12666666666666665 0.12226851851851857
0 0.09427083333333333 0.488125 0.13104166666666667 0.0943287037037038
5 0.5761458333333334 0.7982986111111111 0.13468750000000007 0.07884259259259263
6 0.39791666666666664 0.38361689814814814 0.13270833333333334 0.09593749999999997
6 0.3636979166666666 0.46244791666666674 0.12770833333333337 0.09111111111111114
8 0.3846354166666667 0.6767708333333333 0.12541666666666665 0.0801273148148148
9 0.14208333333333334 0.72203125 0.10645833333333332 0.07644675925925917
9 0.6136458333333333 0.6350231481481481 0.10385416666666672 0.06077546296296301
11 0.7059895833333333 0.5767013888888888 0.121875 0.07378472222222214
11 0.6680208333333333 0.4182349537037037 0.11947916666666672 0.08462962962962947
10 0.54375 0.2626909722222222 0.1648958333333333 0.13431712962962958
5 0.58921875 0.3791087962962963 0.12437499999999986 0.08789351851851848