11 0.2380497685185185 0.31805555555555554 0.12152777777777776 0.040138888888888856
11 0.5834490740740741 0.2953125 0.14855324074074083 0.04697916666666666
10 0.4067708333333334 0.31088541666666664 0.18159722222222213 0.050833333333333286
6 0.3479166666666667 0.3165972222222222 0.15133101851851852 0.04236111111111107
7 0.643431712962963 0.35748263888888887 0.23217592592592595 0.05975694444444439
9 0.7821180555555556 0.34496527777777775 0.1265625 0.044930555555555605
9 0.44256365740740744 0.4255555555555556 0.10856481481481488 0.033611111111111036
9 0.5102141203703704 0.47541666666666665 0.11325231481481488 0.03371527777777779
9 0.37222222222222223 0.3709548611111111 0.10688657407407405 0.03201388888888897
9 0.25298032407407406 0.4143229166666666 0.09571759259259256 0.028645833333333214
9 0.3050347222222222 0.3694618055555555 0.09739583333333339 0.030243055555555554
9 0.17387152777777778 0.5467187499999999 0.0925925925925926 0.028576388888888894
9 0.17060185185185187 0.5762847222222222 0.08935185185185182 0.02694444444444457
6 0.16660879629629632 0.6487326388888889 0.13223379629629628 0.037256944444444426
8 0.24918981481481484 0.45791666666666664 0.11984953703703702 0.038541666666666606
8 0.586863425925926 0.4256423611111111 0.13425925925925916 0.04354166666666668
0 0.6618344907407407 0.4795659722222222 0.17042824074074064 0.04746527777777772
0 0.678761574074074 0.42378472222222224 0.1703125 0.045902777777777716
5 0.7739583333333334 0.4243402777777778 0.15827546296296297 0.051875000000000074
5 0.2564814814814815 0.6405902777777778 0.11336805555555554 0.03527777777777778
3 0.2564814814814815 0.5984722222222223 0.10196759259259255 0.028784722222222215
3 0.38026620370370373 0.5216666666666667 0.10844907407407404 0.032048611111111215
3 0.38081597222222224 0.5606770833333334 0.10075231481481488 0.03343750000000014
3 0.5311342592592593 0.6420138888888889 0.10879629629629636 0.03673611111111121
3 0.6869212962962963 0.5971180555555555 0.11851851851851851 0.04163194444444436
3 0.5970486111111111 0.6473784722222222 0.11180555555555571 0.035243055555555715
2 0.69921875 0.7315451388888888 0.1486689814814815 0.04854166666666657
1 0.49542824074074077 0.6864583333333333 0.20549768518518513 0.05760416666666668
4 0.3584201388888889 0.6163368055555555 0.17690972222222223 0.050729166666666714
2 0.13735532407407408 0.22222222222222224 0.11828703703703702 0.03850694444444445