5 0.23375578703703703 0.12459490740740739 0.09829861111111109 0.21171296296296296
5 0.25088541666666664 0.5974363425925926 0.0731481481481481 0.15251157407407412
3 0.3031655092592592 0.729994212962963 0.04689814814814817 0.10884259259259252
3 0.3138136574074074 0.6682349537037038 0.05337962962962965 0.11702546296296283
3 0.31485532407407407 0.5981076388888888 0.055173611111111145 0.1249305555555555
3 0.3720833333333333 0.555486111111111 0.05843749999999996 0.12980324074074084
3 0.38029513888888894 0.38517939814814817 0.06515046296296294 0.14579861111111114
3 0.4606712962962963 0.28153935185185186 0.0700231481481481 0.1523263888888889
3 0.389525462962963 0.14396412037037037 0.07337962962962959 0.16032407407407412
3 0.5403935185185185 0.8664930555555557 0.04515046296296301 0.10249999999999986
9 0.5154629629629629 0.7620717592592593 0.05020833333333332 0.11527777777777785
9 0.5808912037037037 0.7066782407407407 0.04689814814814817 0.10884259259259252
9 0.5121180555555556 0.4912557870370371 0.061840277777777786 0.13936342592592582
9 0.6297453703703704 0.19719328703703703 0.07361111111111107 0.16813657407407406
9 0.6741898148148148 0.32850694444444445 0.07011574074074076 0.15545138888888888
9 0.5863252314814815 0.6531886574074074 0.05342592592592581 0.11858796296296284
9 0.19375578703703702 0.7749826388888889 0.05149305555555554 0.10599537037037035
8 0.24923032407407408 0.8047858796296297 0.05834490740740748 0.12667824074074083
8 0.43100115740740746 0.5698958333333334 0.07020833333333343 0.15857638888888878
6 0.5235706018518519 0.3250405092592593 0.08418981481481484 0.2093171296296296
6 0.5614583333333333 0.5245949074074074 0.07747685185185187 0.1933217592592591
11 0.7964293981481481 0.21642939814814816 0.09333333333333335 0.20206018518518523
11 0.6675868055555556 0.6057523148148147 0.0700231481481481 0.15232638888888878
10 0.6886921296296296 0.5547511574074073 0.09108796296296298 0.23156250000000006
7 0.6201736111111111 0.769056712962963 0.08598379629629634 0.21722222222222243
2 0.3772916666666667 0.6259837962962964 0.06685185185185186 0.1505787037037038
4 0.2378298611111111 0.472662037037037 0.10372685185185189 0.2369907407407407
2 0.30016203703703703 0.12853009259259257 0.09333333333333335 0.20206018518518518
0 0.5619560185185184 0.9098842592592593 0.055914351851851764 0.1499305555555555
0 0.2479571759259259 0.55125 0.08041666666666672 0.18725694444444443
9 0.5558391203703703 0.5718344907407408 0.05829861111111114 0.12511574074074083
1 0.2501967592592592 0.7057986111111111 0.09108796296296298 0.23156250000000006