8 0.45703125 0.67578125 0.0546875 0.2015625
9 0.52109375 0.58125 0.03984375 0.15
6 0.55703125 0.32890625 0.03984375 0.1875
9 0.37890625 0.49296875 0.0375 0.14296875
9 0.371875 0.69140625 0.04765625 0.1625
9 0.36953125 0.9171875 0.0578125 0.16484375
9 0.37890625 0.40625 0.034375 0.12890625
9 0.3796875 0.34609375 0.03203125 0.12578125
9 0.3796875 0.28046875 0.03125 0.11875
11 0.259375 0.896875 0.071875 0.20546875
7 0.29609375 0.5203125 0.05859375 0.28671875
9 0.36484375 0.8046875 0.04765625 0.16640625
3 0.59375 0.590625 0.0453125 0.15234375
2 0.68828125 0.6828125 0.0546875 0.19453125
2 0.61796875 0.415625 0.03984375 0.15546875
3 0.8328125 0.90546875 0.053125 0.1890625
3 0.79140625 0.78671875 0.0453125 0.17890625
3 0.7515625 0.68359375 0.04765625 0.1609375
3 0.69921875 0.50390625 0.0375 0.13125
3 0.653125 0.315625 0.0296875 0.11484375
5 0.7015625 0.29453125 0.03828125 0.1328125
0 0.74296875 0.40390625 0.040625 0.1890625
4 0.771875 0.459375 0.0578125 0.2390625
1 0.80078125 0.5234375 0.06640625 0.27265625
0 0.828125 0.64609375 0.05234375 0.23359375
5 0.915625 0.87421875 0.07265625 0.23359375
11 0.328125 0.27578125 0.0328125 0.15234375
3 0.68203125 0.428125 0.03671875 0.12734375
3 0.66796875 0.3625 0.02734375 0.1203125