3 0.8534895833333334 0.39678819444444446 0.13916666666666658 0.26388888888888895
3 0.746875 0.5714699074074074 0.084375 0.16678240740740727
3 0.49078125000000006 0.36009837962962965 0.12458333333333335 0.25555555555555554
3 0.52 0.5399305555555556 0.084375 0.16678240740740743
3 0.46598958333333335 0.5521122685185185 0.07364583333333333 0.14612268518518512
3 0.438125 0.45133101851851853 0.09614583333333329 0.20306712962962958
3 0.37416666666666665 0.47876157407407405 0.08968750000000006 0.1763310185185185
3 0.3583854166666667 0.559230324074074 0.06979166666666661 0.13506944444444446
9 0.7919270833333333 0.49539930555555556 0.10250000000000004 0.20486111111111108
9 0.7195833333333332 0.6202546296296296 0.08020833333333321 0.1510416666666668
9 0.60734375 0.4756076388888889 0.09708333333333333 0.19375
9 0.5966666666666667 0.5269097222222222 0.08458333333333332 0.16990740740740745
9 0.5941666666666666 0.6186342592592593 0.06697916666666667 0.13964120370370364
9 0.52015625 0.4365451388888889 0.11385416666666667 0.23489583333333322
9 0.19041666666666668 0.35399305555555555 0.1234375 0.23836805555555554