3 0.1711111111111111 0.5151157407407407 0.18006944444444445 0.3299074074074074
3 0.18229166666666669 0.7563888888888889 0.105625 0.19974537037037035
3 0.43284722222222227 0.6808912037037037 0.09243055555555557 0.18375000000000002
3 0.47359375000000004 0.6969618055555555 0.08541666666666678 0.16637731481481488
3 0.5561979166666667 0.4576851851851852 0.15107638888888886 0.27443287037037045
3 0.5448784722222222 0.5715625 0.11548611111111118 0.21096064814814816
3 0.5574652777777778 0.6931886574074074 0.07770833333333335 0.13337962962962954
3 0.5815972222222222 0.6078530092592593 0.09868055555555558 0.1839351851851852
9 0.17284722222222224 0.6520659722222222 0.133125 0.25673611111111116
9 0.18899305555555554 0.8168229166666666 0.09343750000000002 0.1712962962962962
9 0.3244097222222222 0.7973668981481482 0.09309027777777779 0.16348379629629636
9 0.3478993055555556 0.7440856481481481 0.09315972222222228 0.16504629629629636
9 0.3660763888888889 0.669525462962963 0.10697916666666671 0.1951041666666667
9 0.3840972222222222 0.616082175925926 0.12222222222222223 0.22208333333333333
9 0.4934722222222222 0.5489178240740741 0.12263888888888878 0.23145833333333332
9 0.7819270833333333 0.4479456018518519 0.12746527777777777 0.23472222222222214