3 0.7566666666666666 0.47234375 0.059513888888889 0.14937500000000004
3 0.5794791666666667 0.8797222222222223 0.060104166666666715 0.17593749999999986
3 0.5742013888888889 0.34302083333333333 0.04677083333333343 0.1378819444444445
3 0.5653298611111112 0.24956597222222224 0.04336805555555543 0.12524305555555557
3 0.5189756944444445 0.15366319444444446 0.04656249999999993 0.12850694444444444
3 0.45256944444444447 0.32666666666666666 0.04847222222222225 0.1442013888888889
3 0.45024305555555555 0.43135416666666665 0.045486111111111074 0.15031250000000007
3 0.38607638888888884 0.6443402777777778 0.05385416666666663 0.1756597222222222
9 0.8135590277777778 0.3403645833333333 0.053298611111111074 0.1506597222222222
9 0.6763715277777778 0.6721006944444444 0.06631944444444446 0.17465277777777785
9 0.7264756944444445 0.21215277777777777 0.04819444444444443 0.13170138888888888
9 0.6582638888888889 0.3256423611111111 0.04982638888888893 0.13489583333333338
9 0.5960069444444445 0.4526909722222222 0.05173611111111107 0.15059027777777773
9 0.5479861111111111 0.5373611111111112 0.051875000000000074 0.1568402777777777
9 0.4528645833333334 0.5597222222222222 0.05343750000000007 0.15690972222222221
9 0.28343749999999995 0.4419270833333333 0.05295138888888893 0.1350347222222222