3 0.19453125 0.6328125 0.07421875 0.24921875
3 0.278125 0.44296875 0.04296875 0.1578125
3 0.55546875 0.61328125 0.06171875 0.2421875
3 0.50390625 0.43984375 0.04296875 0.1578125
3 0.55625 0.41953125 0.0375 0.13828125
3 0.5953125 0.51484375 0.04765625 0.19453125
3 0.6546875 0.47734375 0.046875 0.16640625
3 0.66015625 0.39609375 0.03828125 0.12734375
9 0.24296875 0.52578125 0.05390625 0.19453125
9 0.29921875 0.390625 0.0421875 0.14140625
9 0.4265625 0.51640625 0.05078125 0.184375
9 0.43046875 0.4640625 0.04375 0.1609375
9 0.421875 0.3734375 0.0328125 0.134375
9 0.5171875 0.54140625 0.05625 0.22265625
9 0.85078125 0.57265625 0.06484375 0.225