1 0.1974693453125 0.32637756875 0.1915488296875 0.2465956640625 0.108861384375 0.25147555312500003 0.11572907343750001 0.327850259375 0.1974693453125 0.32637756875
1 0.20011809062500002 0.40392958125 0.19671194375 0.3266933875 0.11581782656249999 0.32769935 0.12056917812500001 0.40328863125 0.20011809062500002 0.40392958125
1 0.1235100625 0.4738265265625 0.205983221875 0.47729198124999994 0.1997293109375 0.40394213749999996 0.1206330296875 0.4033379453125 0.1235100625 0.4738265265625
1 0.1973979078125 0.3271295578125 0.2806345390625 0.3247331171875 0.2756178984375 0.2411276484375 0.19206229375 0.2468724609375 0.1973979078125 0.3271295578125
1 0.2806345390625 0.3247331171875 0.36573336093750003 0.32110840937499996 0.36170229531250003 0.23484485937500002 0.276006678125 0.2411150921875 0.2806345390625 0.3247331171875
1 0.3664321453125 0.4042692828125 0.366061584375 0.3202223921875 0.2788330109375 0.3240781296875 0.2814385453125 0.403804190625 0.3664321453125 0.4042692828125
1 0.28145874531250004 0.40409557031250004 0.27942690625 0.3241880625 0.1971245671875 0.3260750421875 0.2014806578125 0.40288441875 0.28145874531250004 0.40409557031250004
1 0.282283034375 0.4036126484375 0.20040055781250002 0.40304706875 0.2058965015625 0.4773421015625 0.28536005468750003 0.48173488593749997 0.282283034375 0.4036126484375
1 0.286056859375 0.480544934375 0.37139371250000003 0.48596143124999996 0.369260921875 0.40459770781250004 0.281413040625 0.404568215625 0.286056859375 0.480544934375
1 0.3652035234375 0.3210768515625 0.4628477828125 0.3185064140625 0.4584120578125 0.22641870000000003 0.36091028125 0.2346744 0.3652035234375 0.3210768515625
1 0.36829642812499996 0.40503581093749996 0.46307186875 0.40606105000000003 0.4612321203125 0.31768318125 0.3651539734375 0.3206093109375 0.36829642812499996 0.40503581093749996
1 0.3727223859375 0.48574140468750004 0.46309315156249997 0.49070328124999996 0.463829225 0.40574455781249996 0.3675757671875 0.4049968953125 0.3727223859375 0.48574140468750004
1 0.46307186875 0.40606105000000003 0.5667294984375 0.405923309375 0.569374325 0.314774346875 0.46270481874999997 0.3184218015625 0.46307186875 0.40606105000000003
1 0.46243110625000006 0.318519871875 0.5689585484374999 0.3147877765625 0.565058975 0.219179728125 0.45893845468750005 0.227012121875 0.46243110625000006 0.318519871875
1 0.4641573796875 0.490493825 0.565517571875 0.49656022968749997 0.566667840625 0.4063349546875 0.4636380078125 0.40606980468750004 0.4641573796875 0.490493825
1 0.567777778125 0.3156060140625 0.6852605828125 0.31140717812499996 0.6879393640625 0.209766996875 0.564890628125 0.219405540625 0.567777778125 0.3156060140625
1 0.5659894921874999 0.40669824375 0.6822748421875 0.40860650625000006 0.68466554375 0.31061722812500003 0.5678959046875 0.314499646875 0.5659894921874999 0.40669824375
1 0.5646553984375 0.4965617125 0.678980390625 0.501365721875 0.6817357734375 0.40862391875000004 0.56597285 0.40671838437499996 0.5646553984375 0.4965617125
1 0.6852605828125 0.31140717812499996 0.8178093140625 0.306316803125 0.8238688421875 0.198902575 0.687741559375 0.209567884375 0.6852605828125 0.31140717812499996
1 0.6812247124999999 0.40904534843749996 0.8098517812500001 0.4097458171875 0.8156530375000001 0.30638644843749996 0.6852799468749999 0.3111530546875 0.6812247124999999 0.40904534843749996
1 0.6785812234375 0.5034011984375 0.8043106453125001 0.5090509437499999 0.8082634359374999 0.410201365625 0.681355109375 0.40877952500000003 0.6785812234375 0.5034011984375
1 0.816703165625 0.30594760781249997 0.962838765625 0.3020367265625 0.9666374531249999 0.185390425 0.823098646875 0.1998535671875 0.816703165625 0.30594760781249997
1 0.809907753125 0.4105531765625 0.9536847265624999 0.41157348593750004 0.9612215578125 0.302088959375 0.8161723921874999 0.3055902484375 0.809907753125 0.4105531765625
1 0.8037715765625 0.5090683546875 0.945300965625 0.5166346046875 0.9536567640625 0.41117014375 0.8079685078125 0.41003242812499996 0.8037715765625 0.5090683546875
1 0.5673356953125 0.581646690625 0.676066746875 0.5914863890625 0.6768617734375 0.5016403296874999 0.5652032203124999 0.49634527500000003 0.5673356953125 0.581646690625
1 0.6770889140625 0.5906442046875 0.8016488921875 0.6028050687500001 0.803780328125 0.5088693281250001 0.67777691875 0.5028322984375 0.6770889140625 0.5906442046875
1 0.8006267234375001 0.6036472515625 0.9382633609375001 0.617408334375 0.94372051875 0.5168918312499999 0.8036054343749999 0.5098984375 0.8006267234375001 0.6036472515625
1 0.9308531265625 0.7131322359375 0.9382353515625 0.6170043171875 0.799548584375 0.603682075 0.7965701734375 0.6931937328125 0.9308531265625 0.7131322359375
1 0.7966541515625 0.694405109375 0.8001436249999999 0.6044720234375001 0.6773242109375001 0.5905514296875001 0.6772320796875 0.6784367015625 0.7966541515625 0.694405109375
1 0.676632925 0.6785892234374999 0.67687325 0.591189265625 0.5676217859375 0.58168815 0.5682520171875 0.664341534375 0.676632925 0.6785892234374999
1 0.567212775 0.5817081203125001 0.5654320921875 0.49601678437499996 0.46318618125000005 0.49037985468749995 0.4657250046875 0.5721881125 0.567212775 0.5817081203125001
1 0.46915570781250004 0.6504030328125 0.5674274703125 0.66284311875 0.567243071875 0.5819369812499999 0.46614320468750003 0.572430809375 0.46915570781250004 0.6504030328125
1 0.677357153125 0.759632053125 0.6764656765625 0.6777509828125 0.5680763515625 0.6644357624999999 0.56948851875 0.7418708859375001 0.677357153125 0.759632053125
1 0.5681595921875 0.7424255375000001 0.5688095125 0.66305468125 0.4690610921875 0.6510158374999999 0.47235002968749995 0.7260669390625 0.5681595921875 0.7424255375000001
1 0.676963346875 0.6777349078125 0.6764736796874999 0.7594043859374999 0.7941032390625 0.7799220140625 0.79698606875 0.69331211875 0.676963346875 0.6777349078125
1 0.9310105765625 0.712645165625 0.7967416140625 0.693689109375 0.7947822765625 0.7796337390625 0.92293785 0.8032623515624999 0.9310105765625 0.712645165625
1 0.9159452781249999 0.889749459375 0.9232789296874999 0.8032513343750001 0.7938233890624999 0.77978841875 0.791034671875 0.8628118140625001 0.9159452781249999 0.889749459375
1 0.789877265625 0.8627180546875 0.7940834234375 0.7804168078125 0.67686678125 0.7592199843749999 0.6764683828125 0.838992371875 0.789877265625 0.8627180546875
1 0.6752307703125 0.8383921765625001 0.67625626875 0.75952091875 0.5693931531249999 0.7414710703125 0.5712240546875 0.8171790140624999 0.6752307703125 0.8383921765625001
1 0.907323121875 0.978946546875 0.9168060625000001 0.8898190015624999 0.7896164984375 0.8623262859375 0.7836566781250001 0.9453135265625001 0.907323121875 0.978946546875
1 0.785537203125 0.9447660703125 0.7898318718749999 0.8637416265625 0.6760059015625 0.838956609375 0.6727788796875 0.915644525 0.785537203125 0.9447660703125
1 0.5709565750000001 0.892568740625 0.6726828625 0.915391421875 0.6749095781250001 0.8390413656250001 0.5722808421875001 0.8172395218749999 0.5709565750000001 0.892568740625
1 0.5725311484375 0.8175194109374999 0.569371365625 0.74236679375 0.47307947187500005 0.725243675 0.476473671875 0.7975846859375 0.5725311484375 0.8175194109374999
1 0.5705038796874999 0.8918154296875 0.5721546234375 0.8170191656249999 0.47621179687500004 0.797528246875 0.4750577265625 0.870836821875 0.5705038796874999 0.8918154296875
1 0.3077190109375 0.764875965625 0.38741197656250004 0.7804754515625001 0.3823131859375 0.7115579890625 0.30297398750000004 0.6964297375 0.3077190109375 0.764875965625
1 0.3883518203125 0.780956825 0.47665855625000003 0.7975584328124999 0.472653465625 0.7249924437499999 0.383417721875 0.7112404234375 0.3883518203125 0.780956825
1 0.474542778125 0.8705776500000001 0.47599407187500004 0.7978354234375 0.3888435140625 0.7814790359375 0.38772897031250003 0.8508560890625001 0.474542778125 0.8705776500000001
1 0.30579567343749997 0.8325134359374999 0.3873524953125 0.8503565203125 0.3883341453125 0.78070186875 0.3073146953125 0.7655231078125 0.30579567343749997 0.8325134359374999
1 0.2964043578125 0.6279714656250001 0.37882976562500004 0.6386195765625 0.372942240625 0.5635550640625 0.2899767359375 0.555967059375 0.2964043578125 0.6279714656250001
1 0.3749710484375 0.56323400625 0.3713471296875 0.48630431406249996 0.2848604015625 0.48116290937499995 0.290030321875 0.55573819375 0.3749710484375 0.56323400625
1 0.37534752656250003 0.563733578125 0.465797709375 0.5718186968750001 0.46289605 0.490514284375 0.3720116171875 0.48602732499999995 0.37534752656250003 0.563733578125
1 0.37812988281250004 0.6383859796875 0.46992291562500005 0.651035321875 0.4658154328125 0.572074328125 0.3742755265625 0.5631023453124999 0.37812988281250004 0.6383859796875
1 0.47202315781250004 0.7257104296875 0.46821751406249995 0.651090403125 0.377997475 0.63846664375 0.38353469375000004 0.7114184890625 0.47202315781250004 0.7257104296875
1 0.3019377765625 0.6979280921875 0.38288792968749996 0.7119511078125 0.37912240937499997 0.638430309375 0.2960809984375 0.6282381125 0.3019377765625 0.6979280921875
1 0.29169041562500003 0.5560834125 0.28481504687500003 0.48156253437499996 0.205602696875 0.47729345624999997 0.2132992578125 0.5494001875000001 0.29169041562500003 0.5560834125
1 0.211577034375 0.5491996109375 0.2052021453125 0.47696704375000004 0.1245956765625 0.4742768296875 0.13230431250000002 0.54459313125 0.211577034375 0.5491996109375
1 0.14141164374999998 0.6118743249999999 0.219120640625 0.61857958125 0.21163015000000002 0.5499658281250001 0.13175506718750002 0.5450232296874999 0.14141164374999998 0.6118743249999999
1 0.28865727343750003 0.5561638046875 0.2116127625 0.5491815578125 0.21846111562499998 0.6193965312499999 0.2953909640625 0.6286409875000001 0.28865727343750003 0.5561638046875
1 0.3019290046875 0.6983089609375 0.29677210781249996 0.6288525796875 0.21883549531250002 0.6193844390625001 0.22625351249999998 0.686419375 0.3019290046875 0.6983089609375
1 0.22594783125 0.686940978125 0.2195327984375 0.619060421875 0.14087208906249998 0.6114814187500001 0.148061803125 0.6776821140625 0.22594783125 0.686940978125
1 0.3079667203125 0.7660942203125 0.3028629421875 0.69740405625 0.225800090625 0.687320928125 0.232525175 0.7526612140625 0.3079667203125 0.7660942203125
1 0.1574255609375 0.7392164859375 0.2324366140625 0.7513837359375 0.2263057953125 0.687589865625 0.1481331171875 0.6782814484374999 0.1574255609375 0.7392164859375
1 0.3054083234375 0.8327287468750001 0.3072137203125 0.76509440625 0.23221401406250003 0.752739540625 0.2332536234375 0.817397509375 0.3054083234375 0.8327287468750001
1 0.165190990625 0.8019341015625001 0.2344231953125 0.8145442078125 0.2307147015625 0.7527879671875 0.158160840625 0.7399606703125 0.165190990625 0.8019341015625001
0 1 0.14006380000000002 0.072730003125 0.2248611203125 0.140601640625 0.820304909375 0.790460375 0.984962040625 0.9453209734374999 0.9799601812500001 1 0.2505268296875 1 0.14006380000000002