1 0.6560069171875 0.027746626562499998 0.6539832421875 0.01937728125 0.5850334453125 0.017334325 0.599262221875 0.082122478125 0.6560069171875 0.027746626562499998
1 0.6280662703125001 0.20892758437499998 0.687685925 0.1709419484375 0.6560069171875 0.027746626562499998 0.5999699890625 0.0819785703125 0.6280662703125001 0.20892758437499998
1 0.7204964421875 0.31205967968750004 0.6870051609375001 0.169694953125 0.628222965625 0.21074324843749997 0.6572414 0.3392381515625 0.7204964421875 0.31205967968750004
1 0.7514953015625 0.45413500781250005 0.7192097421875 0.312449353125 0.6564705187500001 0.33779883593750004 0.6882020515625 0.463772090625 0.7514953015625 0.45413500781250005
1 0.782818346875 0.5975057046875001 0.75190281875 0.45461726406249997 0.687288846875 0.46417026562499997 0.716542634375 0.5925078187499999 0.782818346875 0.5975057046875001
1 0.652317715625 0.5875541421875 0.71582488125 0.5898829343750001 0.68587688125 0.4629615171875 0.6264537484375 0.47399885781249995 0.652317715625 0.5875541421875
1 0.6808472046875 0.7018322375 0.7475017859374999 0.71691400625 0.7170297171875 0.590561259375 0.652564946875 0.5886229671875001 0.6808472046875 0.7018322375
1 0.624836609375 0.472139584375 0.686520659375 0.46283062187499996 0.6575755531249999 0.3370916296875 0.5987532718749999 0.357664778125 0.624836609375 0.472139584375
1 0.5757081453125 0.4788956875 0.6257197984375 0.4728842375 0.5991673671875 0.3558954484375 0.5505526484375001 0.374072078125 0.5757081453125 0.4788956875
1 0.6005574078125 0.584685371875 0.6527593109375001 0.5879264671875 0.62471714375 0.4717026890625 0.5761497390625 0.4792680140625 0.6005574078125 0.584685371875
1 0.62661150625 0.691153384375 0.6823739296875 0.7024451140625 0.6527962984375 0.5893043578125 0.6010003390625 0.5858934984374999 0.62661150625 0.691153384375
1 0.6542387015625 0.795916134375 0.7122286078125 0.8178391765624999 0.682530625 0.704260778125 0.6263720937499999 0.6902778359374999 0.6542387015625 0.795916134375
1 0.7476520921875001 0.718212253125 0.6831689 0.7036132109375 0.7133909546874999 0.8166229406250001 0.7806174375 0.8449822828125001 0.7476520921875001 0.718212253125
1 0.7468888484375 0.7179062546874999 0.8196427140625 0.7391370546875 0.782610015625 0.5974923875 0.7170865734375 0.5922738078124999 0.7468888484375 0.7179062546874999
1 0.77985395625 0.844675403125 0.8584045609375 0.8808922578124999 0.8200843078125001 0.73950938125 0.7482958671875 0.7180813578125 0.77985395625 0.844675403125
1 0.815050190625 0.9730648499999999 0.8769398015625001 0.9604811546875001 0.8571994859375 0.8802130546875 0.7803125046875 0.846726634375 0.8111262546875 0.972712040625 0.815050190625 0.9730648499999999
1 0.7411939484375 0.93197205 0.8120919203125 0.972515696875 0.7802955500000001 0.84504773125 0.712342165625 0.8177604109375001 0.7411939484375 0.93197205
1 0.6804061171875 0.9023045 0.7411114703125 0.9329130453125 0.7112567953125 0.8175189812499999 0.654471725 0.7962742625 0.6804061171875 0.9023045
1 0.6264179265625 0.8753187812500001 0.6798746609374999 0.9027039312499999 0.6540820046875 0.797044815625 0.6036316171875 0.7778220515625 0.6264179265625 0.8753187812500001
1 0.6043937374999999 0.778720303125 0.6547532640625 0.79761078125 0.6268992734375 0.69065874375 0.5787979125 0.6803908515625 0.6043937374999999 0.778720303125
1 0.5793150609375 0.6813389109375 0.6271566453124999 0.6919667703125 0.60087469375 0.5864071421875 0.5540311109375 0.5830546125 0.5793150609375 0.6813389109375
1 0.5538958578125001 0.5834931906249999 0.5997720484375 0.5850445640624999 0.575782465625 0.4793695984375 0.530579715625 0.48587035156249997 0.5538958578125001 0.5834931906249999
1 0.5308367265625 0.48499872499999996 0.5751744578125 0.478089253125 0.5517026703125001 0.37336221875 0.509081365625 0.387516940625 0.5308367265625 0.48499872499999996
1 0.4668724203125 0.19161500625 0.50389021875 0.16200066562499998 0.4763135375 0.0560278234375 0.4422256125 0.0953289234375 0.4668724203125 0.19161500625
1 0.504785090625 0.1621991703125 0.5483857734375001 0.12591536406249998 0.5195021359374999 0.015392656250000001 0.513726928125 0.015221539062500001 0.4773078453125 0.056587490625 0.504785090625 0.1621991703125
1 0.5995318734375 0.0823850046875 0.5851078640625 0.017336529687499998 0.5184232 0.015360687500000001 0.548287221875 0.12555494843749998 0.5995318734375 0.0823850046875
1 0.6282184640625 0.2098384953125 0.5990012109375 0.0824929015625 0.547684646875 0.12441176093749999 0.5741503078125 0.24063408437499997 0.6282184640625 0.2098384953125
1 0.6571700640625 0.3372381015625 0.62802111875 0.209116784375 0.573617403125 0.2406589234375 0.5996794328124999 0.3565429625 0.6571700640625 0.3372381015625
1 0.573353990625 0.24079599687500003 0.5458602031249999 0.12795255 0.5048153359375 0.1633353125 0.52798484375 0.26753827812500003 0.573353990625 0.24079599687500003
1 0.5996794328124999 0.3565429625 0.574217971875 0.239858490625 0.52735486875 0.2664071578125 0.5520118078125 0.3738514859375 0.5996794328124999 0.3565429625
1 0.5273556296875 0.2672857609375 0.5046182296875 0.1626144796875 0.4664318515625 0.1912164875 0.48922230000000005 0.291794984375 0.5273556296875 0.2672857609375
1 0.5505936515625 0.3735607984375 0.52748986875 0.2672027890625 0.48801429062499996 0.2896752890625 0.5095100890625 0.388535871875 0.5505936515625 0.3735607984375
1 0.58161795625 0.8540535437500001 0.6273040812499999 0.8769675687499999 0.60462705 0.778647809375 0.5620187453125001 0.762443334375 0.58161795625 0.8540535437500001
1 0.542952215625 0.8333236312500001 0.5822475125000001 0.8539255390625 0.5623586421875 0.762563525 0.5238853671875 0.7490175484375 0.542952215625 0.8333236312500001
1 0.56177035625 0.762839959375 0.537505728125 0.670863459375 0.5024232671875 0.6656058453125 0.5240041109375 0.7494518046875001 0.56177035625 0.762839959375
1 0.5614045265625001 0.7623130390624999 0.6047994531249999 0.7784698546875 0.579341353125 0.6813177890625 0.5378174921875 0.67200360625 0.5614045265625001 0.7623130390624999
1 0.501568140625 0.6646569078125 0.5382482328125 0.6716450671875001 0.5128809015625 0.580494078125 0.4779946546875 0.5798316171875 0.501568140625 0.6646569078125
1 0.538116934375 0.6719733437500001 0.579718675 0.6815723453125 0.55331925625 0.5834081359375001 0.5135342734375 0.581264115625 0.538116934375 0.6719733437500001
1 0.4790377828125 0.58000090625 0.513871275 0.581044340625 0.49476796562500003 0.4901248359375 0.4612589609375 0.49547469062499994 0.4790377828125 0.58000090625
1 0.51368566875 0.5819849625 0.553548534375 0.5844138015625 0.5311352281249999 0.48543911875 0.4945299375 0.4906965890625 0.51368566875 0.5819849625
1 0.460857953125 0.4953056828125 0.49525907187499996 0.4907181515625 0.4746872265625 0.4000972359375 0.4410957296875 0.4101583015625 0.460857953125 0.4953056828125
1 0.494419446875 0.49088886875000004 0.53157226875 0.48664565781249997 0.509944521875 0.38811348125 0.47446384999999996 0.4003931984375 0.494419446875 0.49088886875000004
1 0.4426841453125 0.41021578906249995 0.4747110421875 0.4009952765625 0.45382719375 0.3092333359375 0.42343703125000004 0.3259890453125 0.4426841453125 0.41021578906249995
1 0.474297340625 0.3986713953125 0.5097885203125 0.3875429703125 0.48810646875 0.28962313906250003 0.453679059375 0.309243040625 0.474297340625 0.3986713953125
1 0.42318067499999995 0.325031571875 0.45496039687499995 0.309240478125 0.4341791328125 0.21866214374999998 0.4047434734375 0.24070510781249999 0.42318067499999995 0.325031571875
1 0.4543314875 0.309368353125 0.48826850625 0.290128396875 0.46692870937500003 0.1918383265625 0.4345204984375 0.21829115468750002 0.4543314875 0.309368353125
1 0.43493998906250003 0.2182058625 0.4670847125 0.19240884062500002 0.4410749375 0.0956695953125 0.411213328125 0.128116903125 0.43493998906250003 0.2182058625
1 0.4105676359375 0.127454803125 0.385832534375 0.15686191249999998 0.40531887343750006 0.2410827046875 0.43567727031250003 0.21685242031250002 0.4105676359375 0.127454803125
1 0.386707321875 0.15801749375000002 0.3619465609375 0.1852547359375 0.3785662296875 0.2596905453125 0.4058336890625 0.23934486093750001 0.386707321875 0.15801749375000002
1 0.42384423125000004 0.32512771093750004 0.4052983640625 0.239665271875 0.3791009046875 0.2593702625 0.3965345859375 0.340196440625 0.42384423125000004 0.32512771093750004
1 0.44193053437499996 0.4100498078125 0.42329275 0.3248176296875 0.396575484375 0.3391757453125 0.4150583390625 0.41931999375 0.44193053437499996 0.4100498078125
1 0.4608957171875 0.49401652343749997 0.441183778125 0.4111165875 0.4136876046875 0.419245153125 0.43217335625000003 0.49879864218750003 0.4608957171875 0.49401652343749997
1 0.4491991765625 0.5788169296875 0.4795647265625 0.5800440906250001 0.4616421921875 0.4957234046875 0.43189215000000003 0.4990228484375 0.4491991765625 0.5788169296875
1 0.4701018203125 0.6582214140625 0.5016516453125 0.66491738125 0.479311259375 0.5798033265625 0.44931205937499996 0.579347028125 0.4701018203125 0.6582214140625
1 0.49082434375000006 0.7381598968749999 0.5239832703125 0.7496026578125 0.501533275 0.6640877484375001 0.470367084375 0.658794765625 0.49082434375000006 0.7381598968749999
1 0.510897321875 0.8161221703124999 0.5431559734375 0.83451543125 0.523928465625 0.74940223125 0.49113588750000003 0.7387303328125 0.510897321875 0.8161221703124999
1 0.46060867656250004 0.7278093984375 0.49073177812499996 0.7383902875 0.46979855625000005 0.6578534390625 0.44048437187499995 0.6536667421875 0.46060867656250004 0.7278093984375
1 0.47727481562499996 0.7984302859375 0.511154303125 0.8164930609375001 0.4912284546875 0.7384999421875 0.46066348125 0.7280098265625 0.47727481562499996 0.7984302859375
1 0.44027998437500004 0.6536229296875 0.4696980375 0.65821443125 0.448836425 0.578508375 0.42100578281249995 0.5780528546875 0.44027998437500004 0.6536229296875
1 0.4045591234375 0.5026752734375 0.43211932343750004 0.49876323125 0.413982878125 0.4193493609375 0.3878508015625 0.4267774328125 0.4045591234375 0.5026752734375
1 0.3876486265625 0.42660696875 0.41438723125 0.41969028750000004 0.396823225 0.339525315625 0.371415425 0.3529008171875 0.3876486265625 0.42660696875
1 0.4491422390625 0.5792275203125 0.43191162031249997 0.4985725515625 0.404643915625 0.5031999500000001 0.4215944203125 0.5780621546875 0.4491422390625 0.5792275203125
1 0.3712693421875 0.35192741875 0.39700904375 0.3390820234375 0.3788726 0.25966815312499997 0.3552437140625 0.275679196875 0.3712693421875 0.35192741875
1 0.361292946875 0.1862728859375 0.3396947984375 0.2080037703125 0.355159578125 0.275932928125 0.378982209375 0.2600690078125 0.361292946875 0.1862728859375
0 0.4696797703125 0.8273385015624999 0.8370047171874999 0.9686009500000001 0.8660839656249999 0.962688415625 0.6605121390625001 0.0195707296875 0.52875635 0.015666854687500002 0.324988234375 0.1958184875 0.4696797703125 0.8273385015624999