1 0.6601841703125 0.11112828125 0.6515470109375 0.1794623609375 0.7248182671875 0.199058715625 0.7296170281250001 0.132038565625 0.6601841703125 0.11112828125
1 0.7249647546875 0.199376115625 0.799450265625 0.21604832031250001 0.8007098921875 0.14579448125 0.7303646578125 0.1325431453125 0.7249647546875 0.199376115625
1 0.5797589125 0.1558457765625 0.6516701046875 0.1780490859375 0.65980044375 0.1106775078125 0.58981601875 0.089849871875 0.5797589125 0.1558457765625
1 0.507058396875 0.1353772 0.5797694875 0.156723909375 0.5907410140625 0.0901436625 0.5207737531250001 0.0710167125 0.507058396875 0.1353772
1 0.45073253593749996 0.0517777453125 0.43445248281250004 0.114281215625 0.5066732546875 0.13493350937499998 0.5211794734375 0.070965728125 0.45073253593749996 0.0517777453125
1 0.38072069218750004 0.0347392015625 0.3609714390625 0.0967579046875 0.43431219375 0.1139112640625 0.4503588515625 0.0523156078125 0.38072069218750004 0.0347392015625
1 0.31138287343750004 0.019597590625 0.289059775 0.0808509984375 0.3617118375 0.097251896875 0.38046573906250003 0.0336411671875 0.31138287343750004 0.019597590625
1 0.2872905609375 0.0811464796875 0.3120599671875 0.0202246859375 0.2942491875 0.015257365625 0.24117332500000002 0.012505282812499999 0.2168676578125 0.0651345453125 0.2872905609375 0.0811464796875
1 0.21763146562500002 0.0641312296875 0.1888092546875 0.125368190625 0.2644390515625 0.147855640625 0.28788601406250003 0.0810637515625 0.21763146562500002 0.0641312296875
1 0.2888373328125 0.08147040625 0.2640000921875 0.146904528125 0.33971667031249997 0.16476336875 0.361681284375 0.09638376562499999 0.2888373328125 0.08147040625
1 0.36130583125000004 0.0968226328125 0.3400320640625 0.163316303125 0.41648904218749994 0.181669134375 0.4344156703125 0.11469885625000001 0.36130583125000004 0.0968226328125
1 0.43470817500000003 0.1140168125 0.41655063124999997 0.18170995625 0.4923786234375 0.20425633593749998 0.5072447437500001 0.13484834375000002 0.43470817500000003 0.1140168125
1 0.50737381875 0.13523840781250002 0.49253898749999997 0.203098915625 0.5686162078125 0.22544555625 0.5806042703125 0.15696180312500002 0.50737381875 0.13523840781250002
1 0.5801135093750001 0.15634509531250002 0.5679983328125 0.2252880984375 0.6445145125 0.24858585312499998 0.6525523203125 0.1780534984375 0.5801135093750001 0.15634509531250002
1 0.6516215437499999 0.178726759375 0.64450825 0.2488831578125 0.7197072265625 0.2693256 0.7248231171875 0.1998432390625 0.6516215437499999 0.178726759375
1 0.7928665984375 0.29053081718749996 0.7954013343749999 0.2160026390625 0.72532505 0.1984882140625 0.72034420625 0.2703365296875 0.7928665984375 0.29053081718749996
1 0.7200936828125 0.27037739375 0.7145197125 0.34646649687500003 0.7965802734375 0.36511719062500003 0.792512478125 0.291089503125 0.7200936828125 0.27037739375
1 0.643809621875 0.2490646265625 0.6355068515625 0.32516295624999997 0.7144593578125 0.347817771875 0.719456528125 0.2693673484375 0.643809621875 0.2490646265625
1 0.5686365734375001 0.22534376250000002 0.5557196703125 0.301439365625 0.6356187375 0.3235540953125 0.6445753812499999 0.24792215624999997 0.5686365734375001 0.22534376250000002
1 0.55522815625 0.3015417453125 0.5688941015625 0.224847325 0.4921832828125 0.20321260156249998 0.4762246171875 0.27914559843750003 0.55522815625 0.3015417453125
1 0.39667255625000003 0.253995153125 0.4758141171875 0.27780062031249997 0.49234432031250003 0.2035615265625 0.41675032968750003 0.1819447046875 0.39667255625000003 0.253995153125
1 0.3965239921875 0.254220134375 0.4159652859375 0.18115984375 0.339913715625 0.16365624375 0.316400121875 0.2353246921875 0.3965239921875 0.254220134375
1 0.264368709375 0.14730860625 0.2367584515625 0.21821381562500003 0.315849453125 0.23598155312500002 0.33925057187499996 0.1646632296875 0.264368709375 0.14730860625
1 0.1878755359375 0.12576860781250002 0.156650096875 0.1958727375 0.2368421375 0.2186222671875 0.26410788749999997 0.14733984375 0.1878755359375 0.12576860781250002
1 0.1572772875 0.1951532875 0.122323628125 0.272361396875 0.2063292265625 0.29597005468750004 0.23645965468750002 0.219283184375 0.1572772875 0.1951532875
1 0.2372719875 0.21784320468749999 0.20558865 0.295476946875 0.2900248609375 0.3148340078125 0.3173009046875 0.23616366093750002 0.2372719875 0.21784320468749999
1 0.39630026093750004 0.2531745234375 0.373774646875 0.3349585515625 0.4589022171875 0.35817118593749997 0.4765443171875 0.27902495781250003 0.39630026093750004 0.2531745234375
1 0.31638378437500003 0.2360569640625 0.29090036406249997 0.315213428125 0.374346375 0.334778740625 0.3961958796875 0.2532110109375 0.31638378437500003 0.2360569640625
1 0.6346372359375 0.3241034875 0.625485315625 0.4060170453125 0.7095898187499999 0.430324715625 0.71417574375 0.34698881406250004 0.6346372359375 0.3241034875
1 0.556097178125 0.301450328125 0.541819753125 0.382189696875 0.626123096875 0.405507065625 0.635263978125 0.32498945625000003 0.556097178125 0.301450328125
1 0.47565431562500005 0.2789300734375 0.458539471875 0.3577772921875 0.5423371453125 0.38094430625000003 0.5554517890625 0.3017179640625 0.47565431562500005 0.2789300734375
1 0.5420729296875 0.382264975 0.5279588484375 0.47424395468749997 0.6161768328125 0.49942490156249997 0.6252981937500001 0.4056116 0.5420729296875 0.382264975
1 0.45771524843750006 0.35788202812500003 0.4385974078125 0.44942263125000004 0.527519228125 0.4737634328125 0.5425235875000001 0.38134955000000004 0.45771524843750006 0.35788202812500003
1 0.6254192609375 0.40634721406249996 0.615989709375 0.499019453125 0.7046471375000001 0.5246818109375 0.7099633843750001 0.43113540468749995 0.6254192609375 0.40634721406249996
1 0.71438724375 0.3485484640625 0.709545609375 0.43034439375 0.7956525984375 0.45000223281249996 0.7972348625000001 0.365148640625 0.71438724375 0.3485484640625
1 0.7101178390625 0.4301656703125 0.7042183234375 0.525286746875 0.7954385984375001 0.5475134328125 0.7951516203125 0.45220439375000004 0.7101178390625 0.4301656703125
1 0.704978959375 0.5261037390625 0.6992646953125 0.6296734140625 0.795214153125 0.65505529375 0.79530663125 0.5472312968749999 0.704978959375 0.5261037390625
1 0.6934385203125 0.747199315625 0.796470271875 0.7760234140625 0.795400596875 0.655460540625 0.6998371 0.629493803125 0.6934385203125 0.747199315625
1 0.60441655 0.60280899375 0.59277275 0.71860510625 0.6939565609375 0.74729145 0.6990441390625 0.630441559375 0.60441655 0.60280899375
1 0.69887859375 0.6298455859375001 0.7044166 0.5244754031250001 0.6165180234375 0.49903868124999995 0.6047886499999999 0.6018692703124999 0.69887859375 0.6298455859375001
1 0.5282229421875 0.47558385156250005 0.511138325 0.574373478125 0.6059210640625 0.6029055953125 0.6170767265625 0.499236690625 0.5282229421875 0.47558385156250005
1 0.511325446875 0.574778925 0.4931491484375 0.691081346875 0.5932659203124999 0.718400996875 0.6040848140625 0.6027094187500001 0.511325446875 0.574778925
1 0.3919001375 0.6627244859375 0.492148840625 0.6893846890625001 0.5104344890625 0.5752136265625001 0.41646561093749995 0.547972925 0.3919001375 0.6627244859375
1 0.438740434375 0.45002691562499997 0.4162013953125 0.549293596875 0.5097416921875 0.5746578265625 0.52639773125 0.47399172656250005 0.438740434375 0.45002691562499997
1 0.32250845781250004 0.524304125 0.4168191453125 0.548499125 0.438652775 0.44926090781249994 0.3496116359375 0.42499529531249997 0.32250845781250004 0.524304125
1 0.2918341984375 0.6347625359375 0.39219310625000003 0.6635534140625 0.41643935 0.54905674375 0.3228875109375 0.525087375 0.2918341984375 0.6347625359375
1 0.19126694375 0.608357425 0.29176814375000004 0.635092703125 0.32230528125 0.5237991859375 0.22775191718749999 0.500996909375 0.19126694375 0.608357425
1 0.2606066671875 0.40374803437500006 0.22992998281250002 0.498147384375 0.3223818375 0.5249370203125 0.349376984375 0.42533066406250003 0.2606066671875 0.40374803437500006
1 0.43865654843749996 0.4494073921875 0.45777438750000005 0.35786678906249997 0.37365834375 0.33495398125000003 0.34991030625 0.426866903125 0.43865654843749996 0.4494073921875
1 0.29085079375 0.31487889375 0.260670109375 0.4027803078125 0.3487778921875 0.4258305796875 0.374001771875 0.33467158750000003 0.29085079375 0.31487889375
1 0.2070855515625 0.2955684703125 0.172604946875 0.382191365625 0.261175784375 0.4029306640625 0.2902783859375 0.315058503125 0.2070855515625 0.2955684703125
1 0.22799586875000002 0.5018515890625 0.26099358906250003 0.402547315625 0.1724779421875 0.3828729140625 0.1346854875 0.47935324687499997 0.22799586875000002 0.5018515890625
1 0.12304048906250001 0.27234759375 0.0837323796875 0.3603326234375 0.1724236078125 0.38180733437500003 0.205506903125 0.29546858593750003 0.12304048906250001 0.27234759375
1 0.0843041078125 0.36015281093749996 0.0411226078125 0.4567798265625 0.1341798125 0.479202890625 0.17318939687499998 0.381865284375 0.0843041078125 0.36015281093749996
1 0.1912739625 0.6098572140625 0.2277046015625 0.50143111875 0.137254215625 0.47803411718750005 0.0906399734375 0.583782071875 0.1912739625 0.6098572140625
1 0.13538463750000002 0.47944952812499997 0.042535660937500004 0.4572149828125 0.025499587499999997 0.491777746875 0.029496951562500002 0.568869784375 0.09139882499999999 0.5840077046875 0.13538463750000002 0.47944952812499997
1 0.0910329265625 0.5847007484375 0.029476125 0.5684681375 0.0362915328125 0.6999081296874999 0.039599973437500005 0.7007424640625 0.0910329265625 0.5847007484375
1 0.0909335609375 0.5834576609375 0.038456017187500004 0.701101 0.1463151234375 0.727226521875 0.190874753125 0.6089770031249999 0.0909335609375 0.5834576609375
1 0.19050050937500002 0.6081661109375001 0.145358109375 0.7279913921875 0.255306825 0.754387484375 0.2919153921875 0.63443218125 0.19050050937500002 0.6081661109375001
1 0.2918807390625 0.633480303125 0.2544032578125 0.7538355984375 0.3641751984375 0.786474734375 0.391975640625 0.6634146671875001 0.2918807390625 0.633480303125
1 0.491904834375 0.69085954375 0.47186782968749996 0.81779975 0.5812229109375 0.8471666656249999 0.5927026828125 0.7201307421875 0.491904834375 0.69085954375
1 0.3913479421875 0.6630582828125 0.36316310625 0.786526421875 0.4716153328125 0.8177246734375 0.49260392499999994 0.69102801875 0.3913479421875 0.6630582828125
1 0.5929661125 0.719619178125 0.5807818265625 0.8474950484375 0.689926346875 0.8792480125000001 0.6936435734375 0.7481549671875001 0.5929661125 0.719619178125
1 0.7986862609375 0.9115862359375001 0.79558555625 0.7770667453125 0.6936440328125 0.7473438875 0.6898602921875 0.87957818125 0.7986862609375 0.9115862359375001
0 0.022742621875 0.43860771718749997 0.0387638078125 0.7475877328125 0.83567583125 0.9548381625 0.8254441375000001 0.11308225624999999 0.45257738437499995 0.023466975 0.20741008125 0.010754596875 0.03418380625 0.38141969375 0.022742621875 0.43860771718749997