1 0.6721344453125 0.22510498281250002 0.73608233125 0.21114322031250002 0.712561040625 0.1508414484375 0.6515027234375 0.16050964843749999 0.6721344453125 0.22510498281250002
1 0.60844940625 0.224880059375 0.671472703125 0.22396055937499998 0.6518059109375 0.160477978125 0.5895444640624999 0.15808058125 0.60844940625 0.224880059375
1 0.5409152046875 0.2270791734375 0.6074844796875001 0.2237673046875 0.5895582921875 0.1587966421875 0.5250059125 0.1591583578125 0.5409152046875 0.2270791734375
1 0.469794171875 0.2319485984375 0.5413032828125 0.2266497265625 0.524978175 0.1593377046875 0.456573871875 0.161056940625 0.469794171875 0.2319485984375
1 0.4699270875 0.231414365625 0.48369067968749996 0.30702333125000003 0.5576203359374999 0.301037703125 0.5409450421875001 0.226605221875 0.4699270875 0.231414365625
1 0.6077322859375001 0.22502878750000002 0.6271733921875 0.29613850468749997 0.693941084375 0.29437235781250004 0.6716156046874999 0.2248873 0.6077322859375001 0.22502878750000002
1 0.5407919203125 0.2265951109375 0.5572810515625 0.3010515359375 0.6278342296874999 0.2962864390625 0.6073563359375 0.2237248734375 0.5407919203125 0.2265951109375
1 0.6709768890625 0.225236696875 0.692576775 0.2935164796875 0.761033590625 0.282242740625 0.7358237828124999 0.21316969375 0.6709768890625 0.225236696875
1 0.39601526875 0.23494763437500002 0.47023639062499994 0.23175296250000002 0.45696910312499994 0.160206328125 0.3865705578125 0.1608411015625 0.39601526875 0.23494763437500002
1 0.3958624328125 0.2351805609375 0.40695924687499996 0.3132385984375 0.4837969765625 0.3065152859375 0.46955575625 0.231173171875 0.3958624328125 0.2351805609375
1 0.3188861140625 0.23888088281250003 0.396178003125 0.2349306359375 0.38665716250000004 0.16039182968750001 0.3112846109375 0.162194340625 0.3188861140625 0.23888088281250003
1 0.31924128125 0.2394946703125 0.3265434234375 0.320336553125 0.4070922828125 0.31257381562500003 0.3963736390625 0.23502453281250002 0.31924128125 0.2394946703125
1 0.23410601562500002 0.16244440468750002 0.23786334999999997 0.2408351546875 0.3191578765625 0.23863733437499998 0.311702303125 0.1613008703125 0.23410601562500002 0.16244440468750002
1 0.3272928140625 0.3198261546875 0.31933050937499996 0.2388362640625 0.2383714640625 0.2407892828125 0.2423062390625 0.32349442968750003 0.3272928140625 0.3198261546875
1 0.1529010703125 0.2316398328125 0.238116734375 0.24010198749999997 0.23461036875 0.16267170312499998 0.153481128125 0.14802196875 0.1529010703125 0.2316398328125
1 0.15279777187500002 0.23295329531250003 0.152047084375 0.3235344578125 0.2424272625 0.3234259734375 0.23829926875 0.24051684375 0.15279777187500002 0.23295329531250003
1 0.1528831953125 0.3235245453125 0.1521487171875 0.418011128125 0.24683519999999998 0.412026990625 0.24260325312500003 0.3232689515625 0.1528831953125 0.3235245453125
1 0.24251551875000002 0.3227019515625 0.24633916875 0.4132392328125 0.335327053125 0.404161084375 0.326883609375 0.3198391890625 0.24251551875000002 0.3227019515625
1 0.24631732031250003 0.4125258109375 0.2514094953125 0.51291443125 0.3451988703125 0.5015990546875 0.3361184203125 0.403589584375 0.24631732031250003 0.4125258109375
1 0.15189619375000002 0.41717956093749997 0.1516350359375 0.5148720296875 0.25171516718750003 0.512448578125 0.24608637656250001 0.4129937609375 0.15189619375000002 0.41717956093749997
1 0.3356745109375 0.40395554375 0.345306409375 0.49996375937500004 0.4338506671875 0.488327509375 0.41978349374999996 0.3965213359375 0.3356745109375 0.40395554375
1 0.326282275 0.3202936109375 0.3356844109375 0.40417147187499997 0.4198622921875 0.397115378125 0.4073688765625 0.313560415625 0.326282275 0.3202936109375
1 0.40741080937499996 0.31346870937500004 0.42051485 0.3960911421875 0.49931461875 0.3893798515625 0.4842484984375 0.3067445015625 0.40741080937499996 0.31346870937500004
1 0.483597559375 0.3068124953125 0.499334415625 0.38981170781249996 0.5767035796875 0.38042844531250003 0.55745168125 0.30028920000000003 0.483597559375 0.3068124953125
1 0.49930471875000004 0.38916392499999997 0.5170580703125001 0.4769444265625 0.59841496875 0.4654071359375 0.5760424203125 0.38019952031250004 0.49930471875000004 0.38916392499999997
1 0.41972101562499997 0.3966088859375 0.4341041578125 0.489298515625 0.517373640625 0.4766945015625 0.5002269218750001 0.38978870312499997 0.41972101562499997 0.3966088859375
1 0.6272003500000001 0.2967856734375 0.6505470625 0.3746498734375 0.7186301625 0.36949100156250003 0.6932683234375 0.29400870625 0.6272003500000001 0.2967856734375
1 0.557308046875 0.30169960156250003 0.5764546687500001 0.3806525015625 0.65083221875 0.37375134062500004 0.6270277156249999 0.29658674375 0.557308046875 0.30169960156250003
1 0.693484590625 0.29413825937500004 0.717688165625 0.36930761562500003 0.78780565625 0.3550390109375 0.7611386 0.28283134374999996 0.693484590625 0.29413825937500004
1 0.7178080234374999 0.369258184375 0.7452960046875 0.451898696875 0.8172127578125 0.43765821406249994 0.7869528875 0.35554400468749997 0.7178080234374999 0.369258184375
1 0.6499371578125 0.3754796984375 0.6744378296875 0.457129575 0.7454191 0.45101709218749997 0.7183467593749999 0.36939186562500004 0.6499371578125 0.3754796984375
1 0.57669753125 0.3812141 0.5978712203125001 0.46516414843750004 0.674132290625 0.4565475140625 0.649783778125 0.3746647828125 0.57669753125 0.3812141
1 0.7449013703125 0.451800378125 0.7750135125 0.5417622468750001 0.8500803109374999 0.5284954015625 0.8167937437499999 0.4376200578125 0.7449013703125 0.451800378125
1 0.77602180625 0.5420449390625001 0.7452197609375 0.451286384375 0.673902446875 0.45721700624999995 0.7012649453125 0.551372296875 0.77602180625 0.5420449390625001
1 0.6217040125 0.5635466265625 0.7013946875 0.5513164328125 0.6746533875 0.4564444703125 0.5986644265625001 0.46565385625 0.6217040125 0.5635466265625
1 0.5168603453125 0.4773377859375 0.5367559640625 0.57618013125 0.6223122812499999 0.5635542109375 0.5985427546875 0.4657673953125 0.5168603453125 0.4773377859375
1 0.5375545234375 0.5758986625 0.517353234375 0.47752216875000003 0.43390692187499996 0.488829378125 0.44945452656249996 0.59009205 0.5375545234375 0.5758986625
1 0.450090903125 0.590194825 0.4336559359375 0.48838656093750005 0.34488935625 0.5007527359374999 0.3551551671875 0.60857541875 0.450090903125 0.590194825
1 0.35541905156250003 0.60798249375 0.34510949218750003 0.50075945 0.25103905000000004 0.5131808906249999 0.2569385078125 0.623911953125 0.35541905156250003 0.60798249375
1 0.151207278125 0.6291169062499999 0.257370303125 0.62388845625 0.251049934375 0.5134183218749999 0.15171209375 0.5153393171875 0.151207278125 0.6291169062499999
1 0.15177811875 0.6290185671875 0.14969515312499998 0.7618429734375 0.2624661546875 0.7474591890625 0.2563244984375 0.6245486515625001 0.15177811875 0.6290185671875
1 0.2566879375 0.6236113328124999 0.262056396875 0.7478449875 0.36764932968749997 0.726614615625 0.3557396109375 0.6079598140625 0.2566879375 0.6236113328124999
1 0.3560012359375 0.6071843734375 0.367515578125 0.7264350312500001 0.4663258953125 0.7069988406250001 0.4496973640625 0.5900315734375 0.3560012359375 0.6071843734375
1 0.4493696984375 0.5902692578125001 0.46665136562500004 0.70696484375 0.5600835281250001 0.68787255625 0.5367941875 0.57544513125 0.4493696984375 0.5902692578125001
1 0.6211901359375 0.563511178125 0.6481604859375001 0.670512675 0.73306026875 0.6542660812500001 0.7011502703125 0.55135726875 0.6211901359375 0.563511178125
1 0.5371169203124999 0.57641700625 0.558784759375 0.688964290625 0.6476524828125 0.6701318140625 0.6213593765625001 0.5644648765625 0.5371169203124999 0.57641700625
1 0.774901975 0.5415344296875 0.8105024515625001 0.6406890015625 0.8881759562499999 0.6236775890625 0.8495215 0.5277462421875 0.774901975 0.5415344296875
1 0.70134301875 0.5520393343750001 0.7316941109374999 0.654346665625 0.81098998125 0.6406380781250001 0.7755826109374999 0.5421142203125 0.70134301875 0.5520393343750001
1 0.8106375031249999 0.6411781375000001 0.8491097875 0.7530558453125 0.9333572625000001 0.72971405 0.8884836421875001 0.6243656546875 0.8106375031249999 0.6411781375000001
1 0.7321256093749999 0.6541539515625 0.7667480265625 0.7712078484375 0.8492619453125 0.752822990625 0.8108237171875 0.6408444984375 0.7321256093749999 0.6541539515625
1 0.8489365937500001 0.7533035015625 0.893353546875 0.879651259375 0.9489476484375 0.86150844375 0.953772525 0.780088628125 0.932508340625 0.7292373624999999 0.8489365937500001 0.7533035015625
1 0.76725678125 0.771797490625 0.8072076828125001 0.9037774140625 0.8936297234374999 0.8796224125000001 0.8492430109375 0.7537567328125 0.76725678125 0.771797490625
1 0.6787473187499999 0.7928503874999999 0.7680859828125 0.7717108765625 0.7330639953125 0.65391819375 0.64759756875 0.6710207015625 0.6787473187499999 0.7928503874999999
1 0.6784392484375 0.7921983703125 0.7136310375 0.929471065625 0.807501375 0.9041158421875 0.7668983234375 0.7716890921874999 0.6784392484375 0.7921983703125
1 0.679508484375 0.7914276984375 0.6481155656250001 0.6703616218749999 0.5594394203124999 0.6882819328124999 0.5858115734375 0.8144979640625 0.679508484375 0.7914276984375
1 0.7155638734374999 0.929349296875 0.678695446875 0.791881728125 0.5860709078124999 0.81410176875 0.61605231875 0.9589299015625 0.7155638734374999 0.929349296875
1 0.48627385156249997 0.8374401109375 0.585191221875 0.8130872421875001 0.5594713765625 0.6884757515625 0.466385490625 0.706685628125 0.48627385156249997 0.8374401109375
1 0.5100452890625 0.98623794375 0.61481161875 0.9561084578125 0.58503115 0.81299953125 0.48629069375 0.8378074578125 0.5100452890625 0.98623794375
1 0.3820210609375 0.8624178046875001 0.4867798703125 0.8381920859375 0.46579865312499996 0.706583078125 0.3668756046875 0.7260022375 0.3820210609375 0.8624178046875001
1 0.46329614374999994 1 0.5105183 0.9862551546875 0.48651347031250003 0.8383009359375 0.3809654890625 0.8636344796875 0.395749925 1 0.46329614374999994 1
1 0.26908401249999997 0.8900806078124999 0.3812086984375 0.8628717640625 0.3670403109375 0.7266350187499999 0.2619652671875 0.746922740625 0.26908401249999997 0.8900806078124999
1 0.395756540625 1 0.3806893140625 0.8636633265625001 0.26910146875 0.8904613937500001 0.2741232640625 1 0.395756540625 1
1 0.14697671875 0.9133501531249999 0.26820305 0.890725384375 0.261101146875 0.7479348625 0.149217109375 0.7622043953125 0.14697671875 0.9133501531249999
1 0.2735845359375 1 0.2687488265625 0.890257859375 0.14723372968749998 0.912888484375 0.145736296875 1 0.2735845359375 1
0 0.4582304234375 1 0.947505321875 0.8858476843749999 0.95764773125 0.714694525 0.7204399828125 0.1238417140625 0.1397641671875 0.1257906234375 0.12419232499999999 1 0.4582304234375 1