1 0.1227438796875 0.8211612546874999 0.134491921875 0.7556660265625 0.05964101875 0.7361712609375 0.051126574999999994 0.799627590625 0.1227438796875 0.8211612546874999
1 0.134491921875 0.7556660265625 0.1352854515625 0.6907808796875 0.05796828750000001 0.672500228125 0.059677281250000005 0.73659546875 0.134491921875 0.7556660265625
1 0.13479308437499998 0.69093275625 0.1377010375 0.6221689453125 0.058720625000000005 0.606020646875 0.0579261671875 0.6728555421875 0.13479308437499998 0.69093275625
1 0.1377207453125 0.6219485171875 0.1421161734375 0.5497184671875 0.0596725015625 0.53606464375 0.058392146874999995 0.606056959375 0.1377207453125 0.6219485171875
1 0.1418906546875 0.5496067015625 0.145348375 0.47468439375000004 0.0603016921875 0.463783853125 0.0591177375 0.53635478125 0.1418906546875 0.5496067015625
1 0.14593522187500002 0.47471085312500005 0.14968879531249998 0.3964892484375 0.0606502171875 0.3873960453125 0.059457782812500005 0.46371862343750003 0.14593522187500002 0.47471085312500005
1 0.1533046046875 0.3145210484375 0.061742532812499994 0.3073013890625 0.0604878125 0.38698362343750004 0.1498437984375 0.3960678421875 0.1533046046875 0.3145210484375
1 0.2343709953125 0.486522628125 0.1455684 0.4747900875 0.14148711875 0.5497878203125001 0.22830939843750003 0.564198184375 0.2343709953125 0.486522628125
1 0.240687365625 0.40598791562500003 0.1493219734375 0.39656848437500003 0.1456137265625 0.4746497625 0.23403784062500002 0.486948946875 0.240687365625 0.40598791562500003
1 0.246106246875 0.3223207671875 0.15276399062499998 0.3152415140625 0.15002155781249998 0.3963664140625 0.2415680609375 0.40602762343750004 0.246106246875 0.3223207671875
1 0.2284408625 0.563663759375 0.14163564374999998 0.549371296875 0.13731877812499999 0.6217647281249999 0.222341909375 0.63846698125 0.2284408625 0.563663759375
1 0.1348863671875 0.6906903125 0.2180840953125 0.7091578984375 0.22240086250000002 0.6378076296875 0.1381397046875 0.6214212328125 0.1348863671875 0.6906903125
1 0.216969415625 0.708444984375 0.13521198750000002 0.690406115625 0.13346191406250002 0.7554726875 0.21474656250000002 0.7761363343750001 0.216969415625 0.708444984375
1 0.21435240156250002 0.77592313125 0.134865690625 0.7555573375 0.1231028203125 0.8206105562499999 0.20062755000000002 0.8437578921875 0.21435240156250002 0.77592313125
1 0.20240500468749997 0.8444392125 0.2845309453125 0.8682366390625 0.2993913265625 0.7975817828125 0.214235453125 0.7758803249999999 0.20240500468749997 0.8444392125
1 0.29880448125000003 0.7975553234375 0.3043331546875 0.7291303421875 0.216630675 0.7083934703125 0.2138916359375 0.77610749375 0.29880448125000003 0.7975553234375
1 0.31029449531250003 0.6558662546875 0.22261052343749999 0.6382221828125 0.217949403125 0.708985515625 0.30370700781250004 0.7295434515625 0.31029449531250003 0.6558662546875
1 0.2218149703125 0.6380310015624999 0.31086817187500004 0.65684080625 0.32041061875 0.5797641859375 0.227640709375 0.5643634640624999 0.2218149703125 0.6380310015624999
1 0.3277835734375 0.500601775 0.2338173953125 0.48731110624999996 0.22830765 0.5641502171874999 0.3201176265625 0.579750975 0.3277835734375 0.500601775
1 0.3360319375 0.41744724531250005 0.2413028 0.4061094984375 0.234242590625 0.48690705625 0.32769939843749996 0.5007617015625 0.3360319375 0.41744724531250005
1 0.344445140625 0.32994046093749996 0.24613477968750003 0.322416534375 0.241830634375 0.4067959515625 0.3354648015625 0.4172003578125 0.344445140625 0.32994046093749996
1 0.15187157499999998 0.31472499374999996 0.14274656875 0.229523296875 0.047543896875000005 0.2255369015625 0.0614869875 0.30785351250000004 0.15187157499999998 0.31472499374999996
1 0.24741256093750003 0.2327120140625 0.1432074921875 0.2289318984375 0.15155416875 0.31494623437499997 0.24633988593749997 0.3223513640625 0.24741256093750003 0.2327120140625
1 0.3490675640625 0.2376015140625 0.2465443671875 0.23328505000000002 0.24606360624999998 0.32257575625 0.34406205 0.33012444375 0.3490675640625 0.2376015140625
1 0.456345846875 0.2416865046875 0.34890041250000003 0.23717463906249997 0.3449386546875 0.32999765625 0.45126065937500004 0.3382652609375 0.456345846875 0.2416865046875
1 0.4521447921875 0.3383051265625 0.344230828125 0.329114771875 0.3361107296875 0.4178203046875 0.44001974062500004 0.4292438609375 0.4521447921875 0.3383051265625
1 0.44010860156250003 0.4282500015625 0.33720504687499997 0.41762244375 0.3268317578125 0.499765484375 0.42789655781249997 0.5151926984374999 0.44010860156250003 0.4282500015625
1 0.5512628390625001 0.440913321875 0.43878283125 0.428190225 0.42740208125 0.51564798125 0.5347763609375 0.5309901671875 0.5512628390625001 0.440913321875
1 0.5681640640625 0.34619781562499996 0.452616909375 0.3379937890625 0.43956818281250004 0.42870774375 0.5516460953125 0.44159584687500003 0.5681640640625 0.34619781562499996
1 0.4274017484375 0.5154104703125 0.327211759375 0.4992493859375 0.32008130156250003 0.580726496875 0.416076621875 0.597402525 0.4274017484375 0.5154104703125
1 0.41696075468749993 0.5974423875 0.32133953593750003 0.5798241875000001 0.3113564734375 0.6564739 0.40543003437499997 0.6767648390625001 0.41696075468749993 0.5974423875
1 0.405047696875 0.676081709375 0.3109595921875 0.656204275 0.3034765171875 0.7282329843750001 0.39472699375000003 0.751799221875 0.405047696875 0.676081709375
1 0.3947862921875 0.7511360046875 0.3052966375 0.729469521875 0.2991947046875 0.797957309375 0.387532734375 0.8223344453125 0.3947862921875 0.7511360046875
1 0.49643936093749996 0.775064496875 0.39647699687500004 0.7520735578125 0.387897409375 0.822308178125 0.486804690625 0.8488210890625 0.49643936093749996 0.775064496875
1 0.509013925 0.6986558765625001 0.40487885468749996 0.676995603125 0.3949889828125 0.7513004515625 0.4963491734375 0.77607318125 0.509013925 0.6986558765625001
1 0.5215843828125 0.6165426578125001 0.41522810625 0.597060765625 0.4049927765625 0.676802071875 0.5080875625 0.6994935515625 0.5215843828125 0.6165426578125001
1 0.5353292296875 0.5308177203125 0.4279619140625 0.51508886875 0.4158126484375 0.5973252625 0.5211799140625 0.6172841484375 0.5353292296875 0.5308177203125
1 0.3786433953125 0.894644021875 0.388689259375 0.8223477625 0.298882375 0.79735951875 0.2871970703125 0.8679711640625 0.3786433953125 0.894644021875
1 0.4857269234375 0.8491329437499999 0.38964340937499997 0.8222510046875 0.379417815625 0.894502271875 0.4717578765625 0.9212523140625001 0.4857269234375 0.8491329437499999
1 0.4738701390625 0.9213054875 0.5747541765624999 0.9545780953125 0.589748015625 0.8790149843749999 0.4861272 0.8483032578125 0.4738701390625 0.9213054875
1 0.5904850796875001 0.8787796609375 0.6033138375 0.8033874875 0.49655355468750006 0.7757555968750001 0.4870902734375 0.8485505249999999 0.5904850796875001 0.8787796609375
1 0.619927225 0.721723171875 0.508932115625 0.6973902921875 0.49581649062500005 0.775990921875 0.604027846875 0.8034196796874999 0.619927225 0.721723171875
1 0.6373975171875 0.6370262375 0.52173931875 0.6167780796875 0.50909780625 0.6980843640625001 0.61940368125 0.7221176109375 0.6373975171875 0.6370262375
1 0.636921659375 0.6374758875000001 0.6545601015625 0.5483414296875 0.535405003125 0.53115699375 0.5212323796875 0.6164368375 0.636921659375 0.6374758875000001
1 0.6729385078125001 0.45494471406250003 0.5513323171875 0.44113971249999995 0.5340382124999999 0.5304657171875 0.6534665203125 0.54856003125 0.6729385078125001 0.45494471406250003
1 0.6930787796875 0.3561417546875 0.568755684375 0.34661470781250003 0.5523540578125 0.4413676234375 0.67149604375 0.45543749843750003 0.6930787796875 0.3561417546875
1 0.7094773953125 0.25213092656249997 0.5760959640625 0.24779697656250002 0.56825455 0.3462374890625 0.6926817859375001 0.356404059375 0.7094773953125 0.25213092656249997
1 0.8316936968749999 0.367677978125 0.69285388125 0.356370403125 0.6722070859375 0.4540555890625 0.8075362859374999 0.46986353281250004 0.8316936968749999 0.367677978125
1 0.8571281781250001 0.2570079453125 0.7104434125 0.252335615625 0.69374549375 0.35678011249999997 0.8311435906250001 0.3680414484375 0.8571281781250001 0.2570079453125
1 0.8312473203125 0.3668813015625 0.985494190625 0.3796600953125 0.9856892328125 0.3789833234375 0.9900203218750001 0.2620439125 0.8571281781250001 0.2570079453125 0.8312473203125 0.3668813015625
1 0.8080526750000001 0.46988681562499995 0.9555903062500001 0.4881865890625 0.9855444609375 0.38289213125 0.9856794703125 0.3792469015625 0.832313815625 0.36654111093749997 0.8080526750000001 0.46988681562499995
1 0.806455090625 0.47037778125 0.6740799234375 0.4557927890625 0.6541926765625 0.5482633859375 0.784105334375 0.5679764765625 0.806455090625 0.47037778125
1 0.78368088125 0.567957340625 0.654276121875 0.5487194875 0.6369564171875 0.6363249265625 0.7625778890625 0.66114449375 0.78368088125 0.567957340625
1 0.7626631203125 0.6601912390625 0.63699066875 0.6372926265625 0.6204138859375 0.722706096875 0.7411090796875001 0.7488903015624999 0.7626631203125 0.6601912390625
1 0.9574227515624999 0.48854229687500006 0.8070983125 0.46995703125 0.7834843640625 0.5681387359375 0.9265898546875 0.5905452921875 0.9574227515624999 0.48854229687500006
1 0.926985896875 0.59088218125 0.7842681406249999 0.5681721328125 0.7627965984375 0.66070525 0.9008195000000001 0.6883087921875 0.926985896875 0.59088218125
1 0.9009839359375 0.6871740296875 0.7628181234375 0.661159209375 0.7409257203124999 0.74888591875 0.8745378687500001 0.77820543125 0.9009839359375 0.6871740296875
1 0.705203178125 0.9103431296875 0.683825434375 0.9916864999999999 0.692284184375 0.9945976203125 0.81589484375 0.9936819859374999 0.8297664828125001 0.9456372500000001 0.705203178125 0.9103431296875
1 0.8271371109375 0.9464757968749999 0.850158146875 0.8651819265625 0.723190078125 0.8329710046875001 0.704779584375 0.91032403125 0.8271371109375 0.9464757968749999
1 0.8514013765625 0.8655570140625001 0.874905503125 0.778860075 0.7408973109375 0.7492036703125 0.7224218453125 0.8322523546875 0.8514013765625 0.8655570140625001
1 0.574175221875 0.954791428125 0.683304084375 0.9913038390625 0.7045428765625 0.9108873578125 0.5903896859375 0.8796729203125 0.574175221875 0.954791428125
1 0.7234630578125001 0.8326002125 0.604748175 0.803313671875 0.5899856578125 0.8789525734374999 0.7036380125 0.9114846265625 0.7234630578125001 0.8326002125
1 0.74159388125 0.748851978125 0.6200799109374999 0.7223118234375 0.604727796875 0.8030687890625 0.723038603125 0.8325810765625 0.74159388125 0.748851978125
1 0.5769611125 0.2485219359375 0.45636405937499996 0.24308446875 0.451666484375 0.33648584375 0.5689285203125001 0.3473349859375 0.5769611125 0.2485219359375
0 0.0088302921875 0.812131378125 0.65214426875 0.994894953125 0.8192993124999999 0.9936567671875001 0.9869812281250001 0.3440994359375 0.9911243203125 0.2322359484375 0.0119173109375 0.19764821562499998 0.0088302921875 0.812131378125