1 0.67361221875 0.23266664062500003 0.6813998015625 0.273234028125 0.7612705953125001 0.2586476796875 0.74950795625 0.21972753125 0.67361221875 0.23266664062500003
1 0.598305428125 0.2384888765625 0.6021127468749999 0.2791132515625 0.6823110921875 0.271072378125 0.6736114765625 0.23243964374999998 0.598305428125 0.2384888765625
1 0.5223911078125 0.2457517890625 0.5237436765625 0.28487506875 0.6033390703125 0.2794103859375 0.5989189015624999 0.238864178125 0.5223911078125 0.2457517890625
1 0.4454671796875 0.2537747671875 0.444069996875 0.2945318953125 0.5234074625 0.284614025 0.5213695796875 0.2462850203125 0.4454671796875 0.2537747671875
1 0.29347542187500003 0.27048149375 0.28442719843750003 0.31080375625 0.3647316046875 0.304166021875 0.36880033437500004 0.2617889296875 0.29347542187500003 0.27048149375
1 0.4454671796875 0.2537747671875 0.369374965625 0.261856653125 0.364348115625 0.3036482390625 0.44368929531249995 0.294864715625 0.4454671796875 0.2537747671875
1 0.2166246546875 0.28036347500000003 0.2048998453125 0.32102990937500003 0.284620265625 0.3112044078125 0.2930915390625 0.270105378125 0.2166246546875 0.28036347500000003
1 0.21624123437499998 0.2801289125 0.14468984375 0.2731555046875 0.127236271875 0.3164027515625 0.20508926875000003 0.3205794359375 0.21624123437499998 0.2801289125
1 0.127045059375 0.316568953125 0.10960634375 0.3643542234375 0.1929935046875 0.364556428125 0.2050888046875 0.32043788125 0.127045059375 0.316568953125
1 0.284428125 0.311086865625 0.20470863437500003 0.3211961109375 0.1924183421875 0.3640632921875 0.27558318125 0.3549297109375 0.284428125 0.311086865625
1 0.36434904375 0.303931346875 0.284620265625 0.3112044078125 0.2755841109375 0.3552134578125 0.359709859375 0.34751725625 0.36434904375 0.303931346875
1 0.3645398578125 0.3039068109375 0.35913515937499996 0.347165675 0.442107328125 0.337489775 0.44368929531249995 0.294864715625 0.3645398578125 0.3039068109375
1 0.44464509375 0.2947418125 0.44306545 0.33807591875 0.5262284359375 0.32837548125 0.5239862734375 0.2859582875 0.44464509375 0.2947418125
1 0.5256546609375 0.3283070078125 0.6086356515625 0.3213257390625 0.602951921875 0.2793510859375 0.5236023890625 0.2855821703125 0.5256546609375 0.3283070078125
1 0.6082522296875 0.3210911765625 0.691617571875 0.3146282171875 0.6817244375 0.2720600125 0.60199519375 0.27919024375 0.6082522296875 0.3210911765625
1 0.6910424734375 0.3144183015625 0.7741947125 0.30117188281249996 0.7616222109375 0.25809725 0.681535084375 0.27279370625 0.6910424734375 0.3144183015625
1 0.69027974375 0.31494185625000004 0.7009506 0.36130316093750003 0.788125209375 0.35009367343750003 0.7740018484375 0.30083371875 0.69027974375 0.31494185625000004
1 0.608251971875 0.32101211093750004 0.6149082124999999 0.36796874218750003 0.7005667156250001 0.3609270453125 0.6898993156250001 0.315621021875 0.608251971875 0.32101211093750004
1 0.5262279703125 0.32823328906250004 0.5284863125 0.3753305890625 0.6150965046875 0.367172671875 0.6080604875 0.320831965625 0.5262279703125 0.32823328906250004
1 0.44344608281250003 0.3374592421875 0.4413061328125 0.3848382390625 0.5275314421874999 0.3757372375 0.525655590625 0.3285907546875 0.44344608281250003 0.3374592421875
1 0.44111306250000004 0.384436946875 0.44248935468750006 0.3372984 0.359146796875 0.3473057921875 0.3537527734375 0.39382614375 0.44111306250000004 0.384436946875
1 0.2757869609375 0.355187371875 0.26619149375 0.4038082765625 0.354514975 0.392877175 0.3595260390625 0.346263815625 0.2757869609375 0.355187371875
1 0.1918446375 0.364278678125 0.1782351546875 0.4134157296875 0.2656065484375 0.40374187812500006 0.2757744640625 0.355047365625 0.1918446375 0.364278678125
1 0.10941924375 0.36551374375 0.09121245156249999 0.4148164703125 0.17860758906250002 0.4126584953125 0.1916465484375 0.3644457625 0.10941924375 0.36551374375
1 0.179106928125 0.412578978125 0.0916759125 0.4166482484375 0.0695801078125 0.4731311390625 0.16331831875 0.46981051249999994 0.179106928125 0.412578978125
1 0.1648957203125 0.46755555624999995 0.2551724796875 0.45702777499999997 0.265679540625 0.40344862656249997 0.1785560859375 0.41321116093750004 0.1648957203125 0.46755555624999995
1 0.255658115625 0.456965328125 0.3483642828125 0.44702587187500004 0.3537734078125 0.3935619515625 0.26592251875 0.403597909375 0.255658115625 0.456965328125
1 0.348364871875 0.44720568437499997 0.43985646718750004 0.43688210625 0.44089980781250004 0.3846997546875 0.354016384375 0.3937105953125 0.348364871875 0.44720568437499997
1 0.4400976765625 0.43649067500000005 0.5311054078125 0.42676961562500004 0.52802535 0.37583766875 0.44114337656249997 0.3850288484375 0.4400976765625 0.43649067500000005
1 0.5311036390625 0.4262295421875 0.6218689828125 0.41653965 0.6151535203125 0.3675161828125 0.528025940625 0.37601811875 0.5311036390625 0.4262295421875
1 0.6226005406249999 0.4175261859375 0.7124063984375 0.4115612546875 0.7015601484375 0.3612681609375 0.6144266734375 0.367969421875 0.6226005406249999 0.4175261859375
1 0.7013177625 0.361299328125 0.7124069859375 0.4117410671875 0.8041403812500001 0.4012058703125 0.7884356421875001 0.350097134375 0.7013177625 0.361299328125
1 0.712164009375 0.4115924234375 0.72569351875 0.465682375 0.8232416734375001 0.45151808125 0.8036538375 0.40072813281249997 0.712164009375 0.4115924234375
1 0.621870159375 0.41689927656250003 0.6307962109374999 0.47374301250000006 0.725934728125 0.46529158125 0.7124075750000001 0.4119208796875 0.621870159375 0.41689927656250003
1 0.5310993093749999 0.4262205296875 0.534253171875 0.4823610109375 0.6317300328125001 0.4729480375 0.6223894359375 0.41686886406249996 0.5310993093749999 0.4262205296875
1 0.43982939062500004 0.43596509843750003 0.4384492625 0.49243917187499997 0.5342532546875 0.48186088906249996 0.5305520078125 0.4266207015625 0.43982939062500004 0.43596509843750003
1 0.34754811874999997 0.4472507453125 0.34088913125000003 0.5042588046875001 0.438057225 0.4921993359375 0.43924280156249995 0.436185328125 0.34754811874999997 0.4472507453125
1 0.2550660375 0.4568213859375 0.24254207656250001 0.5147284062499999 0.3403015046875 0.5038986796875 0.347351578125 0.44684033124999994 0.2550660375 0.4568213859375
1 0.1633742015625 0.4687565328125 0.1459629390625 0.5272919968750001 0.2431305609375 0.5150877828125 0.2552620984375 0.45708578125 0.1633742015625 0.4687565328125
1 0.0697008140625 0.4729663484375 0.0462408640625 0.53590733125 0.146549140625 0.52721661875 0.163567890625 0.4682965796875 0.0697008140625 0.4729663484375
1 0.047022176562500004 0.5358068640625 0.022394187500000003 0.6004940671875 0.127205234375 0.5929651875 0.1471334421875 0.526560996875 0.047022176562500004 0.5358068640625
1 0.22809060312499999 0.5811536562499999 0.24273804999999998 0.51470320625 0.146356875 0.5281120734375 0.125839234375 0.5938667671875 0.22809060312499999 0.5811536562499999
1 0.340891503125 0.5049837953125 0.24234886093750002 0.515333740625 0.228871825 0.58076295625 0.33151713125 0.568869925 0.340891503125 0.5049837953125
1 0.3404970921875 0.5040189734375 0.33112509375 0.5686300906249999 0.4345507640625 0.5563471078125 0.437273628125 0.4918650484375 0.3404970921875 0.5040189734375
1 0.4374691265625 0.49169446875 0.43474531250000004 0.55588640625 0.5387646890625 0.545558153125 0.5344488421875 0.48198117968750004 0.4374691265625 0.49169446875
1 0.5342546796875001 0.482296390625 0.5379829890625001 0.545803475 0.6402400562499999 0.5348310984375 0.631040234375 0.4728976734375 0.5342546796875001 0.482296390625
1 0.6402391062499999 0.5345409765625 0.74191756875 0.52596431875 0.72665965 0.46582606093749995 0.6306529453125 0.47410845156250003 0.6402391062499999 0.5345409765625
1 0.7264645375 0.46585115000000005 0.7419180437499999 0.5261096984375 0.8449470671875 0.5098142953125 0.8228510703125 0.4517156625 0.7264645375 0.46585115000000005
1 0.6398508671875 0.5354616296875 0.6518120390625 0.604294184375 0.7587656546875 0.5943139203125 0.7415274296875001 0.5263047296875001 0.6398508671875 0.5354616296875
1 0.74211268125 0.52593923125 0.7595511546875 0.595229090625 0.8713757453125 0.579108478125 0.84454634375 0.5092853328125 0.74211268125 0.52593923125
1 0.5381789640625 0.545778275 0.5413449031249999 0.6169027546875 0.652593353125 0.6041937171875 0.6402395828125 0.53468635625 0.5381789640625 0.545778275
1 0.43513782343749996 0.5562716203125 0.433022528125 0.6272044625000001 0.541539928125 0.6165880703125 0.5368097296875 0.5459543390625 0.43513782343749996 0.5562716203125
1 0.3317136703125 0.5692803375000001 0.32216848593749997 0.6408783203125 0.433022528125 0.6272044625000001 0.4347467390625 0.5563219078125 0.3317136703125 0.5692803375000001
1 0.22867822656249998 0.58151314375 0.2130682109375 0.6525858375 0.3229482875 0.64005275625 0.33190631718749997 0.568239390625 0.22867822656249998 0.58151314375
1 0.125447196875 0.5936269328125 0.1037842171875 0.6677992765625 0.2132665578125 0.653285625 0.228675378125 0.5806434140625 0.125447196875 0.5936269328125
1 0 0.6706193546875 0.1029991921875 0.6670294859375 0.126815571875 0.593450978125 0.021808459375 0.6007141859375 0 0.653983384375 0 0.6706193546875
1 0 0.751328096875 0.078038515625 0.7496060015625 0.1039774328125 0.66719394375 0 0.670785271875 0 0.751328096875
1 0.103195640625 0.6671490296875 0.0780399390625 0.7500408671875001 0.1941760765625 0.7365585359375 0.21228974531249997 0.6535566734375 0.103195640625 0.6671490296875
1 0.21229021874999998 0.653701415625 0.1947618015625 0.7363377765625 0.3124619015625 0.722799146875 0.3229516109375 0.641067865625 0.21229021874999998 0.653701415625
1 0.3229516109375 0.641067865625 0.3122658390625 0.7225341109375 0.429551259375 0.7091942421875 0.43182843125000003 0.6280833015625 0.3229516109375 0.641067865625
1 0.4289655328125 0.7094143640625 0.5476660375 0.695456846875 0.5415394515624999 0.616442690625 0.4316555765625 0.6278152828125 0.4289655328125 0.7094143640625
1 0.5466893171875 0.6960181249999999 0.6628278265625 0.68326078125 0.65083199375 0.6038403531250001 0.541343478125 0.6164678890624999 0.5466893171875 0.6960181249999999
1 0.7805340984375 0.6716076265625001 0.75915721875 0.5944090125 0.65024674375 0.6042058515625001 0.6620456515625001 0.683361359375 0.7805340984375 0.6716076265625001
1 0.7603304796875 0.5942581453125 0.780335278125 0.6707624578125 0.8995992484374999 0.6568772921875 0.8711759718750001 0.5779731859374999 0.7603304796875 0.5942581453125
0 0 0.7661803109374999 0.9471054593750001 0.6759446359375 0.7716693671875 0.199569725 0.139637234375 0.25296883124999997 0 0.6262057046875 0 0.7661803109374999