1 0.34019187500000003 0.3061888046875 0.34845125 0.25907769375 0.287364375 0.2592857140625 0.2730275 0.30493734375 0.34019187500000003 0.3061888046875
1 0.34054562499999996 0.30486549687500003 0.40268125 0.3022280703125 0.407668125 0.2547000828125 0.349074375 0.25803508750000004 0.34054562499999996 0.30486549687500003
1 0.340669375 0.304929825 0.330421875 0.3565847953125 0.39634562500000003 0.35266583125 0.40269374999999996 0.3026942359375 0.340669375 0.304929825
1 0.32993375 0.3559314953125 0.34013187500000003 0.304929825 0.27450874999999997 0.3053074359375 0.26205687499999997 0.35789139531249997 0.32993375 0.3559314953125
1 0.319434375 0.41374185468749997 0.33019125 0.35556558125 0.2632775 0.3582180453125 0.24838375 0.4117819546875 0.319434375 0.41374185468749997
1 0.39683375 0.35331913125000003 0.3299225 0.35628404375 0.31967875 0.41472180468750003 0.38950874999999996 0.4098220546875 0.39683375 0.35331913125000003
1 0.40245625 0.3023082703125 0.465119375 0.299375940625 0.467489375 0.251179615625 0.4084675 0.2540334171875 0.40245625 0.3023082703125
1 0.46346 0.34979114375 0.46531500000000003 0.2988220546875 0.40277812500000004 0.30222974062499997 0.397089375 0.3523283203125 0.46346 0.34979114375
1 0.46298562499999996 0.34979114375 0.39697875 0.352860484375 0.3904525 0.40940267343750003 0.4608525 0.40718295781249997 0.46298562499999996 0.34979114375
1 0.319774375 0.413523809375 0.30630437499999996 0.47729406875 0.38262999999999997 0.47475689218749995 0.3904525 0.4107067671875 0.319774375 0.413523809375
1 0.46108937499999997 0.40690225625 0.38993625 0.4093408515625 0.382393125 0.4738061828125 0.458008125 0.47095238124999994 0.46108937499999997 0.40690225625
1 0.532911875 0.40499999999999997 0.46114187500000003 0.40689975 0.45753374999999996 0.47126900625 0.535045 0.46778111874999995 0.532911875 0.40499999999999997
1 0.5303043749999999 0.34697410156249997 0.4629675 0.3490258984375 0.4608525 0.4081704265625 0.53314875 0.40531662500000004 0.5303043749999999 0.34697410156249997
1 0.528170625 0.2962414375 0.46583687500000004 0.2984728484375 0.46346 0.3495104421875 0.52983 0.34602255625 0.528170625 0.2962414375
1 0.24872125 0.4099682546875 0.229528125 0.4755822890625 0.30584687499999996 0.47845781093750006 0.3198325 0.41345614062499997 0.24872125 0.4099682546875
1 0.22978937500000002 0.4755822890625 0.208661875 0.5501177937499999 0.2913875 0.55202005 0.30537312499999997 0.47845781093750006 0.22978937500000002 0.4755822890625
1 0.30621125 0.47802255625 0.29091374999999997 0.55202005 0.37269125000000003 0.549483709375 0.381461875 0.47528655000000003 0.30621125 0.47802255625
1 0.45505562499999996 0.54564578125 0.45827249999999997 0.471398496875 0.381574375 0.47525396875 0.373751875 0.5488162078125 0.45505562499999996 0.54564578125
1 0.45775125 0.47209523750000004 0.45505562499999996 0.54564578125 0.53801875 0.5434260656250001 0.534936875 0.4676441109375 0.45775125 0.47209523750000004
1 0.451263125 0.6322080203125 0.455664375 0.5449615703124999 0.372566875 0.5484995828125 0.3619 0.634745196875 0.451263125 0.6322080203125
1 0.454881875 0.5453099421875 0.45102624999999996 0.6318913953124999 0.540863125 0.6303057640625 0.53801875 0.543742690625 0.454881875 0.5453099421875
1 0.538255625 0.5427919796875 0.620744375 0.5421578953124999 0.612448125 0.46732665000000007 0.534936875 0.4685948203125 0.538255625 0.5427919796875
1 0.538085625 0.5425204671875 0.541336875 0.62935421875 0.6314143750000001 0.62935421875 0.6207475 0.5424745203125 0.538085625 0.5425204671875
1 0.5286793750000001 0.2952706765625 0.52687 0.2486173765625 0.46681249999999996 0.2508797 0.46562749999999997 0.298124478125 0.5286793750000001 0.2952706765625
1 0.52687 0.2486173765625 0.5284418750000001 0.29590476250000003 0.591968125 0.2933675859375 0.586753125 0.2467568921875 0.52687 0.2486173765625
1 0.5301175 0.3458813703125 0.5303093750000001 0.34607017500000004 0.59786625 0.34361570625 0.592169375 0.29418295781250003 0.528731875 0.29562489531249997 0.5301175 0.3458813703125
1 0.5301400000000001 0.3465229734375 0.5330431250000001 0.4049941515625 0.60464125 0.40149289843749997 0.597558125 0.34279197968749997 0.5301400000000001 0.3465229734375
1 0.604345 0.401583959375 0.533065625 0.40501169531250003 0.53458625 0.46763325 0.61207625 0.46669256406250004 0.604345 0.401583959375
1 0.6046050000000001 0.4021687546875 0.612251875 0.46645781093750005 0.6895668749999999 0.46763325 0.676036875 0.40275939843749997 0.6046050000000001 0.4021687546875
1 0.6118875 0.46643525468749997 0.620291875 0.5433709265625 0.704310625 0.542538846875 0.689685 0.46761236406249995 0.6118875 0.46643525468749997
1 0.620105625 0.5424118625000001 0.632140625 0.62897243125 0.72144875 0.6302213875 0.704023125 0.5432230578125 0.620105625 0.5424118625000001
1 0.703995625 0.5428696734375 0.72207125 0.6318863828125 0.8135581249999999 0.63396741875 0.78773 0.545720134375 0.703995625 0.5428696734375
1 0.5867681250000001 0.24734669999999997 0.592225 0.29388220625 0.655663125 0.2935781125 0.6461131250000001 0.24704260625000002 0.5867681250000001 0.24734669999999997
1 0.665440625 0.345588971875 0.6555131249999999 0.2933308265625 0.592225 0.2935781125 0.597909375 0.3434594828125 0.665440625 0.345588971875
1 0.676809375 0.40185797812499996 0.665270625 0.344164578125 0.597455 0.343763575 0.6051856250000001 0.401249790625 0.676809375 0.40185797812499996
1 0.732494375 0.3473533828125 0.665645625 0.345832915625 0.676786875 0.40271010937499996 0.747955625 0.40544778593749997 0.732494375 0.3473533828125
1 0.67602875 0.40202088593749996 0.6892931250000001 0.4681035921875 0.767055625 0.4702330828125 0.74772875 0.4051436921875 0.67602875 0.40202088593749996
1 0.7874774999999999 0.5443826234375 0.765649375 0.4704728484375 0.68970625 0.46773517187499997 0.704485625 0.5428613203125 0.7874774999999999 0.5443826234375
1 0.8445487500000001 0.466518796875 0.76584875 0.469909775 0.7870231249999999 0.5449908109375 0.8713793750000001 0.5431654140625 0.8445487500000001 0.466518796875
1 0.747459375 0.4056875515625 0.766331875 0.46925563906249995 0.8445487500000001 0.46590977499999997 0.821356875 0.40142940625 0.747459375 0.4056875515625
1 0.79975625 0.3436390984375 0.7323225 0.34717376718750004 0.74836875 0.4062957390625 0.821356875 0.400212196875 0.79975625 0.3436390984375
1 0.7175612499999999 0.29433416874999996 0.732196875 0.3484377609375 0.800636875 0.344483709375 0.781991875 0.29673099375 0.7175612499999999 0.29433416874999996
1 0.718326875 0.29581871406250004 0.6552625 0.2929966578125 0.665120625 0.3457000828125 0.732424375 0.3481328328125 0.718326875 0.29581871406250004
1 0.646505625 0.246845446875 0.65579875 0.29368922343750004 0.718554375 0.29551378437500003 0.706503125 0.24897827968750003 0.646505625 0.246845446875
1 0.7063024999999999 0.2478487890625 0.718554375 0.29581871406250004 0.781991875 0.29733918125000003 0.7656212499999999 0.249282371875 0.7063024999999999 0.2478487890625
1 0.8135712500000001 0.6331729328125 0.9054512499999999 0.636614034375 0.8727175 0.54575605625 0.787610625 0.5446616546875 0.8135712500000001 0.6331729328125
1 0.813120625 0.6337744359374999 0.841620625 0.7356817046875 0.941866875 0.73622890625 0.9025868750000001 0.6377084375 0.813120625 0.6337744359374999
1 0.722174375 0.6295614031250001 0.7426025 0.7329448625 0.8428481250000001 0.7356817046875 0.812160625 0.63387719375 0.722174375 0.6295614031250001
1 0.6316775 0.6283583953125 0.6439931249999999 0.7329448625 0.743420625 0.7329448625 0.7221437500000001 0.629498746875 0.6316775 0.6283583953125
1 0.54118125 0.6295614031250001 0.544974375 0.7356817046875 0.6439931249999999 0.7329448625 0.6317174999999999 0.628403509375 0.54118125 0.6295614031250001
1 0.2908525 0.5507243109375 0.272400625 0.638950709375 0.361599375 0.6367619046875 0.37305625 0.5491879703125 0.2908525 0.5507243109375
1 0.20891 0.550121971875 0.181565625 0.6367619046875 0.27281 0.639498746875 0.290813125 0.554114453125 0.20891 0.550121971875
1 0.27200437499999996 0.6381512109374999 0.182440625 0.6386424390625 0.152279375 0.743870509375 0.250145 0.7402715125 0.27200437499999996 0.6381512109374999
1 0.15320625000000002 0.7420233921875 0.112595625 0.8599373437500001 0.221895 0.8585873015625 0.250145 0.742521303125 0.15320625000000002 0.7420233921875
1 0.34834624999999997 0.7393725984375 0.25053125 0.7410342515624999 0.22122250000000002 0.8581378453124999 0.33052187499999997 0.8567886375 0.34834624999999997 0.7393725984375
1 0.36247124999999997 0.63590225625 0.27273437500000003 0.639137009375 0.249471875 0.741621553125 0.34801000000000004 0.73892230625 0.36247124999999997 0.63590225625
1 0.451591875 0.6336524640625 0.361548125 0.6341904765625 0.34935499999999997 0.73802255625 0.445875 0.7353233078125 0.451591875 0.6336524640625
1 0.44621125 0.7375731 0.34896625000000003 0.7380659984375 0.33052187499999997 0.8558888890624999 0.44015750000000003 0.8536390984375 0.44621125 0.7375731
1 0.44629125 0.7365822890625 0.544983125 0.73563074375 0.5412837500000001 0.6294611531250001 0.45048062499999997 0.63306015 0.44629125 0.7365822890625
1 0.44629125 0.7365822890625 0.440391875 0.8530467843749999 0.54969125 0.8516967421875 0.544646875 0.73563074375 0.44629125 0.7365822890625
1 0.545466875 0.7350985796875 0.549355 0.852147034375 0.6613450000000001 0.8467485375000001 0.6435206250000001 0.732481203125 0.545466875 0.7350985796875
1 0.6442725 0.7326248953125 0.6613450000000001 0.8485480375 0.772661875 0.8507969921875 0.7430675 0.7342807015624999 0.6442725 0.7326248953125
1 0.88291875 0.8544878859375 0.8429931249999999 0.737076859375 0.742679375 0.7325731 0.771601875 0.8508888890625 0.88291875 0.8544878859375
1 0.8429931249999999 0.7365822890625 0.88224625 0.8535881375000001 0.9935637500000001 0.856287384375 0.9431174999999999 0.735272346875 0.8429931249999999 0.7365822890625
0 0.2791725 0.22710693437499999 0.06610125 0.8893951546875 0.998561875 0.866601503125 0.779883125 0.22963826250000002 0.2791725 0.22710693437499999