1 0.8219253921874999 0.7096937125 0.8118285265624999 0.651513871875 0.7683099375 0.6713587125 0.7745203609375 0.7340165296875 0.8219253921874999 0.7096937125
1 0.7326407406250001 0.75967840625 0.7737197250000001 0.7346836531250001 0.767778384375 0.671425596875 0.7199037671874999 0.69309803125 0.7326407406250001 0.75967840625
1 0.8112307328125 0.6517738046875 0.8028753890625 0.5901034640625 0.76112825 0.607605359375 0.7682625875 0.6710775546875001 0.8112307328125 0.6517738046875
1 0.7613719203125 0.6078552640625 0.803479175 0.5901364234375001 0.7991298203125 0.5313174093749999 0.7544463218749999 0.54412906875 0.7613719203125 0.6078552640625
1 0.7121043515625 0.6266610703125 0.761345321875 0.6075758484375 0.7544941625 0.5441154609375001 0.7055449296875 0.5582604843750001 0.7121043515625 0.6266610703125
1 0.7685800140625 0.67079765625 0.7605734625 0.6077236890625 0.712227425 0.6270617234375 0.7192054359375 0.6936217203124999 0.7685800140625 0.67079765625
1 0.7546875578125001 0.544307678125 0.7994470296875 0.531122653125 0.79039875625 0.4708126234375 0.7439178734375 0.48060014375 0.7546875578125001 0.544307678125
1 0.7053121875 0.5587775546875 0.7546531078125 0.54411359375 0.7435756437500001 0.480442784375 0.6931420359375 0.4917291640625 0.7053121875 0.5587775546875
1 0.6941832609375 0.491529728125 0.7445073843750001 0.48088859375000004 0.73297471875 0.41738372031250004 0.6827596875 0.4241382921875 0.6941832609375 0.491529728125
1 0.74327464375 0.4815254390625 0.7902348765625 0.4701244796875 0.77967981875 0.41042376875000003 0.7331482953124999 0.4168932234375 0.74327464375 0.4815254390625
1 0.6825305390625 0.42425331093749996 0.7329480562499999 0.4166000703125 0.721226153125 0.3542364640625 0.6698837531249999 0.35678942812500003 0.6825305390625 0.42425331093749996
1 0.7799393859375 0.410480109375 0.768733159375 0.3511321125 0.721404909375 0.3542022265625 0.7330770234374999 0.41732665625000004 0.7799393859375 0.410480109375
1 0.7205738890625 0.3541607171875 0.7687955703125 0.35118620625 0.7586715093749999 0.29028585625000003 0.7094829500000001 0.289780575 0.7205738890625 0.3541607171875
1 0.66965631875 0.357235625 0.7214547421875 0.3535760296875 0.7098233484375001 0.28999480625 0.6572051265625001 0.288982990625 0.66965631875 0.357235625
1 0.7097822093749999 0.2900509515625 0.70020011875 0.22375348750000001 0.648481621875 0.2213995421875 0.657740375 0.2894983921875 0.7097822093749999 0.2900509515625
1 0.7004484125 0.2242070015625 0.7109421140625 0.28995389375 0.7588266078125 0.2901183390625 0.75134973125 0.22685654687499998 0.7004484125 0.2242070015625
1 0.599450653125 0.288507871875 0.6573085796875 0.288884425 0.6488206625 0.221903625 0.5928865671875 0.2147640703125 0.599450653125 0.288507871875
1 0.6699353609375 0.35747367343750003 0.6572058968750001 0.2883827 0.599584628125 0.2880725921875 0.6130950890625 0.3602007515625 0.6699353609375 0.35747367343750003
1 0.6710016703125 0.3568540984375 0.6127790296875 0.3596725796875 0.6251734359375 0.43212564374999995 0.6822465484375 0.42414576249999997 0.6710016703125 0.3568540984375
1 0.6932665453125 0.49148050000000004 0.6828632203125 0.4236802625 0.6251638640625 0.43218209375 0.6378397546875 0.5034857484375 0.6932665453125 0.49148050000000004
1 0.6932136125 0.49118707500000003 0.6372757703125 0.5029428265625 0.65076741875 0.5750129890625 0.7050360734375001 0.5588247265625 0.6932136125 0.49118707500000003
1 0.7123226859375 0.626417934375 0.7055853890625 0.5582628953125 0.65125746875 0.574856253125 0.657604025 0.6476624453125 0.7123226859375 0.626417934375
1 0.71179245625 0.626439475 0.6577195109375 0.64738693125 0.664708765625 0.7182715046875 0.71926495 0.693837040625 0.71179245625 0.626439475
1 0.680785534375 0.7891517515625 0.73257275 0.7592665671875001 0.7196105187499999 0.6943443203124999 0.6654148296875 0.718309640625 0.680785534375 0.7891517515625
1 0.6216472359375 0.823569490625 0.68084516875 0.7894877124999999 0.6646650468749999 0.7182411390625 0.604812728125 0.7471054171875 0.6216472359375 0.823569490625
1 0.6046167796875 0.7473163234375 0.664934475 0.7182282734375 0.65707379375 0.6476839859375 0.5961039796875001 0.6704732140624999 0.6046167796875 0.7473163234375
1 0.597480703125 0.6704171859375 0.658045909375 0.6466633078124999 0.650331296875 0.5754159624999999 0.5884874375 0.5934920953125 0.597480703125 0.6704171859375
1 0.5878111359375 0.5936216328125 0.6509076265625 0.5749391375 0.63729444375 0.50340793125 0.574671596875 0.5169705890625 0.5878111359375 0.5936216328125
1 0.5756663125 0.5169889999999999 0.6371484171875 0.5036505546875001 0.6248175812500001 0.4316755875 0.5626928484375 0.43995876406249995 0.5756663125 0.5169889999999999
1 0.5617392234375 0.440690121875 0.624957046875 0.43188067500000005 0.6133652234375 0.35993753281249996 0.5479703 0.3631181140625 0.5617392234375 0.440690121875
1 0.548321046875 0.3634002203125 0.613678975 0.3600832 0.5991550718750001 0.28853654375 0.5357683046874999 0.28611539218750004 0.548321046875 0.3634002203125
1 0.534463090625 0.2862815609375 0.5991078203125 0.288135975 0.5918017828125001 0.213911915625 0.527739953125 0.20770676406250002 0.534463090625 0.2862815609375
1 0.4602602359375 0.2839011484375 0.5347284171875 0.285957659375 0.52772855 0.208036009375 0.4534123640625 0.1980590125 0.4602602359375 0.2839011484375
1 0.5339391265625 0.286084071875 0.4594113125 0.2836916 0.4729177421875 0.36634935 0.5476779203125 0.363731071875 0.5339391265625 0.286084071875
1 0.5621673609375 0.440390921875 0.549027821875 0.36373987812499997 0.473634075 0.3666420875 0.48868925 0.450472109375 0.5621673609375 0.440390921875
1 0.5629560953125 0.4400982296875 0.48928203750000004 0.4503903203125 0.502894084375 0.5323330765625001 0.5756728390625 0.51712175 0.5629560953125 0.4400982296875
1 0.5755144765625 0.51683899375 0.502283878125 0.5322543515625 0.5144682859375 0.6153386953125 0.5879778250000001 0.5936633734375001 0.5755144765625 0.51683899375
1 0.587987090625 0.5936723953125 0.515212665625 0.61559748125 0.5262574640625 0.6975112046875 0.5965332125 0.67073203125 0.587987090625 0.5936723953125
1 0.5961370828125 0.6709908062500001 0.5258648921875 0.6978188328125 0.5362324562499999 0.7798616375 0.6046766890625 0.7469244421875 0.5961370828125 0.6709908062500001
1 0.5491392640625 0.8617660984375 0.6215312 0.8232468734375 0.6045271828125001 0.747526546875 0.5366532890625 0.7796076578125 0.5491392640625 0.8617660984375
1 0.464803565625 0.9077259640625 0.5485385015625 0.8620716890625 0.5364787171875001 0.7802317109375 0.4546287453125 0.8179682515625 0.464803565625 0.9077259640625
1 0.4548176609375 0.81810163125 0.5360320421875 0.779874621875 0.525957628125 0.698586015625 0.4438622375 0.73012683125 0.4548176609375 0.81810163125
1 0.44417828593750003 0.7295944390625 0.52575475 0.6980380703125 0.5147955343749999 0.61532046875 0.43350867656250003 0.6401347187499999 0.44417828593750003 0.7295944390625
1 0.43326041406250004 0.6401276546875 0.5159938796875 0.61508966875 0.501960971875 0.5328248921875 0.4185078 0.5508377796875 0.43326041406250004 0.6401276546875
1 0.41900561718749996 0.55147339375 0.50203035 0.532711896875 0.4890704421875 0.45043148593750004 0.4025221390625 0.4616983453125 0.41900561718749996 0.55147339375
1 0.40301146875000005 0.4609905078125 0.48856969843750003 0.45032163281250004 0.4739813703125 0.36670321562499997 0.38829385156249996 0.3718977859375 0.40301146875000005 0.4609905078125
1 0.386932971875 0.37116011718749997 0.47345316562499995 0.36745596875 0.45968969531250004 0.2844873671875 0.373170434375 0.2812722546875 0.386932971875 0.37116011718749997
1 0.37157954531250004 0.2815757 0.4583567265625 0.283950115625 0.45163904062500004 0.1982272015625 0.364785703125 0.187697840625 0.37157954531250004 0.2815757
1 0.2548560734375 0.1751075875 0.26932598125 0.27670654687499996 0.3716310421875 0.2816210875 0.36450995937499997 0.1880974046875 0.2548560734375 0.1751075875
1 0.253106728125 0.174988578125 0.1310426640625 0.15915297343749998 0.15141797343750002 0.269308809375 0.2690542265625 0.276951025 0.253106728125 0.174988578125
1 0.15126479375 0.2699910015625 0.17074385 0.378187846875 0.28579943124999996 0.376166421875 0.268762615625 0.2770068796875 0.15126479375 0.2699910015625
1 0.3728019296875 0.2809236921875 0.2689404796875 0.2765117515625 0.28627612343750003 0.3757232890625 0.38809535 0.3719167546875 0.3728019296875 0.2809236921875
1 0.3874906609375 0.3714756203125 0.2848715671875 0.375608096875 0.301836865625 0.47427836250000005 0.4033300390625 0.4611441421875 0.3874906609375 0.3714756203125
1 0.285772515625 0.3760483734375 0.172182659375 0.378606390625 0.19028051875000002 0.48829283749999997 0.302665725 0.47480675000000006 0.285772515625 0.3760483734375
1 0.40244318437500004 0.4612727296875 0.30223275156249996 0.47433971093749994 0.3200637890625 0.57325186875 0.418504675 0.5517319203125 0.40244318437500004 0.4612727296875
1 0.303098596875 0.4745822171875 0.19104674375 0.48889545781250004 0.2087598296875 0.5964093625 0.319327890625 0.572076321875 0.303098596875 0.4745822171875
1 0.41964768750000003 0.5511510000000001 0.3182238109375 0.57282379375 0.337224928125 0.6690617390625 0.433332803125 0.6403627359375 0.41964768750000003 0.5511510000000001
1 0.3195083671875 0.5720277828125 0.2102005234375 0.5956196421875 0.2285087859375 0.7064914718749999 0.3362824921875 0.66928988125 0.3195083671875 0.5720277828125
1 0.433397775 0.6400041796875 0.335991325 0.668873159375 0.3486800109375 0.7681580671875 0.44378772812499995 0.7298318234375001 0.433397775 0.6400041796875
1 0.33593730312500003 0.6701091906250001 0.22952809531249999 0.7054007875 0.24303384062500002 0.8139244171875 0.34927034218749997 0.7679376687499999 0.33593730312500003 0.6701091906250001
1 0.44324686875 0.730220565625 0.350105821875 0.7676684109374999 0.359916359375 0.8646448765624999 0.4537068984375 0.81849474375 0.44324686875 0.730220565625
1 0.3490448265625 0.7678716328124999 0.2417027859375 0.8133499625 0.256058296875 0.92048514375 0.36016213750000003 0.8649642343749999 0.3490448265625 0.7678716328124999
1 0.46451790624999995 0.9031510234375 0.454179265625 0.8171011046875 0.360959890625 0.864362440625 0.374933334375 0.9621806656249999 0.46451790624999995 0.9031510234375
1 0.3154863609375 1 0.3749180796875 0.960549553125 0.360453746875 0.86490838125 0.2559812515625 0.9206269171875 0.26667931093749997 1 0.3154863609375 1
0 0.36846333750000004 1 0.8484234734375 0.725437165625 0.7875990671875 0.20550305 0.0904960390625 0.10685051718750001 0.24061980312500003 1 0.36846333750000004 1