1 0.294441515625 0.8309065625000001 0.28255430625 0.7709596140625 0.21543093125 0.7858359765625 0.2293993203125 0.8425441703125 0.294441515625 0.8309065625000001
1 0.282485721875 0.7698281015624999 0.270460609375 0.707617284375 0.19737254531249998 0.722694578125 0.21538500625 0.785768278125 0.282485721875 0.7698281015624999
1 0.3407104296875 0.6973705515625 0.2701320203125 0.7068901453125 0.28253140781249997 0.7705818375 0.350066453125 0.7624972828125001 0.3407104296875 0.6973705515625
1 0.282600046875 0.7717142609375001 0.2942501515625 0.83244335625 0.358712671875 0.8252449421874999 0.3503493015625 0.762469778125 0.282600046875 0.7717142609375001
1 0.416797959375 0.755249046875 0.350326403125 0.762092003125 0.358737771875 0.82565904375 0.4223834359375 0.8192242515625001 0.416797959375 0.755249046875
1 0.3407790140625 0.6985020640624999 0.3506092515625 0.762064496875 0.41677446093750004 0.754917915625 0.4107695140625 0.6886596328125 0.3407790140625 0.6985020640624999
1 0.1812877 0.653045540625 0.198137565625 0.7226366296875 0.2700459171875 0.707607371875 0.25621592656250003 0.6345309609374999 0.1812877 0.653045540625
1 0.3408429515625 0.6978829078125 0.33040709218750003 0.6255616453124999 0.25645650781249996 0.6341567921875 0.2700459171875 0.707607371875 0.3408429515625 0.6978829078125
1 0.41159085781250004 0.6885468796875001 0.4052485703125 0.6186346390625 0.33016650937500003 0.6259358140625 0.3410088140625 0.6983911125 0.41159085781250004 0.6885468796875001
1 0.1611122953125 0.572316534375 0.18094178593750002 0.6522926828125 0.25619266875 0.6351991421875 0.24056580312500003 0.554601484375 0.1611122953125 0.572316534375
1 0.3194439171875 0.5459318359374999 0.24053569531250002 0.55410474375 0.2544873515625 0.6342669796875 0.33058859375 0.624755671875 0.3194439171875 0.5459318359374999
1 0.13782401093750002 0.4818996203125 0.1604108328125 0.572337246875 0.23984965156250002 0.5544363625 0.22369005625 0.46583005312500003 0.13782401093750002 0.4818996203125
1 0.30683905 0.45704288593750003 0.22262204375 0.4655831375 0.24043358124999997 0.5534606296875 0.3193366203125 0.5460053 0.30683905 0.45704288593750003
1 0.3891864640625 0.44884155625 0.3073453828125 0.45750153750000006 0.3196194265625 0.546146790625 0.3975190796875 0.5385606671875001 0.3891864640625 0.44884155625
1 0.3190871015625 0.5457683109375 0.330292125 0.6264360531250001 0.4048849546875 0.6200328953125 0.39791579062500004 0.539506809375 0.3190871015625 0.5457683109375
1 0.47585426249999996 0.5315770984375 0.397089040625 0.538885659375 0.40541441718750004 0.6192104406250001 0.4778397375 0.61208814375 0.47585426249999996 0.5315770984375
1 0.479515053125 0.61367909375 0.4043907203125 0.6202828328125001 0.41173823593750003 0.6893948625 0.4816930140625 0.6843470546875 0.479515053125 0.61367909375
1 0.48219123750000004 0.68459274375 0.4113651015625 0.6895389375 0.4171693421875 0.754420040625 0.4842240125 0.749008425 0.48219123750000004 0.68459274375
1 0.4838437171875 0.7495998796875 0.416755634375 0.754460271875 0.4223964859375 0.818964471875 0.48727403750000003 0.813048403125 0.4838437171875 0.7495998796875
1 0.552137825 0.6828369640624999 0.48195457812500003 0.684669653125 0.48388670312500004 0.7498679140625 0.5514323812499999 0.7466867421875001 0.552137825 0.6828369640624999
1 0.550577240625 0.8080554828125001 0.55158943125 0.7458393 0.48407757343749996 0.74923915625 0.4870366953125 0.8131253765625001 0.550577240625 0.8080554828125001
1 0.4793094046875 0.6141658734375001 0.48198315 0.6857292390625 0.5525943734375 0.6828135765625001 0.55336028125 0.6075194515625 0.4793094046875 0.6141658734375001
1 0.6274780343749999 0.601976390625 0.553377015625 0.6077955203125 0.5523483484375 0.6825324015625001 0.6233226859375 0.677531603125 0.6274780343749999 0.601976390625
1 0.4757221515625 0.5309697 0.4790810203125 0.613836396875 0.553325953125 0.6080389 0.5535451171875 0.5247877265625001 0.4757221515625 0.5309697
1 0.6322276015625 0.5190775624999999 0.5538017749999999 0.525594940625 0.5533318421875 0.6081360671875 0.627283003125 0.6021972328125 0.6322276015625 0.5190775624999999
1 0.6237651375000001 0.6784632515625 0.5520614421875 0.682662609375 0.5511836921875 0.74637294375 0.6193383734375 0.742674903125 0.6237651375000001 0.6784632515625
1 0.6157283359375 0.8032025828125 0.6193383734375 0.742674903125 0.5515631921875 0.7464922421875 0.55091461875 0.8078418078125 0.6157283359375 0.8032025828125
1 0.6157450671875 0.80347865 0.6807493 0.7985441171875001 0.68760075625 0.73659136875 0.6192180234375 0.7437206546875 0.6157450671875 0.80347865
1 0.6871536375 0.736080371875 0.69392758125 0.6694216578125001 0.6236314359375 0.6762574359375 0.6196365390625 0.743069759375 0.6871536375 0.736080371875
1 0.7650778796875 0.6663850640625 0.6941515078125 0.6696775765625 0.68758619375 0.7352426750000001 0.7562802359374999 0.737400509375 0.7650778796875 0.6663850640625
1 0.7457048046875 0.8099754765625 0.7550498015625 0.7411247109375 0.6873100046875 0.7352329953125001 0.680525375 0.7982881984375 0.7457048046875 0.8099754765625
1 0.6282179265625001 0.6013116015625 0.6246333374999999 0.675979140625 0.6941020671875 0.6692238234375 0.700771703125 0.5939785890625 0.6282179265625001 0.6013116015625
1 0.765425465625 0.665615921875 0.7759627874999999 0.5855578625 0.701581759375 0.5936230375 0.6945559171875 0.6690088703125 0.765425465625 0.665615921875
1 0.7749462171875 0.585933496875 0.787858140625 0.5073079546875 0.7102483578125 0.5101414265625 0.7015482921875 0.5930709015625 0.7749462171875 0.585933496875
1 0.7015984359375 0.593898196875 0.7100244296875 0.5098855078125 0.63214595625 0.5185675640625 0.6277373390625 0.60110804375 0.7015984359375 0.593898196875
1 0.709339571875 0.5103385031250001 0.7202076796875 0.41787807499999996 0.6380405703124999 0.425513790625 0.6329848640625 0.5181790609375 0.709339571875 0.5103385031250001
1 0.788388903125 0.506665328125 0.804809571875 0.4074195625 0.7201956109375 0.4180409328125 0.7100510875 0.50987286875 0.788388903125 0.506665328125
1 0.63278571875 0.5179700578124999 0.6376347953125 0.424259775 0.5550117046875 0.4330140734375 0.5536649609375 0.5250117484375 0.63278571875 0.5179700578124999
1 0.5530277171875 0.5250061171875 0.554452946875 0.43270850000000005 0.47203333125 0.440363290625 0.476215846875 0.5313555890625 0.5530277171875 0.5250061171875
1 0.47541793906249996 0.5318323656249999 0.47228017656250004 0.439979378125 0.38994730781250003 0.44906535937500003 0.39772870312499997 0.540175390625 0.47541793906249996 0.5318323656249999
1 0.202965203125 0.3683448109375 0.1102341359375 0.37736221875 0.13755525625 0.481300028125 0.2235877015625 0.46649405 0.202965203125 0.3683448109375
1 0.30688503749999996 0.4574622625 0.29251449375 0.35870506875 0.2037158578125 0.36920355625 0.223202096875 0.4673372265625 0.30688503749999996 0.4574622625
1 0.2036877859375 0.3687404140625 0.1802246015625 0.25829076406249996 0.082893978125 0.2663578359375 0.11324748437500001 0.375205715625 0.2036877859375 0.3687404140625
1 0.20325665625 0.36738473125 0.2927779265625 0.35728275625 0.2750392015625 0.24907074687500003 0.18090555 0.2578637265625 0.20325665625 0.36738473125
1 0.18054344375 0.2577938890625 0.1523050375 0.1319699453125 0.046130818750000004 0.149747596875 0.083392234375 0.2663212578125 0.18054344375 0.2577938890625
1 0.2555400171875 0.1233287171875 0.1512910015625 0.132534421875 0.1801408375 0.2579380890625 0.27541486875 0.2495000859375 0.2555400171875 0.1233287171875
1 0.35784444375 0.11664054374999999 0.25559616093750004 0.124254996875 0.2761093796875 0.24943255 0.3702582203125 0.2407431421875 0.35784444375 0.11664054374999999
1 0.3695349578125 0.2403476046875 0.2757905375 0.249929425 0.292408484375 0.359704665625 0.3810785015625 0.3500928765625 0.3695349578125 0.2403476046875
1 0.29220522031249996 0.3586246125 0.3068596125 0.4563302078125 0.3897437625 0.44907784531250006 0.38064124375 0.34971063281250003 0.29220522031249996 0.3586246125
1 0.37979334374999996 0.35025621406249996 0.39022410625 0.4483725234375 0.4718561125 0.4401201828125 0.46866035625 0.34067094375 0.37979334374999996 0.35025621406249996
1 0.3704546609375 0.23901859218750002 0.380433084375 0.3491380328125 0.46803728125 0.339734021875 0.4650665 0.23076282187500002 0.3704546609375 0.23901859218750002
1 0.47255339375 0.43994002343750005 0.5554341609375 0.432824096875 0.55710854375 0.33195765625 0.468672521875 0.3408716375 0.47255339375 0.43994002343750005
1 0.4650665 0.23076282187500002 0.468906978125 0.3408488375 0.5563371781249999 0.331209628125 0.56057955 0.22178912031250003 0.4650665 0.23076282187500002
1 0.35839279999999996 0.117690690625 0.3702843796875 0.239896553125 0.4653420265625 0.2309991078125 0.46135705937499993 0.1070488015625 0.35839279999999996 0.117690690625
1 0.56066339375 0.2229575171875 0.5655132187499999 0.096605240625 0.4611226015625 0.1070716015625 0.4658169265625 0.23026051718749999 0.56066339375 0.2229575171875
1 0.5647902328125001 0.0963613109375 0.5599024890625001 0.2220854203125 0.6549676453125 0.2115838375 0.6675228062499999 0.083853809375 0.5647902328125001 0.0963613109375
1 0.7489398828125 0.20055759375 0.7685903781250001 0.0730812109375 0.6667170078125 0.0861345421875 0.6554421828125 0.2125132796875 0.7489398828125 0.20055759375
1 0.8435758312500001 0.200481425 0.8710402109375 0.065636246875 0.7684576140625 0.0708908328125 0.7491364140625 0.19990910312500001 0.8435758312500001 0.200481425
1 0.5596760578125 0.22218664375000002 0.556965965625 0.3332248 0.64509640625 0.32597655937500003 0.6549160453125 0.2126101140625 0.5596760578125 0.22218664375000002
1 0.556927984375 0.3325982 0.555469178125 0.43313035624999996 0.6378803484375 0.42606009531250005 0.64450135 0.32502686875000003 0.556927984375 0.3325982
1 0.7491424078125 0.20187430625 0.65448505625 0.21328140625 0.6445380625 0.32533844375 0.732994234375 0.317050971875 0.7491424078125 0.20187430625
1 0.64426689375 0.3250496671875 0.6383310078125 0.4257020390625 0.7202718328125 0.4179750578125 0.7327029171875 0.3161356859375 0.64426689375 0.3250496671875
1 0.8424668171875 0.20153744843750002 0.74781978125 0.20105748124999998 0.73306591875 0.3169215953125 0.8218322828125 0.30711226406250003 0.8424668171875 0.20153744843750002
1 0.8048845265625 0.4069482328125 0.8209100484375 0.308546571875 0.7328640265625 0.3171083953125 0.720313715625 0.41784035937499997 0.8048845265625 0.4069482328125
0 0.8975654093750001 0.035892112500000004 0.0136934109375 0.1356884765625 0.2188728546875 0.8657861109375 0.7506280953125 0.8324978843749999 0.8975654093750001 0.035892112500000004