1 0.7689921296875 0.2537889671875 0.71376049375 0.246275409375 0.70679350625 0.3109743734375 0.7648736421875 0.31620556875 0.7689921296875 0.2537889671875
1 0.71369145 0.24623889375000002 0.6519969359375 0.23554985624999997 0.645473325 0.3058865328125 0.7057137828125 0.3110223609375 0.71369145 0.24623889375000002
1 0.705946965625 0.37540131875 0.7064330203125 0.3109903953125 0.6447492328125 0.30564940625000003 0.6432264578125 0.37306944531249997 0.705946965625 0.37540131875
1 0.705950953125 0.3756704484375 0.7663371921875 0.37730138750000003 0.7663098625 0.315872428125 0.7075136093750001 0.31094236875000003 0.705950953125 0.3756704484375
1 0.76739661875 0.4378674671875 0.7667323390624999 0.3772838265625 0.70559046875 0.3756864703125 0.7061681796875 0.4389722328125 0.76739661875 0.4378674671875
1 0.6424149578125 0.439919903125 0.7058518421875 0.43898304843749997 0.70559445625 0.37595560156249996 0.6443061812499999 0.3730214578125 0.6424149578125 0.439919903125
1 0.5746893359375 0.299742328125 0.6454198609375 0.3054969515625 0.6520233046875 0.23627614062500002 0.584275228125 0.22733052968749998 0.5746893359375 0.299742328125
1 0.6454198609375 0.3054969515625 0.5743602703125 0.30000614375 0.5740720078125 0.37051021562500003 0.643726146875 0.37314327812500003 0.6454198609375 0.3054969515625
1 0.644225440625 0.373248928125 0.5744010734375 0.3702464 0.575459459375 0.4416873859375 0.6423953671875 0.44070468749999997 0.644225440625 0.373248928125
1 0.49727014687500004 0.29295530937500003 0.575320159375 0.2996539421875 0.5835249203124999 0.22707964375 0.5056173937499999 0.2163610140625 0.49727014687500004 0.29295530937500003
1 0.573327403125 0.37076135312499997 0.5742554578125 0.298140571875 0.49679614375 0.29297637656250003 0.49743488437499994 0.368107690625 0.573327403125 0.37076135312499997
1 0.41134042812500005 0.2858937078125 0.49703754843750003 0.2922972453125 0.5055624843750001 0.215698296875 0.41744669375 0.2034236140625 0.41134042812500005 0.2858937078125
1 0.49749311093750004 0.3679993265625 0.49617480937499997 0.2929442890625 0.4109929140625 0.2849123890625 0.4118476109375 0.365080225 0.49749311093750004 0.3679993265625
1 0.49874497812499996 0.442374634375 0.497657265625 0.3682516046875 0.41233612031250005 0.365511471875 0.4128248671875 0.4434535015625 0.49874497812499996 0.442374634375
1 0.4996838765625 0.44265412812499993 0.5767460703125 0.4412058 0.5748885453125 0.3703149359375 0.49724198125 0.36778790156249996 0.4996838765625 0.44265412812499993
1 0.57696843125 0.510707284375 0.5760228203125 0.44178629531249997 0.49900730781249997 0.441937275 0.5004500703125 0.5168479046875001 0.57696843125 0.510707284375
1 0.645864 0.5071468765625 0.6432147359375 0.4407591234375 0.576930440625 0.4407154453125 0.5786543359375 0.5121268531250001 0.645864 0.5071468765625
1 0.7074182015625 0.5030970406249999 0.705421921875 0.43940449531250003 0.6433116390625 0.44039335937499996 0.6461498015625 0.507591675 0.7074182015625 0.5030970406249999
1 0.768438609375 0.4995978640625 0.7671517875 0.4379056046875 0.705416090625 0.4390108515625 0.707938365625 0.5026800171875 0.768438609375 0.4995978640625
1 0.7123594171875001 0.5666269015625 0.708196971875 0.5026938328125 0.6461975468750001 0.5073611265625 0.6519183390625 0.5736441671875 0.7123594171875001 0.5666269015625
1 0.7684863453124999 0.4993666671875 0.7076213250000001 0.5029361609375 0.711572909375 0.5668591328125 0.7704330859375 0.559715503125 0.7684863453124999 0.4993666671875
1 0.5806632234375 0.5822893734375 0.6519446859375 0.574076484375 0.647204846875 0.5072826140625 0.5790938484375 0.5118847359375 0.5806632234375 0.5822893734375
1 0.654454209375 0.641216075 0.6516520484375 0.573872746875 0.5809266546875 0.582277665625 0.5832854578125 0.6526472171875 0.654454209375 0.641216075
1 0.5022707484375 0.590695009375 0.581151903125 0.58220535625 0.57875730625 0.5117024156250001 0.4998603453125 0.5167839140625 0.5022707484375 0.590695009375
1 0.5834740453125 0.6524415593749999 0.5812446234374999 0.582201234375 0.5030630875 0.590856421875 0.505219659375 0.66536868125 0.5834740453125 0.6524415593749999
1 0.71577285 0.6309819703125 0.712035575 0.5664239 0.651744971875 0.5735895734375 0.655384228125 0.6415400921875001 0.71577285 0.6309819703125
1 0.77026641875 0.5600545171875 0.7121889703125001 0.5667694546875001 0.71577285 0.6309819703125 0.7727566343750001 0.6215596109375 0.77026641875 0.5600545171875
1 0.7167512109375 0.6307645734375 0.717260628125 0.695878825 0.7752506359375 0.6832618125 0.7730200671875 0.6215479015625001 0.7167512109375 0.6307645734375
1 0.716178771875 0.631223503125 0.653279375 0.6416336406250001 0.6542702953124999 0.7085208 0.7167288 0.695508559375 0.716178771875 0.631223503125
1 0.72532551875 0.7604827171874999 0.7159808046875 0.695999303125 0.6545366484375 0.7087062390625001 0.658952803125 0.7758344203124999 0.72532551875 0.7604827171874999
1 0.774984284375 0.6830763734375 0.7159422828124999 0.6957401437499999 0.7287245234374999 0.7589533109375 0.7929874203125 0.7433014734375 0.774984284375 0.6830763734375
1 0.5834935484375 0.7224731546875 0.6541013328124999 0.7087048203124999 0.653122075 0.6426049500000001 0.5827339984375 0.6534102140625 0.5834935484375 0.7224731546875
1 0.6539458296875 0.70915365625 0.5832426374999999 0.723271465625 0.58350241875 0.7941282125 0.6582607515625 0.7762383171875 0.6539458296875 0.70915365625
1 0.5827157749999999 0.72329488125 0.50504071875 0.7397400921874999 0.5106021359375 0.8131172375 0.5837504203125 0.7931334031249999 0.5827157749999999 0.72329488125
1 0.582490003125 0.6529778359375 0.5047276140625 0.6653425281249999 0.504774365625 0.739554653125 0.583505203125 0.7232597953125001 0.582490003125 0.6529778359375
1 0.5044485390625 0.6661712921875 0.4171587578125 0.680152815625 0.4186529359375 0.7583 0.5051309359375 0.7388645625 0.5044485390625 0.6661712921875
1 0.50476521875 0.7395810171874999 0.418806009375 0.7582724296875 0.41773042812499994 0.839021196875 0.5100494609374999 0.8136810671875001 0.50476521875 0.7395810171874999
1 0.5024958078124999 0.5907855921875 0.41544464531249997 0.60120748125 0.41592710000000005 0.6798954187499999 0.5042292859375 0.6660045265625001 0.5024958078124999 0.5907855921875
1 0.5002785484375 0.517210496875 0.4135927203125 0.52232473125 0.41509565156250006 0.6007116328125 0.5024227578125 0.590185978125 0.5002785484375 0.517210496875
1 0.5002976718750001 0.44241140312500005 0.41311783437500005 0.44414781875 0.4132550828125 0.5225954171875 0.5006456453125 0.516411565625 0.5002976718750001 0.44241140312500005
1 0.4119588796875 0.28573124375000003 0.41684985 0.2032301515625 0.315435678125 0.187839790625 0.31674285156250004 0.2760739015625 0.4119588796875 0.28573124375000003
1 0.4127170578125 0.28528417500000003 0.317636521875 0.276695446875 0.3171220796875 0.36137323593750004 0.412249978125 0.3650818109375 0.4127170578125 0.28528417500000003
1 0.31371197500000003 0.1908924171875 0.207321871875 0.1731346046875 0.21001851562499999 0.2656061578125 0.31719458125 0.2767150890625 0.31371197500000003 0.1908924171875
1 0.209686134375 0.266289984375 0.2113550578125 0.35582275937499996 0.31580202343749997 0.3617628640625 0.3158638671875 0.2764439234375 0.209686134375 0.266289984375
1 0.20734015 0.1736075140625 0.0928935984375 0.150112315625 0.0873264109375 0.25187920468749997 0.209581465625 0.265955890625 0.20734015 0.1736075140625
1 0.2118019 0.3561338578125 0.2096753546875 0.26556235781250004 0.0877536625 0.25086799375 0.0901062859375 0.3499687890625 0.2118019 0.3561338578125
1 0.2135803921875 0.44633146718749994 0.211811690625 0.3567946890625 0.09099016875 0.3499295046875 0.09463835937500001 0.44698762500000006 0.2135803921875 0.44633146718749994
1 0.3183705109375 0.4456423671875 0.31805822031250003 0.3611739390625 0.212248740625 0.35644495625 0.21312865312499998 0.4456896296875 0.3183705109375 0.4456423671875
1 0.3179617625 0.445268578125 0.4131080390625 0.44395487187500005 0.411174328125 0.3651705 0.3170129625 0.361089959375 0.3179617625 0.445268578125
1 0.318747115625 0.5290670453125 0.413343475 0.5221820109374999 0.41249058749999995 0.4444774515625 0.3183887578125 0.44441571875 0.318747115625 0.5290670453125
1 0.2141956546875 0.5366177624999999 0.31779290625 0.5285734343749999 0.317396940625 0.4451295 0.211966759375 0.4466880671875 0.2141956546875 0.5366177624999999
1 0.3189386234375 0.5290585343750001 0.3198874234375 0.6132371531249999 0.415309478125 0.601624265625 0.41324681406249997 0.5228566578125 0.3189386234375 0.5290585343750001
1 0.21583986875 0.6274676796875001 0.3190964875 0.6125850828125 0.318941928125 0.5292816218749999 0.2141956546875 0.5366177624999999 0.21583986875 0.6274676796875001
1 0.09654684999999999 0.5454332640625 0.21444888281250002 0.536853753125 0.21278078437499998 0.44644033437499997 0.095691946875 0.44739959687499997 0.09654684999999999 0.5454332640625
1 0.21379931874999997 0.537374515625 0.09654354375 0.545210178125 0.09771638125 0.64456976875 0.21695617031249997 0.627430396875 0.21379931874999997 0.537374515625
1 0.09647044375 0.74191419375 0.21619726875 0.71738061875 0.216048753125 0.626800521875 0.0974083640625 0.6439131078125 0.09647044375 0.74191419375
1 0.21712860625000002 0.717735075 0.09854646875 0.740928340625 0.09699991875 0.8381745078125 0.2157323796875 0.8069835718749999 0.21712860625000002 0.717735075
1 0.21513862968750003 0.8072331937499999 0.0949097984375 0.8382674031249999 0.1008301671875 0.9354055906250001 0.2257163640625 0.89612213125 0.21513862968750003 0.8072331937499999
1 0.217164478125 0.7172299078125 0.3235683546875 0.6967018640625 0.3210732578125 0.6129767890625 0.21612063125 0.6265771906250001 0.217164478125 0.7172299078125
1 0.322605015625 0.6962359140625 0.41765951562500003 0.6799475609375001 0.41560346875 0.6016267734375 0.3204753375 0.6130033625 0.322605015625 0.6962359140625
1 0.3244489640625 0.7803747484375 0.3229042265625 0.6962394890625 0.21775492187499998 0.7167571984375 0.2170018625 0.8070433109374999 0.3244489640625 0.7803747484375
1 0.3235505109375 0.7801914453125 0.4187516734375 0.758350771875 0.417368040625 0.68040763125 0.3226017109375 0.696012828125 0.3235505109375 0.7801914453125
1 0.3244692609375 0.8650339625000001 0.3243339609375 0.7804551359375 0.216087140625 0.805878890625 0.2265994046875 0.8949725562499999 0.3244692609375 0.8650339625000001
1 0.4186284578125 0.7584036203125 0.324489553125 0.7802464015624999 0.3257306828125 0.8640226671875 0.4172916703125 0.839138684375 0.4186284578125 0.7584036203125
0 0.8148570421875 0.7456974656249999 0.7899019968750001 0.2415623234375 0.07612168124999999 0.12096062968750002 0.075457653125 0.9633472703124999 0.8148570421875 0.7456974656249999