1 0.5728011703125 0.4935325 0.488217209375 0.4933725 0.4877343359375 0.5309081250000001 0.578431078125 0.53163 0.5728011703125 0.4935325
1 0.2769139515625 0.406391875 0.21323308281250003 0.391955 0.192488721875 0.41830187499999993 0.26388805312499997 0.43273875000000006 0.2769139515625 0.406391875
1 0.348795321875 0.40494812500000005 0.277395990625 0.406391875 0.264852965625 0.43273875000000006 0.340111946875 0.431295 0.348795321875 0.40494812500000005
1 0.41874770312500004 0.40350437499999997 0.350725146875 0.40422624999999995 0.340111946875 0.430934375 0.4144051796875 0.433099375 0.41874770312500004 0.40350437499999997
1 0.49015956562499996 0.40389125000000003 0.4185547203125 0.40389125000000003 0.41443358437500005 0.432025 0.489129490625 0.43144687499999995 0.49015956562499996 0.40389125000000003
1 0.5635680875 0.43106125000000006 0.5607343359375 0.404276875 0.49015956562499996 0.40389125000000003 0.4888721796875 0.43125437499999997 0.5635680875 0.43106125000000006
1 0.63130910625 0.40504749999999995 0.561249790625 0.404469375 0.56408270625 0.43106125000000006 0.6390367578125 0.43279562499999996 0.63130910625 0.40504749999999995
1 0.7011111109375 0.40639624999999996 0.6318245609375001 0.40504749999999995 0.6390367578125 0.4322175 0.713217209375 0.43356625 0.7011111109375 0.40639624999999996
1 0.7740041765625 0.403120625 0.7008538015625 0.40658874999999994 0.7142472843750001 0.433759375 0.788428571875 0.427978125 0.7740041765625 0.403120625
1 0.193436925 0.418150625 0.171800334375 0.44955999999999996 0.25036006718750003 0.46035125 0.26478446093749997 0.43298812499999995 0.193436925 0.418150625
1 0.2655572265625 0.43298812499999995 0.2493299921875 0.46131500000000003 0.3294352546875 0.459965625 0.3394803671875 0.43067625 0.2655572265625 0.43298812499999995
1 0.4159791140625 0.432603125 0.339737678125 0.43125437499999997 0.32840434375 0.459965625 0.409282371875 0.46131500000000003 0.4159791140625 0.432603125
1 0.409541353125 0.460990625 0.48934168749999996 0.46070874999999994 0.488212196875 0.43113999999999997 0.4133057640625 0.43226624999999996 0.409541353125 0.460990625
1 0.48971846250000006 0.460990625 0.5683893062500001 0.45958249999999995 0.5638721796875 0.430295 0.48858897187499994 0.431703125 0.48971846250000006 0.460990625
1 0.5687660812499999 0.460426875 0.6485664156250001 0.46183500000000005 0.6391553890624999 0.432548125 0.5634962406249999 0.431703125 0.5687660812499999 0.460426875
1 0.6485664156250001 0.462116875 0.7287426906250001 0.46408812499999996 0.7133099421875 0.43311124999999995 0.6387794484375 0.432829375 0.6485664156250001 0.462116875
1 0.7287426906250001 0.46380625000000003 0.807413534375 0.45845562500000003 0.7893458640625 0.4271975 0.71406265625 0.433674375 0.7287426906250001 0.46380625000000003
1 0.251070175 0.460990625 0.17315204687500002 0.45169750000000003 0.14755555625 0.48549 0.231496240625 0.49534625 0.251070175 0.460990625
1 0.23224895625 0.494783125 0.316943190625 0.493938125 0.3289883046875 0.460426875 0.2480584796875 0.46070874999999994 0.23224895625 0.494783125
1 0.3178671671875 0.49387187499999996 0.4028011703125 0.49368187499999994 0.40890392656249996 0.46115000000000006 0.3295647453125 0.46000874999999997 0.3178671671875 0.49387187499999996
1 0.4030551375 0.49349125000000005 0.488752715625 0.49368187499999994 0.48926065156250004 0.46000874999999997 0.40941269843750006 0.46153062499999997 0.4030551375 0.49349125000000005
1 0.48824394375 0.49368187499999994 0.5736867171875 0.49387187499999996 0.56860066875 0.45981812499999997 0.4890066828125 0.460579375 0.48824394375 0.49368187499999994
1 0.5741954890625001 0.49368187499999994 0.659383459375 0.49501375000000003 0.648703425 0.46153062499999997 0.5688546359375 0.45962812499999994 0.5741954890625001 0.49368187499999994
1 0.648194653125 0.461720625 0.659129490625 0.49482312500000003 0.7435547203125 0.497486875 0.7282974109375 0.46419375 0.648194653125 0.461720625
1 0.7440634921875 0.49767687499999996 0.8310317453125 0.49653562500000004 0.8073826234375 0.45791624999999997 0.7277886375 0.46400375 0.7440634921875 0.49767687499999996
1 0.7636441109375001 0.536676875 0.8562071843749999 0.535345 0.829760234375 0.49501375000000003 0.7443174609375001 0.49729625000000005 0.7636441109375001 0.536676875
1 0.5795355046874999 0.530779375 0.6723525484375 0.5319206249999999 0.6588746859375 0.49501375000000003 0.5736867171875 0.49368187499999994 0.5795355046874999 0.530779375
1 0.6731152875 0.53230125 0.7641528828124999 0.5351549999999999 0.7443174609375001 0.497486875 0.659129490625 0.49482312500000003 0.6731152875 0.53230125
1 0.3954269 0.53211125 0.48722640000000006 0.5311600000000001 0.48748120312500004 0.49330125 0.4030551375 0.49368187499999994 0.3954269 0.53211125
1 0.303880534375 0.53211125 0.39593483749999997 0.53230125 0.4030551375 0.49311125 0.3168496234375 0.49349125000000005 0.303880534375 0.53211125
1 0.21233500468750002 0.53439375 0.30337259843750003 0.53211125 0.3173583953125 0.49368187499999994 0.23217042656250003 0.49406249999999996 0.21233500468750002 0.53439375
1 0.1218070171875 0.527355 0.21233500468750002 0.53439375 0.23242439374999999 0.4944425 0.1479991640625 0.48493062499999995 0.1218070171875 0.527355
1 0.08773099375 0.57548625 0.1884319125 0.578720625 0.21284377656250003 0.53420375 0.11977192968749999 0.526784375 0.08773099375 0.57548625
1 0.18893985 0.57910125 0.287606515625 0.575866875 0.3028638265625 0.53230125 0.2120810359375 0.53420375 0.18893985 0.57910125
1 0.28709774375 0.5762475 0.386780284375 0.576056875 0.394918128125 0.53249125 0.30311779375 0.53230125 0.28709774375 0.5762475
1 0.386780284375 0.576056875 0.48722640000000006 0.5724425 0.4867184625 0.53020875 0.395172096875 0.53230125 0.386780284375 0.576056875
1 0.48748120312500004 0.573774375 0.586401003125 0.573964375 0.5792807015625 0.530018125 0.48722640000000006 0.53039875 0.48748120312500004 0.573774375
1 0.58665580625 0.574345 0.6878646609375 0.575676875 0.6720985796875001 0.5319206249999999 0.5797894734375 0.530779375 0.58665580625 0.574345
1 0.6881186296874999 0.576056875 0.7865304921875 0.5802425 0.7626265671875 0.53610625 0.6723525484375 0.5319206249999999 0.6881186296874999 0.576056875
1 0.7870392640625 0.579861875 0.8867218046875 0.57529625 0.854935671875 0.534774375 0.7631353390625 0.53610625 0.7870392640625 0.579861875
1 0.7870392640625 0.5800525000000001 0.8145029234375001 0.6308475 0.924611528125 0.622666875 0.8879933171875001 0.574345 0.7870392640625 0.5800525000000001
1 0.687101921875 0.57548625 0.70363074375 0.627613125 0.8150108609375 0.6302768750000001 0.7867844609375 0.5796718750000001 0.687101921875 0.57548625
1 0.5874185468750001 0.574345 0.594538846875 0.626661875 0.70490225625 0.627613125 0.6873558890625 0.575676875 0.5874185468750001 0.574345
1 0.48620969062499997 0.574155 0.4859548875 0.62590125 0.59555555625 0.626661875 0.5871637421875 0.57358375 0.48620969062499997 0.574155
1 0.38728905625 0.575676875 0.376609021875 0.6272325000000001 0.4859548875 0.6255206249999999 0.486463659375 0.57320375 0.38728905625 0.575676875
1 0.2863350046875 0.575676875 0.2680258984375 0.629325625 0.37610025 0.62799375 0.386780284375 0.57529625 0.2863350046875 0.575676875
1 0.18970342499999998 0.578910625 0.1594419375 0.630656875 0.268533834375 0.628374375 0.28684294062500004 0.5751062499999999 0.18970342499999998 0.578910625
1 0.088239765625 0.575676875 0.0500960734375 0.624569375 0.1594419375 0.6312274999999999 0.188177109375 0.57910125 0.088239765625 0.575676875
1 0.051112781249999996 0.624569375 0.0050860484375 0.67897875 0.12562071875 0.692866875 0.15893316562499998 0.631608125 0.051112781249999996 0.624569375
1 0.12536675 0.693056875 0.244121971875 0.690013125 0.267262321875 0.62818375 0.1586791984375 0.6314181249999999 0.12536675 0.693056875
1 0.24335923125 0.6896325 0.3638939015625 0.6890618749999999 0.3758462828125 0.627613125 0.26573684218750004 0.628374375 0.24335923125 0.6896325
1 0.3631311609375 0.6886812499999999 0.4836666671875 0.6879206250000001 0.48570091875 0.625710625 0.3750835421875 0.6272325000000001 0.3631311609375 0.6886812499999999
1 0.483920634375 0.6879206250000001 0.604202171875 0.6879206250000001 0.5940300749999999 0.62628125 0.48544695000000004 0.62628125 0.483920634375 0.6879206250000001
1 0.6049649125000001 0.688300625 0.726262321875 0.688110625 0.7038847125000001 0.6270425000000001 0.595046784375 0.62628125 0.6049649125000001 0.688300625
1 0.7270258984375 0.687159375 0.8478153718750001 0.690013125 0.8137393484375 0.6302768750000001 0.705411028125 0.628754375 0.7270258984375 0.687159375
1 0.8485781125 0.690203125 0.97165580625 0.68468625 0.9241035921874999 0.6230475 0.8137393484375 0.6297056249999999 0.8485781125 0.690203125
1 0.848069340625 0.690964375 0.8900275687500001 0.7638275 0.999164578125 0.76306625 0.9703842937499999 0.684305625 0.848069340625 0.690964375
1 0.7257543859375 0.68773 0.7519465328125 0.76306625 0.8897736 0.7636375 0.84756056875 0.6903937499999999 0.7257543859375 0.68773
1 0.6049649125000001 0.6879206250000001 0.6171704265625 0.761925 0.7519465328125 0.762115 0.7265171265625 0.688110625 0.6049649125000001 0.6879206250000001
1 0.483920634375 0.68849125 0.4821411859375 0.762115 0.6179340015625 0.761925 0.60521888125 0.68773 0.483920634375 0.68849125
1 0.3636399328125 0.68849125 0.3483826234375 0.7628762499999999 0.48290392656250003 0.76268625 0.4834118625 0.6873493749999999 0.3636399328125 0.68849125
1 0.24335923125 0.689251875 0.2138613203125 0.765349375 0.3483826234375 0.763446875 0.3641487046875 0.68849125 0.24335923125 0.689251875
1 0.125875521875 0.693246875 0.081119465625 0.7678225000000001 0.21436925625 0.76573 0.24361320000000003 0.689251875 0.125875521875 0.693246875
1 0.12485797812499999 0.694198125 0.0053400171875 0.6799299999999999 0 0.761354375 0.07959398437500001 0.7676325 0.12485797812499999 0.694198125
0 0.7947944859375 0.38576 0.1969039265625 0.38007625 0 0.7779725 0.995989975 0.7779725 0.7947944859375 0.38576