1 0.8655149468750001 0.6194941875 0.7713230656250001 0.6447790125 0.7809974890625 0.7065017953125 0.87595881875 0.679416046875 0.8655149468750001 0.6194941875
1 0.69569114375 0.7268168734375 0.78112801875 0.70725070625 0.7724851312500001 0.645225778125 0.6834471140625 0.6689978437499999 0.69569114375 0.7268168734375
1 0.6075540312500001 0.749537284375 0.6954300859375 0.725319053125 0.6812545453125 0.6688541828125001 0.5967323015625 0.6936630828125 0.6075540312500001 0.749537284375
1 0.5243227328125 0.775542346875 0.608584640625 0.74923478125 0.5959619265625 0.69546365 0.5124702906249999 0.7199700484375 0.5243227328125 0.775542346875
1 0.4423831015625 0.8027427250000001 0.5263839499999999 0.7749373390625001 0.5113083296875 0.7195238828125 0.42794722343749997 0.744779190625 0.4423831015625 0.8027427250000001
1 0.35902199375 0.827998034375 0.444314509375 0.8013879656249999 0.4280777515625 0.7455281015625 0.34587706093750004 0.7712306609375 0.35902199375 0.827998034375
1 0.34445476249999996 0.76928583125 0.259031615625 0.7951463890625 0.27333779062499997 0.8523607703125 0.356698790625 0.8271048625 0.34445476249999996 0.76928583125
1 0.2594233078125 0.7973937203125 0.180054103125 0.8206901046875 0.1880451703125 0.8789702374999999 0.27256741406249996 0.8541613375000001 0.2594233078125 0.7973937203125
1 0.7669468671875 0.588587371875 0.774415715625 0.6438712609375 0.8653844203125001 0.6187452765625 0.8599776125 0.5628561375000001 0.7669468671875 0.588587371875
1 0.6834471140625 0.6689978437499999 0.7733851078125 0.6441737640625 0.767208028125 0.5900857921875 0.674178109375 0.6158167828125001 0.6834471140625 0.6689978437499999
1 0.59802396875 0.6948584 0.68473878125 0.6701931625 0.6753392453125 0.6162631890625 0.585531784375 0.64183618125 0.59802396875 0.6948584
1 0.5113083296875 0.7195238828125 0.59802396875 0.6948584 0.5866929203125 0.6422825890625 0.4998475765625 0.6661989171875 0.5113083296875 0.7195238828125
1 0.426916615625 0.74508169375 0.5124702906249999 0.7199700484375 0.49778636093750006 0.6668039234375 0.41120125312500005 0.6922183140625 0.426916615625 0.74508169375
1 0.344846453125 0.7715331640625 0.4280777515625 0.7455281015625 0.41120125312500005 0.6922183140625 0.3268087125 0.71777636875 0.344846453125 0.7715331640625
1 0.2616150515625 0.797537625 0.3435546828125 0.7703372453124999 0.326939240625 0.71852528125 0.23958551093749997 0.745740353125 0.2616150515625 0.797537625
1 0.1788929671875 0.8202436984375 0.2623846015625 0.7957373 0.2404855890625 0.744688940625 0.1572541875 0.7706934015625 0.1788929671875 0.8202436984375
1 0.76716725 0.5898418671875 0.8598419406250001 0.562640065625 0.8541194750000001 0.50143638125 0.7585623890625001 0.529124959375 0.76716725 0.5898418671875
1 0.676606775 0.614986059375 0.7670481125 0.5891583125000001 0.758681525 0.5298085140625 0.6655365015625 0.557148365625 0.676606775 0.614986059375
1 0.5868136546875 0.641701325 0.6759576296875001 0.6140981812499999 0.6660076593750001 0.557010071875 0.5746248296875 0.5831141640624999 0.5868136546875 0.641701325
1 0.49866524375 0.6664967921875 0.586224184375 0.641155825 0.5746843984375001 0.5834559406250001 0.4838918671875 0.610105290625 0.49866524375 0.6664967921875
1 0.4127555765625 0.6927907125 0.49919514375 0.6667005171875 0.483421534375 0.61024334375 0.39668961875000003 0.6374977625 0.4127555765625 0.6927907125
1 0.3277270109375 0.7184667515625 0.41263643906249997 0.692107159375 0.3962788546875 0.637977590625 0.3092498171875 0.6635222859375001 0.3277270109375 0.7184667515625
1 0.2412270484375 0.7442154140625 0.3272566765625 0.7186048046875 0.3087190890625 0.6633188031249999 0.22274985468750003 0.6892709453125 0.2412270484375 0.7442154140625
1 0.158319021875 0.770706709375 0.24134618749999998 0.744898965625 0.22180918749999998 0.68954705 0.1343748796875 0.7184446796875 0.158319021875 0.770706709375
1 0.750839346875 0.467789328125 0.760033784375 0.5290523375 0.854530240625 0.500956553125 0.8499208265625 0.43762922968750007 0.750839346875 0.467789328125
1 0.665888521875 0.5563265187499999 0.75950388125 0.5288486125 0.750779778125 0.46744755312499997 0.655402221875 0.49616121875 0.665888521875 0.5563265187499999
1 0.5742140671875 0.5835939921875 0.6655365015625 0.557148365625 0.6548714953125 0.49595773593750003 0.5613753781249999 0.52411979375 0.5742140671875 0.5835939921875
1 0.4844813390625 0.61065079375 0.5742736359375 0.58393576875 0.5608453718749999 0.5239154687500001 0.4692314140625 0.551525078125 0.4844813390625 0.61065079375
1 0.3967491875 0.637839540625 0.4844813390625 0.61065079375 0.46935055156249994 0.5522086328125 0.3795574296875 0.5789238984375 0.3967491875 0.637839540625
1 0.30877865625 0.663660578125 0.39668961875000003 0.6374977625 0.3795574296875 0.5789238984375 0.290414171875 0.6065262015624999 0.30877865625 0.663660578125
1 0.2229285625 0.690296275 0.30972015 0.6633842328124999 0.2894139390625 0.6064605265624999 0.2016826109375 0.6336490312499999 0.2229285625 0.690296275
1 0.1361568765625 0.719442503125 0.222353059375 0.690149425 0.2018595640625 0.6331962328125 0.11183977812499998 0.6623831890625 0.1361568765625 0.719442503125
1 0.08862808125 0.6043855234375 0.1126952953125 0.6624396578125 0.1997977859375 0.63349445625 0.17945155937499999 0.57496266875 0.08862808125 0.6043855234375
1 0.17904971249999999 0.57508061875 0.20145771875000001 0.6333141828125 0.2897721984375 0.6064707125 0.27002680625000003 0.5465341484375 0.17904971249999999 0.57508061875
1 0.27002680625000003 0.5465341484375 0.2898740921875 0.60705533125 0.379995771875 0.5784529921875 0.361807590625 0.517751778125 0.27002680625000003 0.5465341484375
1 0.3622094359375 0.5176338281249999 0.379593925 0.5785709437500001 0.4707229796875 0.5509013421875 0.4544437875 0.48902527500000004 0.3622094359375 0.5176338281249999
1 0.4544437875 0.48902527500000004 0.46956751093750004 0.5515474421875 0.5612011328125 0.5243442671875 0.5482864546874999 0.45994528125 0.4544437875 0.48902527500000004
1 0.561252028125 0.524636275 0.6555983296875 0.49602235156249996 0.6441899671875 0.43056670781250006 0.5478327828125 0.4597708640625 0.561252028125 0.524636275
1 0.64368633125 0.4301006375 0.6560010015625 0.49590415937500004 0.7503981984375 0.46758224375 0.74210529375 0.40059825781249997 0.64368633125 0.4301006375
1 0.742558034375 0.4007723171875 0.7507491484375 0.46717228437499997 0.850023628125 0.4377263703125 0.8436897796875 0.3698597875 0.742558034375 0.4007723171875
1 0.73375586875 0.33086644062500004 0.7434135515625 0.40082878437499997 0.8433388296875 0.3702697453125 0.8375492984375 0.29825055 0.73375586875 0.33086644062500004
1 0.7237360890625 0.256403009375 0.7342595046875 0.33133250937500003 0.8372493453125 0.2989531171875 0.8307467640624999 0.22284279687500003 0.7237360890625 0.256403009375
1 0.6325732281249999 0.3614869625 0.6434372734375 0.431095215625 0.7430617749999999 0.4012389859375 0.7338067640625 0.3311584484375 0.6325732281249999 0.3614869625
1 0.53445984375 0.392742596875 0.549141040625 0.4600013921875 0.64383911875 0.430977265625 0.6326750171875 0.3620709796875 0.53445984375 0.392742596875
1 0.45494752656250004 0.48949194531250007 0.547985571875 0.4606474921875 0.53445984375 0.392742596875 0.4387590828125 0.42328945156250003 0.45494752656250004 0.48949194531250007
1 0.3622604359375 0.5179264359375 0.45474384375000004 0.48832330781250005 0.4387590828125 0.42328945156250003 0.344112828125 0.45260594374999996 0.3622604359375 0.5179264359375
1 0.269726028125 0.5472369578125 0.3622604359375 0.5179264359375 0.3425546859375 0.4533702359375 0.25007127812499996 0.48297336562500004 0.269726028125 0.5472369578125
1 0.179956125 0.5754290953125001 0.27002680625000003 0.5465341484375 0.250122171875 0.48326537500000005 0.157485975 0.5119918765625 0.179956125 0.5754290953125001
1 0.088174515625 0.6042117078125 0.179956125 0.5754290953125001 0.1562796109375 0.5123459671874999 0.0637970265625 0.54194885625 0.088174515625 0.6042117078125
1 0.03810483125 0.47699989687500005 0.0633943546875 0.542067046875 0.1563815046875 0.5129305859375 0.133351921875 0.446278625 0.03810483125 0.47699989687500005
1 0.15753687031250002 0.5122838859375001 0.25037205625 0.48227055625000004 0.22985709375000002 0.41549502968749996 0.13375459375 0.44616043281250006 0.15753687031250002 0.5122838859375001
1 0.22859983437500003 0.4155571125 0.25042305468750004 0.48256316562499996 0.34300835625000003 0.453544653125 0.3258069109375 0.38395360156249997 0.22859983437500003 0.4155571125
1 0.325455134375 0.3843638015625 0.344163721875 0.45289795312500003 0.4383572359375 0.4234074 0.4226112140625 0.35246767968750004 0.325455134375 0.3843638015625
1 0.42266221249999997 0.3527602890625 0.439263646875 0.423755878125 0.533655325 0.3929787390625 0.520021971875 0.3220328046875 0.42266221249999997 0.3527602890625
1 0.5206228078125 0.320628025 0.53440884375 0.3924499890625 0.6329750734374999 0.36136901250000003 0.6208481421875 0.2893670171875 0.5206228078125 0.320628025
1 0.62009534375 0.28989492656250004 0.63302596875 0.361661021875 0.73360308125 0.3299898125 0.724239725 0.256869078125 0.62009534375 0.28989492656250004
1 0.716678875 0.179534009375 0.7242907234375 0.2571616859375 0.831047646875 0.222140584375 0.8272530515625001 0.1421640484375 0.716678875 0.179534009375
1 0.6203952968750001 0.289192359375 0.72434161875 0.25745369687499997 0.71587435625 0.17977015000000002 0.6088183046875 0.21549357656249998 0.6203952968750001 0.289192359375
1 0.505024771875 0.24810886875 0.5203228546875 0.32133059375 0.6208481421875 0.2893670171875 0.6087164109375001 0.21490895937499999 0.505024771875 0.24810886875
1 0.40419870625 0.28077525312499996 0.4217566234375 0.35241157031250003 0.5202209609375 0.3207459765625 0.5050756671875 0.2484008765625 0.40419870625 0.28077525312499996
1 0.30508264375 0.313553615625 0.32595969999999996 0.3848302265625 0.4226112140625 0.35246767968750004 0.40460055156249997 0.28065730312500003 0.30508264375 0.313553615625
1 0.229755303125 0.4149110125 0.3259087 0.38453761875 0.304731690625 0.313963575 0.20410930781249997 0.34779859687500003 0.229755303125 0.4149110125
1 0.1340036515625 0.44516585624999994 0.22935263125 0.41502920468750004 0.204058309375 0.3475059875 0.10509503281250002 0.381160978125 0.1340036515625 0.44516585624999994
1 0.038404782812499996 0.476297328125 0.13415643906250002 0.44604248437500005 0.104290515625 0.3813971203125 0.0055716 0.41160206875 0.038404782812499996 0.476297328125
0 0 0.49917570156249996 0.1573459828125 0.90160901875 0.9107872359375 0.68703276875 0.85995423125 0.104954815625 0 0.3986945671875 0 0.49917570156249996