1 0.16952 0.18160066875 0.16063125 0.24986967343750002 0.237975 0.24902506249999998 0.244920625 0.18272514687500002 0.16952 0.18160066875
1 0.2438575 0.1820651625 0.237659375 0.2477585625 0.31279375 0.246069340625 0.315635 0.18525898125 0.2438575 0.1820651625
1 0.38572125 0.1812907265625 0.31541625 0.18531578906249999 0.312165625 0.245478696875 0.38730000000000003 0.24125563906249997 0.38572125 0.1812907265625
1 0.385585 0.18160066875 0.386984375 0.24125563906249997 0.45833 0.23787719375 0.45233187499999994 0.1732665 0.385585 0.18160066875
1 0.38666875 0.2408337515625 0.386984375 0.3012213875 0.46464375 0.2961537171875 0.45864625 0.23787719375 0.38666875 0.2408337515625
1 0.31229 0.24567752656250003 0.309324375 0.3079782796875 0.38730000000000003 0.3012213875 0.38666875 0.24125563906249997 0.31229 0.24567752656250003
1 0.238646875 0.2475346703125 0.229139375 0.3109340015625 0.31027187500000003 0.308822890625 0.312796875 0.245056809375 0.238646875 0.2475346703125
1 0.16083562499999998 0.2503208015625 0.14548125 0.3122013359375 0.229770625 0.3117786125 0.238294375 0.24885714218750002 0.16083562499999998 0.2503208015625
1 0.529014375 0.2318195484375 0.458538125 0.23856641562499997 0.464665 0.2956850453125 0.53913375 0.288395990625 0.529014375 0.2318195484375
1 0.45225687499999995 0.17177944843749998 0.45843749999999994 0.23806766875 0.529533125 0.23216708437500003 0.521749375 0.16621888125 0.45225687499999995 0.17177944843749998
1 0.521351875 0.16681787812499999 0.5297931250000001 0.2318195484375 0.59959125 0.22453049218749999 0.58609875 0.1627485375 0.521351875 0.16681787812499999
1 0.58644875 0.16147535468750002 0.5988131250000001 0.22591896406249998 0.6680925 0.217588971875 0.6535618750000001 0.1599715953125 0.58644875 0.16147535468750002
1 0.5992968750000001 0.22482706718749998 0.61438125 0.2804126984375 0.687553125 0.27312364218749996 0.6680925 0.21689473750000002 0.5992968750000001 0.22482706718749998
1 0.52934625 0.23246031718750002 0.540171875 0.289090225 0.614640625 0.2804126984375 0.599850625 0.22487802812500002 0.52934625 0.23246031718750002
1 0.66761125 0.21812280624999997 0.737879375 0.2040342515625 0.71678125 0.1552380953125 0.6526975 0.1597218046875 0.66761125 0.21812280624999997
1 0.668045 0.21725313281249997 0.68740125 0.273403509375 0.7615406250000001 0.262061821875 0.736893125 0.20324310781250002 0.668045 0.21725313281249997
1 0.53957375 0.2889465328125 0.5512662500000001 0.3525071015625 0.63158 0.34431578906250004 0.6148575000000001 0.280044278125 0.53957375 0.2889465328125
1 0.61447125 0.2806324140625 0.631815625 0.344945696875 0.70977375 0.3361236421875 0.688105625 0.2734277359375 0.61447125 0.2806324140625
1 0.68787 0.2724828734375 0.709066875 0.3351787796875 0.787731875 0.3222614875 0.7613531250000001 0.2620860484375 0.68787 0.2724828734375
1 0.7098424999999999 0.3364051796875 0.735445625 0.4089014203125 0.8185856250000001 0.3962999171875 0.78726125 0.322576440625 0.7098424999999999 0.3364051796875
1 0.631316875 0.34402589843750003 0.651128125 0.416777778125 0.734975 0.4076416046875 0.708831875 0.3358086890625 0.631316875 0.34402589843750003
1 0.551495625 0.3519933171875 0.565161875 0.4259147875 0.6506575 0.4189832921875 0.6304025 0.3436850453125 0.551495625 0.3519933171875
1 0.309374375 0.308563909375 0.30488875000000004 0.3762481203125 0.388303125 0.3683717625 0.3875675 0.30043859687499996 0.309374375 0.308563909375
1 0.3876625 0.30134669999999997 0.38903937499999997 0.36673099374999996 0.4712275 0.3601679203125 0.46435812500000007 0.2958437765625 0.3876625 0.30134669999999997
1 0.46487125 0.29557310000000003 0.47147249999999996 0.3601679203125 0.5526793750000001 0.3516349203125 0.5396762500000001 0.2889515453125 0.46487125 0.29557310000000003
1 0.470981875 0.359511278125 0.47956875 0.43466499531249997 0.56519125 0.425476190625 0.5509618749999999 0.3506499578125 0.470981875 0.359511278125
1 0.38804500000000003 0.3680392640625 0.39049812500000003 0.44549039218750003 0.478574375 0.43630158750000003 0.47121375 0.3598345859375 0.38804500000000003 0.3680392640625
1 0.30451562499999996 0.3764026734375 0.2989875 0.4540233921875 0.39147937499999996 0.44647535468750005 0.38902625 0.3680392640625 0.30451562499999996 0.3764026734375
1 0.22919687500000002 0.312172096875 0.218620625 0.380611528125 0.30473374999999997 0.37601670781249996 0.309640625 0.308411028125 0.22919687500000002 0.312172096875
1 0.145239375 0.31145029218750003 0.1293175 0.383236425 0.217884375 0.38093984999999997 0.22917 0.3113650796875 0.145239375 0.31145029218750003
1 0.129581875 0.38253717656249997 0.10944562499999999 0.46692314062499995 0.207335 0.459703425 0.217884375 0.38093984999999997 0.129581875 0.38253717656249997
1 0.218865625 0.38093984999999997 0.20651999999999998 0.46048036718749996 0.298845625 0.4551086046875 0.305960625 0.37536006718750003 0.218865625 0.38093984999999997
1 0.20706000000000002 0.461202171875 0.191388125 0.5545480375 0.293203125 0.5450309109375 0.29909125 0.45412447812499995 0.20706000000000002 0.461202171875
1 0.110145 0.4666148703125 0.087539375 0.565219715625 0.19205250000000001 0.5550459484375 0.2062825 0.46184210468750003 0.110145 0.4666148703125
1 0.392410625 0.5347393484375 0.39118375 0.44645781093750003 0.299428125 0.4536783625 0.292313125 0.5452414375 0.392410625 0.5347393484375
1 0.47803312499999995 0.43595655781250003 0.3906325 0.446046784375 0.39192 0.53408270625 0.48784687499999996 0.5229248125 0.47803312499999995 0.43595655781250003
1 0.47881625000000005 0.43595154531249997 0.4869125 0.5232481203125 0.581366875 0.5127460312500001 0.565175 0.42610609843749997 0.47881625000000005 0.43595154531249997
1 0.565565625 0.4258387640625 0.58119625 0.512066834375 0.67393375 0.5028771937500001 0.6508725 0.4185346703125 0.565565625 0.4258387640625
1 0.651608125 0.41787802812499997 0.673198125 0.503533834375 0.7654449999999999 0.491390978125 0.7352681249999999 0.407375940625 0.651608125 0.41787802812499997
1 0.73537 0.40815789531249996 0.764463125 0.4917192984375 0.855238125 0.4789198 0.820155 0.39687468593749997 0.73537 0.40815789531249996
1 0.764525625 0.4915129484375 0.7999875000000001 0.5912414375 0.8971406249999999 0.577129490625 0.855188125 0.48097243125 0.764525625 0.4915129484375
1 0.673279375 0.5023383453125 0.701129375 0.6030175437499999 0.7995099999999999 0.5912030078125 0.76442625 0.49176357499999995 0.673279375 0.5023383453125
1 0.581659375 0.5127593984375001 0.601040625 0.616137009375 0.702119375 0.6039941515625 0.672924375 0.502257309375 0.581659375 0.5127593984375001
1 0.48754749999999997 0.5232681703125001 0.498884375 0.626598996875 0.600454375 0.6164252296875 0.581563125 0.512390978125 0.48754749999999997 0.5232681703125001
1 0.39176 0.5353249796874999 0.393968125 0.64264076875 0.49799125 0.6275446953125 0.48744125 0.521541353125 0.39176 0.5353249796874999
1 0.293006875 0.545227234375 0.286598125 0.655553884375 0.39415125 0.6421353390625 0.3919225 0.5351637421875 0.293006875 0.545227234375
1 0.192545625 0.55535421875 0.176433125 0.6679649125 0.28705125 0.6552923984375 0.29318125 0.5442205515625 0.192545625 0.55535421875
1 0.087995625 0.5643700921875 0.06072999999999999 0.680521303125 0.176363125 0.6697117796875001 0.192524375 0.5552756890625 0.087995625 0.5643700921875
1 0.061978124999999995 0.6806574765625 0.032443125 0.824528821875 0.15727125 0.808129490625 0.17566125 0.669847953125 0.061978124999999995 0.6806574765625
1 0.287115625 0.6553116125 0.17621875 0.668730159375 0.15727125 0.8096198828125001 0.2784775 0.7906106937499999 0.287115625 0.6553116125
1 0.396946875 0.7758061828125 0.393603125 0.6423709265624999 0.28660687500000004 0.6550434421875 0.278805625 0.791461153125 0.396946875 0.7758061828125
1 0.49761187500000004 0.6273132828125 0.394288125 0.643056809375 0.39674624999999997 0.7760309109375 0.51098625 0.7570217203125 0.49761187500000004 0.6273132828125
1 0.49853125 0.626663325 0.511889375 0.7595580625 0.62334375 0.7439039265625 0.600495625 0.6164319125 0.49853125 0.626663325
1 0.7329931249999999 0.726395990625 0.7012287500000001 0.6030242265625 0.6003625 0.6156967421874999 0.622931875 0.7439147875 0.7329931249999999 0.726395990625
1 0.70180625 0.60371345 0.73353125 0.727890559375 0.840805625 0.7122364250000001 0.799568125 0.590727653125 0.70180625 0.60371345
1 0.799918125 0.5918287390625 0.841363125 0.7122364250000001 0.947244375 0.6950910609375 0.89709 0.5776825390625 0.799918125 0.5918287390625
1 0.8406956250000001 0.71272598125 0.8929106250000001 0.83896240625 0.999375 0.8154812031249999 0.945590625 0.693227234375 0.8406956250000001 0.71272598125
1 0.733079375 0.7266599828125 0.772836875 0.8657986640625 0.894600625 0.83896240625 0.840545 0.712609021875 0.733079375 0.7266599828125
1 0.623316875 0.742643275 0.651291875 0.886528821875 0.772498125 0.8652832078125 0.733210625 0.7270025062500001 0.623316875 0.742643275
1 0.512253125 0.7586842109374999 0.5278562499999999 0.9014377609374999 0.651013125 0.8861562234375 0.62231375 0.74228404375 0.512253125 0.7586842109374999
1 0.3970475 0.7750192140625 0.3977125 0.91877109375 0.527278125 0.9005071015624999 0.511953125 0.7588721796875 0.3970475 0.7750192140625
1 0.279006875 0.7905931500000001 0.26536125 0.9385254796875 0.3988275 0.918398496875 0.397155625 0.7748989140625 0.279006875 0.7905931500000001
1 0.157286875 0.8078053468749999 0.1310225 0.9578863828124999 0.26560375 0.938131996875 0.278420625 0.792395990625 0.157286875 0.8078053468749999
1 0.15749312499999998 0.8091687546875 0.032194375 0.8246081875 0 0.9787585625 0.13158 0.9590041765624999 0.15749312499999998 0.8091687546875
0 0.7351656249999999 0.1284895578125 0.1417475 0.1444402671875 0.00489125 0.9807685875000001 0.999375 0.8164101921875 0.7351656249999999 0.1284895578125