1 0.5160789109375 0.4229022953125 0.542131709375 0.511052490625 0.5811140765625 0.501067009375 0.5537478015625 0.40639253281250004 0.5160789109375 0.4229022953125
1 0.5176426843749999 0.7554577640625 0.5224459703125001 0.8258239421875 0.556133365625 0.8400699421875 0.548937603125 0.7616639546874999 0.5176426843749999 0.7554577640625
1 0.49386811249999996 0.6809871421875 0.517493265625 0.75495565625 0.5486385109375 0.76065886875 0.5238169890625 0.6826700140625 0.49386811249999996 0.6809871421875
1 0.47069146875 0.60852581875 0.492523109375 0.6791786828124999 0.523443903125 0.6827707828125 0.502655184375 0.6047795 0.47069146875 0.60852581875
1 0.448956315625 0.534032725 0.47115152968749996 0.6086187328125 0.5015348796875 0.6050501234375 0.47778343124999995 0.5274059078125 0.448956315625 0.534032725
1 0.4543108921875 0.44997592343750004 0.42747933906249996 0.460411925 0.448956315625 0.534032725 0.4776640375 0.52772771875 0.4543108921875 0.44997592343750004
1 0.4064006671875 0.38668354531250004 0.4275187171875 0.45982121875 0.4541513765625 0.449439878125 0.43271232031249995 0.37088059218749997 0.4064006671875 0.38668354531250004
1 0.38615963125 0.31359855937500003 0.4062408921875 0.3861466296875 0.4321142171875 0.3710421359375 0.41051600156249995 0.293396415625 0.38615963125 0.31359855937500003
1 0.360176290625 0.23858599531250002 0.386438540625 0.313812790625 0.41039651250000003 0.29226949062499996 0.3814216546875 0.2166152109375 0.360176290625 0.23858599531250002
1 0.5556829750000001 0.8391245234375001 0.5948843734375 0.8528853015625 0.5816975125 0.7680394859375 0.5489177375 0.76066054375 0.5556829750000001 0.8391245234375001
1 0.5486782046875 0.75985560625 0.58301385625 0.76884315 0.556787778125 0.6857798749999999 0.5233726265625 0.683500784375 0.5486782046875 0.75985560625
1 0.5016539171875001 0.603278703125 0.523890971875 0.6830712171875 0.5571073265625001 0.6868537046875 0.5334337234375 0.6022313875 0.5016539171875001 0.603278703125
1 0.5330178640625001 0.6020522640625 0.5079906921874999 0.5190083234375 0.477750284375 0.5284471390625 0.5021340546874999 0.6061574859375 0.5330178640625001 0.6020522640625
1 0.5081655203125 0.5185370984375 0.48232328750000003 0.4369843765625 0.45342390468750005 0.4498732796875 0.478216078125 0.527897325 0.5081655203125 0.5185370984375
1 0.48308005 0.436355975 0.45980127812499993 0.352839803125 0.43241949531249996 0.37082618125 0.45499721718749997 0.44987140312499996 0.48308005 0.436355975
1 0.46009289375 0.352761040625 0.437280175 0.2686959265625 0.4100165359375 0.2934269625 0.4328269953125 0.3711391859375 0.46009289375 0.352761040625
1 0.43698855937500003 0.2687746890625 0.407067590625 0.1883236078125 0.380329725 0.21587785625000003 0.4103658015625 0.29248555625 0.43698855937500003 0.2687746890625
1 0.5821388703125 0.76712115625 0.59667675 0.8508800375 0.6395710625000001 0.8680996734375 0.62374896875 0.777910140625 0.5821388703125 0.76712115625
1 0.6229330671875 0.777283440625 0.5958063578125 0.6892992 0.5574035078125 0.686116546875 0.5827807843749999 0.7703370031250001 0.6229330671875 0.777283440625
1 0.595451415625 0.6883552671875 0.5689280203125 0.5999382546875001 0.533380328125 0.6026716953125 0.55679225625 0.6856329421875 0.595451415625 0.6883552671875
1 0.5686520875000001 0.5997269796875 0.5422857859375 0.5104082437499999 0.507291621875 0.5192883312500001 0.5336164046875 0.6020353843749999 0.5686520875000001 0.5997269796875
1 0.5424434890625001 0.5109381984375 0.516155521875 0.4218850484375 0.4825015375 0.4366983765625 0.5079606875 0.519393425 0.5424434890625001 0.5109381984375
1 0.515801253125 0.42140818593749996 0.4907736015625 0.3323013796875 0.4594439171875 0.352782140625 0.48222624999999997 0.43648692499999997 0.515801253125 0.42140818593749996
1 0.45979818437500003 0.3532590046875 0.4906551109375 0.3326191859375 0.4672417828125 0.24393471406249997 0.437527475 0.2691302296875 0.45979818437500003 0.3532590046875
1 0.4672806453125 0.24335166875 0.439142575 0.153081515625 0.406519159375 0.18850652031249998 0.43748861093749997 0.26971327343749996 0.4672806453125 0.24335166875
1 0.501558946875 0.21205819531249998 0.47148945 0.1160135546875 0.437962240625 0.15483121718749998 0.4668081453125 0.24319348437500002 0.501558946875 0.21205819531249998
1 0.5525254453125 0.40547981093749996 0.5249358125 0.308479571875 0.490931303125 0.3328313328125 0.51595895625 0.4219381390625 0.5525254453125 0.40547981093749996
1 0.5250931640625 0.3075787203125 0.4998267796875 0.21195349531250002 0.46700535781249997 0.24314021874999997 0.4906551109375 0.3326191859375 0.5250931640625 0.3075787203125
1 0.610971134375 0.5968813453124999 0.5815321 0.5015257140625 0.5422861359375 0.5118390500000001 0.5688492984375 0.5996737140625 0.610971134375 0.5968813453124999
1 0.6393475859375 0.6922391078125 0.6110102562499999 0.5962991703125 0.56825895625 0.5998331609374999 0.59537304375 0.6895215328125001 0.6393475859375 0.6922391078125
1 0.67008515 0.7869582109375 0.6395050296875 0.6927681921875 0.595412553125 0.6889383125 0.6222118828125 0.7775666015625 0.67008515 0.7869582109375
1 0.6908639578125 0.8832220124999999 0.67008515 0.7869582109375 0.6225262921875 0.777195878125 0.6388548562499999 0.8677939 0.6908639578125 0.8832220124999999
1 0.7512208921875 0.9052675812500001 0.7233529625 0.79947035625 0.6697308828125 0.7864813484375001 0.690904428125 0.885501275 0.7512208921875 0.9052675812500001
1 0.7235892953125 0.798834915625 0.6896596374999999 0.696964178125 0.6398592984375 0.6932450546875 0.6699673078124999 0.78727584375 0.7235892953125 0.798834915625
1 0.69021111875 0.6973877749999999 0.6591155 0.593608365625 0.61152196875 0.5973051171875 0.6397805765625 0.6929805140624999 0.69021111875 0.6973877749999999
1 0.6591155 0.593608365625 0.6242411390625 0.48999027812499996 0.5807054218750001 0.502320603125 0.61124668125 0.5970936640625 0.6591155 0.593608365625
1 0.6255400578125 0.4893527046875 0.5950746421875001 0.38626143281249997 0.5518168703125 0.40595793750000003 0.5807445437500001 0.5017384265625 0.6255400578125 0.4893527046875
1 0.5953894390625 0.385889665625 0.5653958234375 0.28009496562499997 0.5250145328125 0.3087441125 0.5524467234375 0.40521526874999997 0.5953894390625 0.385889665625
1 0.5657102328125 0.2797242421875 0.539535959375 0.176045571875 0.5012840093750001 0.2132775515625 0.5249358125 0.308479571875 0.5657102328125 0.2797242421875
1 0.5389844781249999 0.175621975 0.5033626796874999 0.07306505625000001 0.47129323437500004 0.117497453125 0.50112630625 0.21274759687499997 0.5389844781249999 0.175621975
1 0.539181690625 0.175568709375 0.583219084375 0.13276815625 0.54062561875 0.020361228125 0.50198443125 0.0720064109375 0.539181690625 0.175568709375
1 0.5654350375 0.280942728125 0.6142397796875 0.2491601078125 0.582471296875 0.132398521875 0.5388668937500001 0.1759404765625 0.5654350375 0.280942728125
1 0.5951530140625 0.38509516875 0.6470706640625 0.3630596890625 0.6138456515625 0.2478356578125 0.5655535265625 0.2806249203125 0.5951530140625 0.38509516875
1 0.6263279640625 0.49057079843749996 0.6799413171875 0.476376921875 0.6467555171875 0.3620006515625 0.594444440625 0.3855732953125 0.6263279640625 0.49057079843749996
1 0.6585646656249999 0.59318459375 0.715212296875 0.5899032531249999 0.6795475390625 0.4764832796875 0.6252651203124999 0.490572059375 0.6585646656249999 0.59318459375
1 0.6898572 0.6983417203125 0.7510350531250001 0.7024222015625 0.7161575546875001 0.59022049375 0.6583285921875001 0.5938209046875 0.6898572 0.6983417203125
1 0.7231554 0.798092815625 0.786069865625 0.8151549062500001 0.7498934890625 0.702158921875 0.6891094125 0.6979720828125 0.7231554 0.798092815625
1 0.7512603999999999 0.9046843609374999 0.8136657359375 0.9307542375000001 0.786660209375 0.814995459375 0.7238257203125 0.7996294125000001 0.7512603999999999 0.9046843609374999
1 0.8289515140624999 0.9369343390625 0.8770680562500001 0.9239383734375 0.8609130687500001 0.8330010859374999 0.787211690625 0.8154190578125 0.813350590625 0.9296951984374999 0.8289515140624999 0.9369343390625
1 0.8611883546874999 0.8332125359375 0.8212290984375 0.710363621875 0.750090403125 0.7035366375 0.7870938484375001 0.8157366890625 0.8611883546874999 0.8332125359375
1 0.8210717484375 0.7112644734375 0.783119503125 0.5858709671875 0.7158425 0.5905913921875 0.750760465625 0.7050723640625 0.8210717484375 0.7112644734375
1 0.7829621515625 0.5867718203125001 0.7448130843749999 0.4614305359375 0.6798228281250001 0.47669472968750004 0.7156851468750001 0.5914922453125 0.7829621515625 0.5867718203125001
1 0.7447343625 0.46116599375 0.7074509250000001 0.3358767125 0.6468345890625 0.363696 0.680491890625 0.4767998234375 0.7447343625 0.46116599375
1 0.7076076296875 0.3349760328125 0.6698127406250001 0.208681675 0.6135707140625 0.249055015625 0.6465194421875 0.3626369625 0.7076076296875 0.3349760328125
1 0.668591934375 0.2081521140625 0.6341034171875 0.08153633593750001 0.5828654249999999 0.1337229703125 0.6148686359375 0.246986809375 0.668591934375 0.2081521140625
1 0.5564417640625 0 0.541176840625 0.02078395625 0.5822744359375001 0.13388259375 0.6340635578125 0.0806887484375 0.60612409375 0 0.5564417640625 0
1 0.6061010359375001 0 0.635008815625 0.08100598906249999 0.6973840578125 0.016940982812499998 0.6922157453125 0 0.6061010359375001 0
1 0.66957640625 0.209317115625 0.739397215625 0.1609835328125 0.6972662140625 0.017258615625 0.6345761750000001 0.081695390625 0.66957640625 0.209317115625
1 0.7072145 0.335082215625 0.77999281875 0.301689740625 0.73841309375 0.16124933749999998 0.669733759375 0.20841626406249997 0.7072145 0.335082215625
1 0.7453247046875 0.46100654687500003 0.8220441390625 0.44228763281249994 0.7797561359375 0.300894375 0.706938565625 0.3348709390625 0.7453247046875 0.46100654687500003
1 0.7826078843750001 0.5862949578125 0.8642925796875 0.5814023234375 0.822398703125 0.4413335140625 0.744301075 0.46185557031249996 0.7826078843750001 0.5862949578125
1 0.8206779703124999 0.7113708296875 0.9085484750000001 0.7208331640625001 0.864882921875 0.5812428749999999 0.7824501796875001 0.585765003125 0.8206779703124999 0.7113708296875
1 0.8612272171875001 0.832629490625 0.9522527953125 0.8584104734375 0.9087848078125 0.720197725 0.8205992468750001 0.7111062890625 0.8612272171875001 0.832629490625
1 0.9613573093750001 0.9011723921874999 0.95252908125 0.86005255625 0.8625267453125 0.8334235937500001 0.878175084375 0.923639371875 0.9613573093750001 0.9011723921874999
0 0.5743927484375 0 0.335771428125 0.22178113437500002 0.515218259375 0.8461521796874999 0.8896294375 0.9205456249999999 0.975209228125 0.8974310781250001 0.708152746875 0 0.5743927484375 0