1 0.9069730828125 0.964315784375 0.96216455 0.9545517374999999 0.9367790375 0.8559612281250001 0.8106775125000001 0.8353691640625 0.839974196875 0.9461244125 0.9069730828125 0.964315784375
1 0.9358838546875001 0.856119596875 0.9025796265625001 0.732954834375 0.7782756625 0.723390865625 0.8101462625 0.8351086703125 0.9358838546875001 0.856119596875
1 0.9018411499999999 0.733746003125 0.8653166890625 0.6051241109375 0.7477357375 0.6113885125 0.77881219375 0.7233815828125 0.9018411499999999 0.733746003125
1 0.86602785625 0.605741646875 0.831350328125 0.47891987968749994 0.7166027875000001 0.49851046875 0.747784340625 0.6126111125 0.86602785625 0.605741646875
1 0.830385240625 0.47975885937499996 0.79179129375 0.3522113390625 0.6846613968749999 0.38747343125 0.7161085046875 0.499224040625 0.830385240625 0.47975885937499996
1 0.76369635625 0.2225277453125 0.6577501671875 0.273889225 0.6857874859375 0.387157690625 0.7936181265625 0.3508998234375 0.76369635625 0.2225277453125
1 0.6849501640625 0.387497453125 0.5864621953125 0.418039678125 0.6142094921875 0.51920190625 0.7163471312499999 0.501072140625 0.6849501640625 0.387497453125
1 0.6564919328125 0.2744663015625 0.5622337296875 0.3145421953125 0.5875529484375 0.41678257343749997 0.6845030140625 0.3875765578125 0.6564919328125 0.2744663015625
1 0.7169898484375 0.49989429999999996 0.6131246328125 0.520042421875 0.6429224640625 0.6206285 0.749197015625 0.612971175 0.7169898484375 0.49989429999999996
1 0.7464673109375 0.6126335296875001 0.6430134078124999 0.620111225 0.6722358046875 0.7197321609375 0.7787130140625 0.7232348765625 0.7464673109375 0.6126335296875001
1 0.7788824265625001 0.723456196875 0.6727606890625 0.7196161390625 0.7018518546875 0.8193080203124999 0.8110107984375 0.8354983203125 0.7788824265625001 0.723456196875
1 0.839149678125 0.9455865937500001 0.8100136875 0.8350099859375 0.70231064375 0.8194774453125 0.72628008125 0.9218393921875 0.839149678125 0.9455865937500001
1 0.7637054578125 0.22157922187499998 0.7361066125 0.092439609375 0.6315200484375 0.15849846875 0.657450934375 0.274233465625 0.7637054578125 0.22157922187499998
1 0.6331290625 0.15850933125 0.7364475421875001 0.09204727812499999 0.720924925 0.026700923437500003 0.6283860640625 0.0232735578125 0.6019350640625001 0.044343503125 0.6331290625 0.15850933125
1 0.516268753125 0.11071292968749999 0.5422521453125 0.2138662515625 0.630759584375 0.15896572343749998 0.6041921593749999 0.044608928125 0.516268753125 0.11071292968749999
1 0.631443446875 0.15864819531250002 0.5417298984375 0.2113095328125 0.564444540625 0.314561009375 0.65780764375 0.273471934375 0.631443446875 0.15864819531250002
1 0.5416684093749999 0.2119942703125 0.46279154375 0.254877475 0.4838580640625 0.348312634375 0.563707621875 0.3143769109375 0.5416684093749999 0.2119942703125
1 0.5157047265625 0.10862197031250001 0.43966207968750004 0.1592774953125 0.46245425625000003 0.25533303749999997 0.5414528625 0.211280628125 0.5157047265625 0.10862197031250001
1 0.5641310765625 0.31459400312499997 0.48262159374999997 0.34913434374999996 0.507872621875 0.441082353125 0.5881896984375 0.41804010468749997 0.5641310765625 0.31459400312499997
1 0.4836503890625 0.3473919328125 0.41567666562500005 0.37571207812499996 0.436040609375 0.46189136875000003 0.50782378125 0.44112398593749996 0.4836503890625 0.3473919328125
1 0.46191474374999997 0.254445771875 0.396823325 0.29052341249999997 0.41553099062500004 0.37480287031250004 0.48393899375 0.3485573328125 0.46191474374999997 0.254445771875
1 0.4403537671875 0.15883855156249999 0.37187125625 0.2045149484375 0.3960568375 0.290473703125 0.462186175 0.25347049374999997 0.4403537671875 0.15883855156249999
1 0.415603928125 0.374638346875 0.35891492812500003 0.3988597859375 0.376111253125 0.479477175 0.43642473125 0.46190483593750004 0.415603928125 0.374638346875
1 0.4151706671875 0.374486165625 0.396560203125 0.290826871875 0.3406468171875 0.320307584375 0.3583278703125 0.399482375 0.4151706671875 0.374486165625
1 0.371749234375 0.20446634062500002 0.31551002499999997 0.2422005109375 0.3406334390625 0.3210111859375 0.396575409375 0.28982462343750004 0.371749234375 0.20446634062500002
1 0.43628938125000005 0.46156728437499994 0.3767262359375 0.4795010421875 0.40039680468750005 0.55766254375 0.459805615625 0.546957959375 0.43628938125000005 0.46156728437499994
1 0.507459096875 0.441580884375 0.43632163593750006 0.46276118750000006 0.459441734375 0.5469963640625 0.5320837328125 0.53357091875 0.507459096875 0.441580884375
1 0.531861509375 0.53386784375 0.45907852031249996 0.5473435015625 0.484929309375 0.6315209578125 0.5574007937500001 0.6252966640625 0.531861509375 0.53386784375
1 0.45948846562499995 0.5468715734375 0.40033158437500005 0.55793660625 0.4236762578125 0.636465315625 0.4846296609375 0.63137461875 0.45948846562499995 0.5468715734375
1 0.6142624484375 0.5183558296874999 0.5309765 0.5340896921875 0.55771221875 0.6257294171875001 0.642772478125 0.61965336875 0.6142624484375 0.5183558296874999
1 0.58819786875 0.4166474203125 0.506934875 0.441617471875 0.531307325 0.533652821875 0.6137260875 0.5186718296875 0.58819786875 0.4166474203125
1 0.633339203125 0.9011724828125001 0.6110009375 0.8077784015624999 0.5357925015625 0.798696125 0.5549885046874999 0.8848728640625 0.633339203125 0.9011724828125001
1 0.7019659796875 0.819459103125 0.6115986046875 0.8076614359375001 0.634394278125 0.9007752468750001 0.7248293484375 0.9213555015624999 0.7019659796875 0.819459103125
1 0.7027552906250001 0.820519071875 0.6724635937500001 0.7205362921875 0.5857290921875 0.7180901015625001 0.611921528125 0.8083757359374999 0.7027552906250001 0.820519071875
1 0.6114905484375 0.8090724937499999 0.5848978375 0.7174952125 0.5099892609375 0.71535258125 0.534923671875 0.7988638703125 0.6114905484375 0.8090724937499999
1 0.6728181328125 0.7199078078125 0.642508621875 0.619935196875 0.5576028078124999 0.62506368125 0.5842944828125 0.71724958125 0.6728181328125 0.7199078078125
1 0.5838757453125 0.7175068671875 0.5580955859375 0.6260757375 0.485635875 0.631750434375 0.5092472828125 0.7155175390624999 0.5838757453125 0.7175068671875
1 0.485224871875 0.6314567359375001 0.422463828125 0.6363316484375 0.44657571249999994 0.71430838125 0.5094107484375 0.7154759859375 0.485224871875 0.6314567359375001
1 0.5096853140625 0.71561061875 0.44614151875 0.7143950218749999 0.470684396875 0.7901075703125 0.5337415125 0.7991024906249999 0.5096853140625 0.71561061875
1 0.47136989375000005 0.7909647953125 0.48858626875000005 0.8692559296875 0.5540485234375 0.8835664937500001 0.5353227734375 0.7987027140625 0.47136989375000005 0.7909647953125
1 0.4306442953125 0.8575233203125 0.4880224765625 0.8699052875 0.47100839531250005 0.7904791328125 0.412962875 0.7843557671875 0.4306442953125 0.8575233203125
1 0.46998240156250004 0.7912102609375 0.445973790625 0.7137550484374999 0.391332884375 0.712430065625 0.41275671562499994 0.7845943984375 0.46998240156250004 0.7912102609375
1 0.42414302656249997 0.637103628125 0.3674819671875 0.641265790625 0.39089474218750003 0.712414925 0.446778084375 0.7138865125 0.42414302656249997 0.637103628125
1 0.40097858906250006 0.557473984375 0.34670581875 0.5683579390625 0.3673854390625 0.6410364875 0.4237597953125 0.6367951875 0.40097858906250006 0.557473984375
1 0.3768819953125 0.47966722187500005 0.3254022703125 0.49500360312499997 0.34726961093750003 0.56770858125 0.4008335328125 0.55786605625 0.3768819953125 0.47966722187500005
1 0.307644203125 0.42131754375 0.26365305 0.43862610156250004 0.279606946875 0.5088970374999999 0.3243799046875 0.49524554062500004 0.307644203125 0.42131754375
1 0.3763520984375 0.48042359531249995 0.3585420328125 0.398757290625 0.3077450734375 0.4207507828125 0.32493682968750004 0.49534846874999994 0.3763520984375 0.48042359531249995
1 0.35858672812500003 0.398344365625 0.3406198109375 0.320918834375 0.2918346125 0.34713585625 0.308304534375 0.42068479999999997 0.35858672812500003 0.398344365625
1 0.31775167187500003 0.2412465984375 0.2693884484375 0.27306763749999996 0.2911001671875 0.346928159375 0.3421949359375 0.32045696874999996 0.31775167187500003 0.2412465984375
1 0.2321459421875 0.30115029843749996 0.24910450312500002 0.37179451874999997 0.2911086421875 0.34656305625 0.26931664375 0.27372190937499996 0.2321459421875 0.30115029843749996
1 0.30853967031249996 0.420787096875 0.290929459375 0.34751148593750003 0.2482505734375 0.37001456093749996 0.2634822421875 0.43801474999999995 0.30853967031249996 0.420787096875
1 0.1931876921875 0.327835703125 0.2081532953125 0.39022324531249997 0.2493875375 0.3698099078125 0.23206119531249997 0.30038262968749996 0.1931876921875 0.327835703125
1 0.24809339375 0.37002552031249997 0.20791127187499997 0.3902386875 0.2225433390625 0.45488089531250003 0.2637582578125 0.439147978125 0.24809339375 0.37002552031249997
1 0.2643767453125 0.438514215625 0.2221537046875 0.4550466953125 0.2385519828125 0.520241225 0.280245834375 0.5084576109375 0.2643767453125 0.438514215625
1 0.28089701875 0.5080342578125 0.2382708234375 0.520628596875 0.2572762078125 0.5846431140624999 0.300496028125 0.576770975 0.28089701875 0.5080342578125
1 0.32484809062500003 0.49471768593750004 0.2797787828125 0.5087213359375 0.3011650359375 0.57687864375 0.347253053125 0.567846984375 0.32484809062500003 0.49471768593750004
1 0.347614071875 0.568435215625 0.299917509375 0.577036171875 0.3206304828125 0.644993909375 0.36797422343749997 0.6411113171875 0.347614071875 0.568435215625
1 0.30133368437499997 0.5777164 0.2569755859375 0.5849033703125001 0.276471009375 0.648982109375 0.321206140625 0.645661390625 0.30133368437499997 0.5777164
1 0.3215162734375 0.6450849843750001 0.27652197031250003 0.649340909375 0.2959355125 0.71233139375 0.341948990625 0.7121685546875 0.3215162734375 0.6450849843750001
1 0.36813713593749997 0.640541303125 0.320741571875 0.6453827828125 0.34204520625 0.7119711359374999 0.3914827453125 0.713389775 0.36813713593749997 0.640541303125
1 0.41358271406249997 0.78549275 0.391851028125 0.713163878125 0.34215175468750003 0.7121326828125001 0.36242535625 0.7801337562499999 0.41358271406249997 0.78549275
1 0.37951435 0.8448481031249999 0.4309472296875 0.8571678953124999 0.41347340624999995 0.784890875 0.36205594375 0.7794929640625 0.37951435 0.8448481031249999
1 0.34209165 0.712360215625 0.29676209375 0.7124371546875 0.315764890625 0.7757880984375001 0.3623617453125 0.7804889609375001 0.34209165 0.712360215625
1 0.3313686734375 0.8324598812499999 0.3791906703125 0.8438545671875 0.3639679203125 0.77957025625 0.3153867015625 0.77510814375 0.3313686734375 0.8324598812499999
0 0.3169461421875 0.8530581968750001 0.81521104375 0.980549615625 0.9646985953125 0.9541034343750001 0.7292839484375 0.0270105171875 0.6000372703125 0.022223603124999998 0.164044403125 0.3091740921875 0.3169461421875 0.8530581968750001