1 0.8034744953124999 0.1268686234375 0.8330125859375 0.0094096375 0.7217145828125 0.0325014078125 0.7053819609375 0.1424489078125 0.8034744953124999 0.1268686234375
1 0.7052613328125 0.1423652984375 0.7217691078125 0.032911075 0.6134248203125 0.063757934375 0.6103585015624999 0.17276169531250002 0.7052613328125 0.1423652984375
1 0.6101579593750001 0.17400555 0.6141010046875001 0.064025990625 0.5077322468750001 0.09526874375 0.5141712296875001 0.199633434375 0.6101579593750001 0.17400555
1 0.6056906546875 0.2628540328125 0.609735125 0.173395903125 0.5132515203125 0.1998997203125 0.5195443234375 0.2860581640625 0.6056906546875 0.2628540328125
1 0.6916234421875 0.2350768890625 0.7054565687500001 0.1430689359375 0.6099380203125 0.17301720781250002 0.6062993421875 0.26171794843749996 0.6916234421875 0.2350768890625
1 0.7812558734375 0.2217742328125 0.8037214828125 0.12614718593750002 0.70492179375 0.142857253125 0.6918263359375 0.23469819374999998 0.7812558734375 0.2217742328125
1 0.5995649796875 0.454786071875 0.600632278125 0.40096939374999996 0.5289051875 0.42011170781249996 0.5331747859375 0.473406403125 0.5995649796875 0.454786071875
1 0.6665840828125 0.4319453234375 0.6733519343750001 0.3741984734375 0.6015027453124999 0.3999664140625 0.599729021875 0.453991559375 0.6665840828125 0.4319453234375
1 0.7348913734375 0.41727140937499996 0.745595465625 0.3544114984375 0.673317896875 0.3739427453125 0.6668717125 0.43108816718750004 0.7348913734375 0.41727140937499996
1 0.672708484375 0.3754004875 0.6815471 0.31058769218750004 0.6035546187499999 0.3369544671875 0.601155640625 0.3999852078125 0.672708484375 0.3754004875
1 0.6014110953125 0.4001500765625 0.603234265625 0.3369264765625 0.5240092171875 0.3585575296875 0.52831944375 0.41960133437499997 0.6014110953125 0.4001500765625
1 0.6037258171875 0.3376063546875 0.606479396875 0.2617673046875 0.519367284375 0.2859769296875 0.5248248203125 0.3592238359375 0.6037258171875 0.3376063546875
1 0.6058747624999999 0.2621260359375 0.60406163125 0.3374878625 0.6815630015624999 0.31038998125 0.6917643140624999 0.234762496875 0.6058747624999999 0.2621260359375
1 0.6728161640625 0.37444022499999996 0.74464623125 0.35606663125 0.7618246546874999 0.29358840937499997 0.6818149109375 0.3106223796875 0.6728161640625 0.37444022499999996
1 0.761147584375 0.29453286875 0.780630459375 0.2207130453125 0.6914766828125 0.23561965312500002 0.6818899265625 0.31118599062499996 0.761147584375 0.29453286875
1 0.43024653125 0.62635145625 0.4210152640625 0.5898830265624999 0.3621827015625 0.6066562265625 0.37592919999999996 0.6392245421875 0.43024653125 0.62635145625
1 0.421263296875 0.5894221875000001 0.4104594875 0.55121445 0.3476612328125 0.56793835 0.3623283 0.6062931015624999 0.421263296875 0.5894221875000001
1 0.41019162500000006 0.552388621875 0.398801778125 0.5081869921875 0.33068359375 0.5247227875 0.3482431015625 0.5687615609375001 0.41019162500000006 0.552388621875
1 0.39870416406250003 0.50904445625 0.3842764625 0.4563416109375 0.311414071875 0.47701480468749996 0.33133100937500004 0.525746065625 0.39870416406250003 0.50904445625
1 0.4561670484375 0.43950805624999995 0.38404454062500004 0.45778581406249996 0.39855393281249996 0.5089961453125 0.4648894546875 0.49071835 0.4561670484375 0.43950805624999995
1 0.4651309453125 0.49094184218750003 0.3980155234375 0.50864316875 0.41036987500000005 0.5522460125 0.47302582187500003 0.5359347515625 0.4651309453125 0.49094184218750003
1 0.47289645625 0.5364198499999999 0.41037304375000005 0.55151651875 0.4212695359375 0.5893055234375 0.479993359375 0.5746938765625 0.47289645625 0.5364198499999999
1 0.48004195312500003 0.5750589625 0.421154878125 0.5895195265625001 0.430491759375 0.626345328125 0.486414025 0.6121790593750001 0.48004195312500003 0.5750589625
1 0.5381728234375001 0.5608640625 0.47984103593749994 0.5751997734375001 0.4863515328125 0.61228939375 0.5411795296874999 0.5974297890625 0.5381728234375001 0.5608640625
1 0.5388183578125 0.560341825 0.536576084375 0.5198404265625001 0.47285132343749997 0.5355851734375 0.479818878125 0.5749292234375 0.5388183578125 0.560341825
1 0.5360932703125 0.5205147359375 0.532100503125 0.47438966718750003 0.46554924687500004 0.4903973921875 0.47289930625 0.5359555953124999 0.5360932703125 0.5205147359375
1 0.5971756609375001 0.58308995 0.5972664171875001 0.542458959375 0.538839871875 0.5603646828125 0.54171065 0.597708159375 0.5971756609375001 0.58308995
1 0.651834453125 0.5660372609375 0.6556264140625 0.526481665625 0.5966663171875 0.5428071328125 0.59733254375 0.5830544296875 0.651834453125 0.5660372609375
1 0.709958915625 0.56287078125 0.7168831734375 0.5213304437499999 0.6560152984375 0.5257558328124999 0.6520062156249999 0.5666586921875 0.709958915625 0.56287078125
1 0.7163099749999999 0.5218857 0.7250593796875 0.4746157984375 0.6612905718750001 0.48033575937500006 0.656718203125 0.52584799375 0.7163099749999999 0.5218857
1 0.6565133796875 0.525855371875 0.660560490625 0.4809265328125 0.5983937328125 0.49989223281250006 0.5970530984375 0.5428634109375 0.6565133796875 0.525855371875
1 0.597219371875 0.5433197062499999 0.5983741171875 0.500959075 0.5359203859375 0.520202053125 0.5389417796875 0.55991613125 0.597219371875 0.5433197062499999
1 0.5329952609374999 0.47392105781250005 0.5355106453125 0.5207662296875 0.597964378125 0.50152325 0.5994017031250001 0.45399547343749996 0.5329952609374999 0.47392105781250005
1 0.660178821875 0.4816966609375 0.6660316890625 0.432106784375 0.6000567796875 0.454060334375 0.5984277390625 0.5001427671875 0.660178821875 0.4816966609375
1 0.7250458109375 0.4757280671875 0.7347493671875001 0.41739888281250004 0.6652661359375001 0.43121683906249997 0.6604377265625 0.48121342968749997 0.7250458109375 0.4757280671875
1 0.5321568906249999 0.474030278125 0.5282772328124999 0.4206074359375 0.456094478125 0.4399837640625 0.4651152984375 0.49042284843750006 0.5321568906249999 0.474030278125
1 0.3840763453125 0.4575143125 0.3676588234375 0.3988269015625 0.288679475 0.41876539843750005 0.3117688875 0.4766277109375 0.3840763453125 0.4575143125
1 0.4560550671875 0.43984623906250003 0.44589096093749997 0.381114790625 0.36777885625 0.3977711203125 0.3842231046875 0.45681296875 0.4560550671875 0.43984623906250003
1 0.52903393125 0.4198945140625 0.5240658875 0.361015259375 0.4455494625 0.38050665625 0.456328440625 0.4401110375 0.52903393125 0.4198945140625
1 0.5246394343749999 0.35991745937499997 0.5201193265625 0.285694875 0.4329846203125 0.3090855171875 0.44526672187500005 0.38042422343750004 0.5246394343749999 0.35991745937499997
1 0.5200496328125 0.2872626640625 0.514142603125 0.1996711109375 0.418450171875 0.22349578124999997 0.4332236390625 0.3098009078125 0.5200496328125 0.2872626640625
1 0.514454809375 0.19996004843749998 0.5077366171875 0.095990465625 0.40056702812499995 0.12205399218749999 0.4183901953125 0.224462575 0.514454809375 0.19996004843749998
1 0.41893582812499996 0.2230262046875 0.40136425 0.121873496875 0.293476453125 0.1466594078125 0.32340649843749997 0.2443841109375 0.41893582812499996 0.2230262046875
1 0.43349001875 0.309740596875 0.418137965625 0.22320684375000002 0.322838146875 0.2458628890625 0.3477495515625 0.3299230015625 0.43349001875 0.309740596875
1 0.4462497390625 0.37885936249999996 0.4331439828125 0.3112591640625 0.3477495515625 0.3299230015625 0.36805677187499997 0.3983624515625 0.4462497390625 0.37885936249999996
1 0.3672963375 0.39838816875 0.34642847187500003 0.32917096562500003 0.261128559375 0.3499425390625 0.2884625703125 0.417695778125 0.3672963375 0.39838816875
1 0.347195115625 0.3293058859375 0.3235240625 0.245108803125 0.22773003125 0.27022685 0.261340490625 0.35142576875 0.347195115625 0.3293058859375
1 0.228243625 0.2697292828125 0.1874425453125 0.1722604375 0.081687315625 0.1965851890625 0.13359648125 0.29039525624999996 0.228243625 0.2697292828125
1 0.3224967640625 0.24610309218749998 0.29351453437499997 0.145959271875 0.187344128125 0.1715210140625 0.227932734375 0.2705752421875 0.3224967640625 0.24610309218749998
1 0 0.274384090625 0.0420125953125 0.334502240625 0.1335944234375 0.28975533593749997 0.08191662499999999 0.1957507671875 0 0.2376231984375 0 0.274384090625
1 0.0906442671875 0.40295444375 0.1323564578125 0.4598487734375 0.21079065937500002 0.434175321875 0.1758190796875 0.36807500625 0.0906442671875 0.40295444375
1 0.174969359375 0.3687630609375 0.13287393281249998 0.290165425 0.0421738484375 0.334464865625 0.090365178125 0.40227498749999996 0.174969359375 0.3687630609375
1 0.22799727656250002 0.27060915625000004 0.1332714765625 0.290322390625 0.174876653125 0.369107275 0.2611908015625 0.3502317421875 0.22799727656250002 0.27060915625000004
1 0.2608467875 0.3502489703125 0.174926934375 0.368216334375 0.21044879375 0.43400055625 0.288967921875 0.4186428984375 0.2608467875 0.3502489703125
1 0.3115830859375 0.47760566249999997 0.2889393046875 0.41817017187500005 0.209854534375 0.43333699687499994 0.239259903125 0.49308220468749997 0.3115830859375 0.47760566249999997
1 0.21050792031249999 0.4337757265625 0.1321599171875 0.458948284375 0.16771103437499998 0.51585318125 0.23931555000000002 0.49350028593750006 0.21050792031249999 0.4337757265625
1 0.33046080624999996 0.5254872734375 0.3116453203125 0.4769234546875 0.2385663703125 0.49249051406250005 0.2635500140625 0.543942971875 0.33046080624999996 0.5254872734375
1 0.2636406046875 0.543354865625 0.23888110624999997 0.4926151015625 0.16754260781250002 0.5167882015624999 0.1989084375 0.5676128671875 0.2636406046875 0.543354865625
1 0.348350040625 0.568261609375 0.3317364375 0.52522879375 0.26294404375 0.54321620625 0.2850334140625 0.58569993125 0.348350040625 0.568261609375
1 0.28549974375 0.5858681859375 0.26304167968750003 0.543032921875 0.198179140625 0.56849203125 0.22441287187499998 0.6105634531249999 0.28549974375 0.5858681859375
1 0.3038975953125 0.619330571875 0.28492134999999996 0.58519496875 0.224772178125 0.6102299359375001 0.248812903125 0.6493298953125 0.3038975953125 0.619330571875
1 0.34765816875 0.56857943125 0.2853189171875 0.58542645 0.30400990625 0.619064240625 0.36233654843749996 0.6062609078125 0.34765816875 0.56857943125
1 0.375758290625 0.639149715625 0.3623181640625 0.6061723453125001 0.3036624734375 0.6194522609375 0.3204059125 0.6512441359375 0.375758290625 0.639149715625
1 0.32002967031249996 0.6514454375 0.3036624734375 0.6194522609375 0.248606896875 0.6478366578125 0.270614121875 0.6817687078125 0.32002967031249996 0.6514454375
0 0.78330616875 0 0 0.22287137812500002 0 0.33305116562500003 0.2664314859375 0.7066335828125 0.7275346453125 0.5834212562500001 0.8765564671874999 0 0.78330616875 0