1 0.31012243281249996 0.357530265625 0.30473021562499997 0.296094678125 0.25563552343749996 0.3061410578125 0.257773496875 0.3654268828125 0.31012243281249996 0.357530265625
1 0.30187353125 0.4198984671875 0.3065087828125 0.3583629296875 0.2584796140625 0.36568476875 0.2511004671875 0.42424029843750005 0.30187353125 0.4198984671875
1 0.2945460859375 0.48308371250000004 0.299966171875 0.4198587390625 0.2508341015625 0.4249210984375 0.245053909375 0.48525949218750003 0.2945460859375 0.48308371250000004
1 0.290213678125 0.54892236875 0.2945460859375 0.48308371250000004 0.24362115156250003 0.4852739328125 0.23874098593749998 0.5469594875 0.290213678125 0.54892236875
1 0.2385175296875 0.54657871875 0.23100243593749997 0.608497440625 0.28608414375 0.61567335 0.2906677234375 0.549507421875 0.2385175296875 0.54657871875
1 0.2314207015625 0.6099675812500001 0.2262312046875 0.6733968421875 0.2819179328125 0.6833093125 0.28608414375 0.61567335 0.2314207015625 0.6099675812500001
1 0.2252882671875 0.6731112515625 0.218587321875 0.73850160625 0.2743615265625 0.752158709375 0.28168017968750003 0.6832821765625 0.2252882671875 0.6731112515625
1 0.2192710546875 0.73929084375 0.1975606234375 0.8040352328125 0.257438971875 0.8224293140625001 0.2748289640625 0.752390028125 0.2192710546875 0.73929084375
1 0.2562582828125 0.8221165875 0.3217388875 0.8436389468750001 0.33342575 0.7670804859375 0.275311625 0.7522671484375001 0.2562582828125 0.8221165875
1 0.2741237734375 0.752131571875 0.33219496249999997 0.7680071484375001 0.3413987953125 0.6938327953125001 0.2819179328125 0.6833093125 0.2741237734375 0.752131571875
1 0.28121900312500003 0.682873603125 0.3406998671875 0.6933970875 0.34428968125 0.6223166250000001 0.2858392328125 0.6158233656250001 0.28121900312500003 0.682873603125
1 0.28537805625 0.615414790625 0.34380701875 0.62243950625 0.348835853125 0.55116735 0.2904514296875 0.5489495046874999 0.28537805625 0.615414790625
1 0.29140152812500003 0.54905794375 0.3464315375 0.551604134375 0.35234697656249997 0.4820335421875 0.2954818921875 0.48354578437500007 0.29140152812500003 0.54905794375
1 0.2945389234375 0.483260865625 0.352080609375 0.48271434218750003 0.3569663046875 0.4149832015625 0.29946921406250004 0.42033525312500003 0.2945389234375 0.483260865625
1 0.3016214578125 0.4202256328125 0.3562611171875 0.4147247453125 0.36412755625000004 0.3500006453125 0.307222034375 0.35844433593749997 0.3016214578125 0.4202256328125
1 0.3076895 0.358674984375 0.364350984375 0.35038208437499996 0.3593816671875 0.2843709484375 0.305198553125 0.2963261015625 0.3076895 0.358674984375
1 0.3641490125 0.34946986406249997 0.4232220015625 0.34056235625000003 0.419885815625 0.2695798921875 0.3605489609375 0.285037409375 0.3641490125 0.34946986406249997
1 0.35644879375 0.41599060000000004 0.4187760015625 0.409233525 0.424683378125 0.3398399796875 0.36365295625 0.349946478125 0.35644879375 0.41599060000000004
1 0.356959171875 0.41515968125 0.3521020640625 0.48218355781250005 0.4130124609375 0.4809550546875 0.4187831609375 0.4090563734375 0.356959171875 0.41515968125
1 0.3518714765625 0.4819792703125 0.34645301875 0.55107268125 0.4107623703125 0.554322703125 0.413731971875 0.48085920781249997 0.3518714765625 0.4819792703125
1 0.3478642984375 0.55158969375 0.344080546875 0.6215815546875 0.4063179984375 0.6288623078125 0.41099296093750004 0.554526990625 0.3478642984375 0.55158969375
1 0.3443254578125 0.6214315390625 0.3409232953125 0.6937785234375 0.401808303125 0.7049955 0.4063179984375 0.6288623078125 0.3443254578125 0.6214315390625
1 0.3402109453125 0.6936972203125 0.33178385625 0.76635985625 0.39698216875000003 0.7830482109375 0.401808303125 0.7049955 0.3402109453125 0.6936972203125
1 0.3315451015625 0.76635755 0.321550203125 0.8423979234375001 0.3870093234375 0.8644517359374999 0.39768725625 0.7833315984375 0.3315451015625 0.76635755
1 0.3872614984375 0.8640996390625 0.4547655578125 0.8886984218749999 0.47092080156250005 0.8019799234375 0.3979036234375 0.7838652578125 0.3872614984375 0.8640996390625
1 0.3971984359375 0.7836068 0.47092796249999996 0.8018027703125 0.475975025 0.7182622875 0.401808303125 0.7049955 0.3971984359375 0.7836068
1 0.4022900640625 0.7048725171875 0.47547897031249997 0.718738903125 0.478093096875 0.636343140625 0.4068068921875 0.6285628437499999 0.4022900640625 0.7048725171875
1 0.40656198125 0.628712859375 0.47856859687500003 0.6363974140625 0.4801252921875 0.5565484703125 0.41077669375000003 0.5539684015625 0.40656198125 0.628712859375
1 0.4123274171875 0.5541467390625 0.480427378125 0.5570878671874999 0.483084309375 0.47853477812499995 0.4142496359375 0.4809223359375 0.4123274171875 0.5541467390625
1 0.4142574203125 0.4807297515625 0.48334277031250006 0.4785642765625 0.4866877109375 0.402216575 0.41897340312500003 0.40898303281250004 0.4142574203125 0.4807297515625
1 0.48643793437499994 0.40199459375 0.49350846875 0.3297440671875 0.42486323906249995 0.3402697 0.41922408125 0.4092051203125 0.48643793437499994 0.40199459375
1 0.49403227968749996 0.329610378125 0.491611809375 0.2547301546875 0.42045734062499995 0.2696087203125 0.42484766875 0.340654871875 0.49403227968749996 0.329610378125
1 0.4935962359375 0.3298781234375 0.5721305390625 0.31529041874999997 0.5707225703125001 0.2362443984375 0.49205945156249997 0.25401881249999997 0.4935962359375 0.3298781234375
1 0.4935962359375 0.3298781234375 0.48577394375000005 0.4019255515625 0.566188590625 0.3939546171875 0.5715107578125 0.315448209375 0.4935962359375 0.3298781234375
1 0.48238653593749997 0.478137625 0.562885678125 0.4756637046875 0.5668000765625 0.39402440781250003 0.4863753328125 0.40222271875000004 0.48238653593749997 0.478137625
1 0.48271024531249995 0.47771684218750005 0.4804620984375 0.5561170468750001 0.5604167343750001 0.5595260796875 0.562885678125 0.4756637046875 0.48271024531249995 0.47771684218750005
1 0.47984141718749995 0.5562747328125 0.47752887499999996 0.6362679578125 0.55754039375 0.6458571109375 0.5601022453125 0.5597187140625 0.47984141718749995 0.5562747328125
1 0.477852584375 0.635847175 0.47480896250000004 0.7187291703125 0.5585711640625 0.7342344515625 0.558151878125 0.645926903125 0.477852584375 0.635847175
1 0.47572574218749997 0.7188338078125 0.47235840937500007 0.8021365875 0.5555568140625 0.8239796765625 0.558293459375 0.733517171875 0.47572574218749997 0.7188338078125
1 0.47235840937500007 0.8021365875 0.4547647140625 0.8881597015624999 0.5367344390625 0.9176365531249999 0.5552423265625 0.8241723109375 0.47235840937500007 0.8021365875
1 0.5370489265625 0.9174439187500001 0.6350425453125 0.9528658546875001 0.6517805109375 0.8500530875000001 0.5555292 0.8246627828124999 0.5370489265625 0.9174439187500001
1 0.554918615625 0.8245930937500001 0.6511230218749999 0.8511213609375 0.6523950390625 0.7513451734375 0.5588948484375 0.7338143390625 0.554918615625 0.8245930937500001
1 0.5573582890625 0.7338674921874999 0.6514414515625 0.7521511234375 0.6531860453125 0.6558588203125 0.5575311984375 0.646084590625 0.5573582890625 0.7338674921874999
1 0.5578640765625 0.6454369984375 0.6534913390625 0.6558936656250001 0.65570850625 0.5630852421875 0.55981444375 0.5592288078125 0.5578640765625 0.6454369984375
1 0.5598236390625 0.5590013296875 0.6544772375 0.5631732390625 0.6562971046875 0.47260609843749996 0.563478746875 0.47618912656249995 0.5598236390625 0.5590013296875
1 0.563172553125 0.476154178125 0.6562787140624999 0.47306105625 0.6574511875 0.3833348109375 0.566197784375 0.3937271390625 0.563172553125 0.476154178125
1 0.5661793953125 0.39418209531250004 0.657432796875 0.38378976875 0.6605500078125 0.29908727343749997 0.57301883125 0.3160773890625 0.5661793953125 0.39418209531250004
1 0.6593279375 0.298947790625 0.661537590625 0.21391251093750002 0.571630153125 0.23657651093749998 0.572084534375 0.3164284828125 0.6593279375 0.298947790625
1 0.6599477453125 0.2987893296875 0.7659720125 0.27979371875000003 0.7565633359375 0.18611611249999999 0.661842884375 0.2139473546875 0.6599477453125 0.2987893296875
1 0.6577288921875 0.3840520921875 0.765003603125 0.372059084375 0.7668878921875 0.279898253125 0.660568425 0.2986316453125 0.6577288921875 0.3840520921875
1 0.655075934375 0.4724667203125 0.763250715625 0.46857897031249995 0.7643746265625 0.372444353125 0.6568028921875 0.3841756046875 0.655075934375 0.4724667203125
1 0.65568651875 0.47253640937499997 0.6538850421875 0.56264859375 0.7635612609375 0.5671639374999999 0.762630034375 0.46873665625000005 0.65568651875 0.47253640937499997
1 0.6554124078125 0.56282291875 0.652880753125 0.6558239765625 0.7637807249999999 0.6680244625 0.763246771875 0.567356571875 0.6554124078125 0.56282291875
1 0.6528899484374999 0.6555964984375 0.6514782609374999 0.7512405375 0.7650925453124999 0.77221108125 0.7643913109375 0.6680941515625001 0.6528899484374999 0.6555964984375
1 0.652062134375 0.7519934390625 0.6505400234375001 0.8503692359375 0.765017596875 0.8803549484375001 0.765407034375 0.772018446875 0.652062134375 0.7519934390625
1 0.6508637328125 0.8499484515625 0.6342002812499999 0.9509401499999999 0.755807734375 0.9943160890625 0.7659058625 0.8811425875 0.6508637328125 0.8499484515625
1 0.8987103375000001 1 0.8988229859375 0.9180346796875 0.76560056875 0.88110774375 0.7549369609375 0.993073390625 0.774570696875 1 0.8987103375000001 1
1 0.7650084015624999 0.8805824265625001 0.8985176921875 0.9179998359375 0.8984880703125 0.79726825 0.7657031296875 0.7722807703125001 0.7650084015624999 0.8805824265625001
1 0.764787253125 0.7721762359375 0.8972751953125 0.7969012906249999 0.8939424609375 0.6819656578125 0.7650018968750001 0.668163840625 0.764787253125 0.7721762359375
1 0.7640584328125 0.6687417453125 0.8951369187499999 0.6827882468750001 0.8904633937499999 0.5706724703125 0.7626453828125 0.567059403125 0.7640584328125 0.6687417453125
1 0.7620431187500001 0.5667614624999999 0.8916477828125 0.5717217625 0.889279490625 0.4632990375 0.7635652046875 0.468386334375 0.7620431187500001 0.5667614624999999
1 0.7623523265625 0.4680193765625 0.89140914375 0.463770634375 0.8898279125 0.358639153125 0.7649852125 0.3725140421875 0.7623523265625 0.4680193765625
1 0.7649760171875 0.3727415203125 0.8898095218750001 0.3590941125 0.8892847640625 0.2581987390625 0.7662588875 0.280284190625 0.7649760171875 0.3727415203125
1 0.7668694734375 0.2803538796875 0.8899054734374999 0.2580403828125 0.8769025140625001 0.15457749999999998 0.7577845078125 0.186255490625 0.7668694734375 0.2803538796875
0 0.92631703125 1 0.8922616703124999 0.1266535515625 0.2340422234375 0.29513603125 0.18267529843750002 0.819632975 0.70716638125 1 0.92631703125 1