1 0.7284838859375 0.2798870875 0.7420696875 0.19622214375 0.7083552875 0.1748070203125 0.69649376875 0.2613353921875 0.7284838859375 0.2798870875
1 0.7206296390625 0.3627992484375 0.7286747265625 0.27944291875 0.69619595 0.26130505937500004 0.68437135625 0.35025180625 0.7206296390625 0.3627992484375
1 0.7108152390625 0.44712150624999997 0.7201904609375 0.36316293125 0.6846256421875 0.3506806 0.6737814656250001 0.43892233281250004 0.7108152390625 0.44712150624999997
1 0.7021586546874999 0.5295932062500001 0.6635845484375 0.526418678125 0.6552485156250001 0.613048565625 0.68968610625 0.61278466875 0.7021586546874999 0.5295932062500001
1 0.65463434375 0.6139316203125 0.6437262671874999 0.7003354171875 0.6784430265625 0.6940675578125 0.6901685703125 0.6125596921875001 0.65463434375 0.6139316203125
1 0.7016888906250001 0.5303060796875 0.7109640171875 0.446514840625 0.6736862296874999 0.4389696640625 0.6638624703125 0.525448025 0.7016888906250001 0.5303060796875
1 0.6708451765625 0.7773011078125001 0.6788603921874999 0.69495449375 0.6440336484375 0.6991580374999999 0.6357481593750001 0.7870495921875 0.6708451765625 0.7773011078125001
1 0.6356865578125 0.7873680249999999 0.632451684375 0.8774609999999999 0.6683868859375 0.8617645703125 0.6718296125000001 0.7768991328125 0.6356865578125 0.7873680249999999
1 0.6355669953125 0.7884624312499999 0.5971634890625 0.799459053125 0.5931382359375 0.89482323125 0.632691675 0.8769822843749999 0.6355669953125 0.7884624312499999
1 0.64352449375 0.7004831984375001 0.6060970375 0.70735986875 0.597027628125 0.80070265625 0.635879421875 0.7875661218750001 0.64352449375 0.7004831984375001
1 0.6543998625 0.61418369375 0.61620065 0.614877615625 0.6059611765625 0.7086034703124999 0.6435537671875 0.700114559375 0.6543998625 0.61418369375
1 0.6633500890625 0.5265824484375 0.6263661921875 0.523250696875 0.6160219125 0.6162115953125 0.65405060625 0.6140515375 0.6633500890625 0.5265824484375
1 0.67354345625 0.439068265625 0.6375080234375 0.4298678671875 0.6264205578125 0.5227530734375 0.6638245046875 0.526311578125 0.67354345625 0.439068265625
1 0.6844068578125 0.35087080312499996 0.6488714421874999 0.337729171875 0.6368538046875 0.43051964062500003 0.6742999703125 0.438858321875 0.6844068578125 0.35087080312499996
1 0.6965439 0.26248755468749996 0.6606800421875 0.24340977656249999 0.648499509375 0.337691290625 0.6844458015625 0.3511562453125 0.6965439 0.26248755468749996
1 0.6608848218750001 0.2434232765625 0.696339234375 0.262466709375 0.7083969015625 0.1751120515625 0.6742620671874999 0.1485084484375 0.6608848218750001 0.2434232765625
1 0.6196168625 0.221874434375 0.6612091999999999 0.24339928125000002 0.6734638375 0.1489303078125 0.6333832687500001 0.1199614484375 0.6196168625 0.221874434375
1 0.6607109015625 0.24417823906249997 0.6202261203125 0.22224463593750002 0.6085910015625 0.3218607375 0.64835624375 0.3382286109375 0.6607109015625 0.24417823906249997
1 0.6090116234375 0.32189345937499997 0.5962934171875001 0.42065600625000005 0.6375359 0.4303867453125 0.6483057984375 0.3369660359375 0.6090116234375 0.32189345937499997
1 0.6369969140625 0.43095918749999995 0.595284521875 0.42080988750000003 0.584474665625 0.5197566828125 0.6273806000000001 0.5228701703125 0.6369969140625 0.43095918749999995
1 0.6264867421875 0.5233807140625 0.5849009625 0.519296940625 0.572658321875 0.6175955656250001 0.6167458828125 0.6150472109375 0.6264867421875 0.5233807140625
1 0.572763746875 0.6174738453125 0.562116884375 0.7149286828125 0.605923015625 0.7080780265625 0.61621293125 0.61561475 0.572763746875 0.6174738453125
1 0.606548090625 0.7077811078125 0.5626751234375 0.7149855390625001 0.551651828125 0.814161715625 0.597629103125 0.7994890015625 0.606548090625 0.7077811078125
1 0.5522395515625 0.8131683437499999 0.5500030265625 0.9147958515625 0.5945590796875 0.8941961890625001 0.5973056421875 0.8002094140624999 0.5522395515625 0.8131683437499999
1 0.5515365906249999 0.8139264546874999 0.49996417812500005 0.827247425 0.494393909375 0.9350231093750001 0.5506692156249999 0.9138583046875001 0.5515365906249999 0.8139264546874999
1 0.5631733703124999 0.7149810953125 0.512100675 0.7229350296875 0.49979104531249996 0.8270071874999999 0.5520904875 0.8129783890625 0.5631733703124999 0.7149810953125
1 0.57237704375 0.6169607359375 0.5216219343749999 0.61857795625 0.511380221875 0.724369290625 0.5633492718750001 0.7150827171875 0.57237704375 0.6169607359375
1 0.5844821984374999 0.5199331421875 0.5337300328125 0.515110771875 0.5227488578124999 0.619068034375 0.5732407640625 0.6164176875 0.5844821984374999 0.5199331421875
1 0.5965575453125 0.420755575 0.544268684375 0.41038359687500003 0.5334965453125 0.5158697875 0.5845338640625 0.518554025 0.5965575453125 0.420755575
1 0.608458040625 0.3212842453125 0.557674759375 0.3048842 0.5446710265625 0.4101431 0.5961678625 0.42066621406250004 0.608458040625 0.3212842453125
1 0.62006500625 0.2226118046875 0.570422703125 0.198341809375 0.5577599484375 0.3056462359375 0.6086048015625 0.3221371796875 0.62006500625 0.2226118046875
1 0.6336366015625 0.1210975125 0.5864872109375 0.09088069062500001 0.5715113671875 0.198703809375 0.6204805921875 0.22204243125 0.6336366015625 0.1210975125
1 0.586437078125 0.091396221875 0.5310536671875 0.054876834375 0.5152546234375001 0.1736773390625 0.5712854796875 0.1994939515625 0.586437078125 0.091396221875
1 0.5713601421875001 0.1991188984375 0.5144066296875 0.172836690625 0.5023656046875 0.286488875 0.5584409203125 0.305020184375 0.5713601421875001 0.1991188984375
1 0.5580740343749999 0.3059367046875 0.5034365875 0.286295325 0.48847955 0.39738859375 0.5453108734375001 0.41071786718750003 0.5580740343749999 0.3059367046875
1 0.48883325156249996 0.39816601875 0.47632807968749996 0.510673546875 0.533819509375 0.514518303125 0.5454125078125001 0.4101211171875 0.48883325156249996 0.39816601875
1 0.47657989375 0.5103257343750001 0.46496475937500004 0.6212249437499999 0.5229495749999999 0.6188355171875 0.5347831453125 0.51396059375 0.47657989375 0.5103257343750001
1 0.4651191453125 0.6209067640625 0.4535841328125 0.7327717015624999 0.51214315625 0.72340204375 0.52224910625 0.6188534 0.4651191453125 0.6209067640625
1 0.5114955296875 0.7243773546875001 0.453452771875 0.73225608125 0.44008769531249997 0.8442648531250001 0.49988779218749996 0.8269774875 0.5114955296875 0.7243773546875001
1 0.44073209375 0.8441308765625 0.43497695 0.9585263078124999 0.4946306984375 0.9356938828124999 0.49967368125 0.8258536968750001 0.44073209375 0.8441308765625
1 0.45307055468749996 0.7330864125 0.38444978281250003 0.7429214328125 0.372156621875 0.8623301328125 0.44094127812500006 0.843695015625 0.45307055468749996 0.7330864125
1 0.4402636140625 0.8446369125000001 0.373114021875 0.8621756046875 0.3647944828125 0.9865137781250001 0.434824615625 0.9582026421875 0.4402636140625 0.8446369125000001
1 0.46450583125 0.620844296875 0.3964974578125 0.6231795796874999 0.3843899234375 0.7426071859375 0.45389729687499997 0.73284406875 0.46450583125 0.620844296875
1 0.47631808906249995 0.5102300796875 0.41027671874999994 0.5037548265625 0.39753462812499996 0.6221124031249999 0.4645492703125 0.621396953125 0.47631808906249995 0.5102300796875
1 0.48775145625 0.3986095890625 0.4232865109375 0.38467115625 0.409955228125 0.504979521875 0.4769299125 0.50979015625 0.48775145625 0.3986095890625
1 0.5022540859375 0.2866789640625 0.437347328125 0.263902659375 0.4239345484375 0.3849570046875 0.48871153281249996 0.3978390328125 0.5022540859375 0.2866789640625
1 0.5156190546875 0.1738027609375 0.45002582343749997 0.14195485937500002 0.43655877812500005 0.26350591562500003 0.5024032796875 0.285546184375 0.5156190546875 0.1738027609375
1 0.5146525625 0.17342376718750002 0.5307691734375 0.055158768749999997 0.49243704218750006 0.0328291359375 0.4662279546875 0.0310818640625 0.45056065 0.14050169375 0.5146525625 0.17342376718750002
1 0.45115373124999997 0.14224082968750001 0.46636169218749995 0.031090779687499997 0.3866598453125 0.0257773234375 0.37628028750000003 0.10646096875 0.45115373124999997 0.14224082968750001
1 0.3619120265625 0.2380358578125 0.4372170515625 0.2631820234375 0.45133891718749997 0.1423204015625 0.37628434843749997 0.1047624140625 0.3619120265625 0.2380358578125
1 0.34646985625000004 0.368698334375 0.423479178125 0.385147946875 0.4376726515625 0.26361200625 0.36136878437500003 0.2374893265625 0.34646985625000004 0.368698334375
1 0.3328415265625 0.4978677421875 0.410478628125 0.5041470109375 0.42374340000000005 0.3852088921875 0.3464609828125 0.368036978125 0.3328415265625 0.4978677421875
1 0.3188765328125 0.625650678125 0.39703893125 0.6233773078125 0.4101986203125 0.5039851140625 0.33368946093749996 0.49694686718750003 0.3188765328125 0.625650678125
1 0.396660196875 0.62306185625 0.319434771875 0.6257075359375001 0.30661276718749997 0.7551172828125 0.3845742765625 0.7437012703125 0.396660196875 0.62306185625
1 0.3834206203125 0.7442488218750001 0.3060518375 0.7552864359375 0.2938923 0.8855170140625 0.3729439328125 0.8623983640624999 0.3834206203125 0.7442488218750001
1 0.33085711562500003 1 0.3642925828125 0.9863439984375001 0.3726992578125 0.86320315 0.29364120625 0.8843793390625001 0.286187728125 1 0.33085711562500003 1
1 0.2864438171875 1 0.2931765875 0.8852527890624999 0.204109690625 0.9118347390625001 0.197314684375 1 0.2864438171875 1
1 0.3061159234375 0.7554612953125 0.21960964375 0.77225465625 0.20415982187499998 0.911954828125 0.29366425625 0.884369728125 0.3061159234375 0.7554612953125
1 0.3196089421875 0.62627810625 0.2350006546875 0.6296693531249999 0.219887309375 0.773174275 0.30602006249999997 0.7558038359375 0.3196089421875 0.62627810625
1 0.333072046875 0.49736874531249997 0.248909059375 0.490315346875 0.23481052500000002 0.63140966875 0.3196395171875 0.62597306875 0.333072046875 0.49736874531249997
1 0.34630056875 0.36871236875 0.26249538906250003 0.35004547812500003 0.2489550953125 0.4911966546875 0.33370485 0.49681229687500006 0.34630056875 0.36871236875
1 0.36228120625 0.2375703 0.2754825328125 0.20707920156249998 0.26206909375 0.3505052171875 0.34700291562499996 0.368205315625 0.36228120625 0.2375703
1 0.3767162140625 0.1054411 0.2957557375 0.061950121875 0.2762252453125 0.20802134843750003 0.3614194515625 0.23881907500000002 0.3767162140625 0.1054411
1 0.376649890625 0.1064572203125 0.38691766875 0.025794510937499997 0.30264916875000003 0.0201766109375 0.2962147890625 0.0630721859375 0.376649890625 0.1064572203125
0 0.31614532500000003 1 0.6784313 0.877228371875 0.759161653125 0.17717614375 0.45966644062500006 0.030644429687500002 0.2989994796875 0.0199332984375 0.20039759531249998 1 0.31614532500000003 1