1 0.4140222359375 0.07522395937500001 0.39801898125 0.13703349375 0.4672057109375 0.1491560703125 0.480288178125 0.0846207078125 0.4140222359375 0.07522395937500001
1 0.41322469999999994 0.0753723890625 0.3484731546875 0.0587649734375 0.32844045781250003 0.12203207499999999 0.39779701562500003 0.13725779375 0.41322469999999994 0.0753723890625
1 0.547472753125 0.0940668078125 0.4807551796875 0.084373196875 0.46752425625000005 0.14784381875 0.5363198421875001 0.15708765 0.547472753125 0.0940668078125
1 0.612776825 0.10516111406249999 0.54658536875 0.09395521875 0.5360467078125 0.157867809375 0.6052757578125 0.1682002890625 0.612776825 0.10516111406249999
1 0.6124416671875 0.10495151093749999 0.6057418515624999 0.1679596734375 0.674338578125 0.1787142109375 0.6790658421875 0.11629684375 0.6124416671875 0.10495151093749999
1 0.6792269484375 0.11692842031249999 0.6745709843750001 0.178440459375 0.7430832984375 0.19277346875 0.744667959375 0.12938633593749999 0.6792269484375 0.11692842031249999
1 0.745218309375 0.12850855625 0.74229519375 0.19291536250000002 0.8099863671875 0.20764206562499998 0.8091175359375 0.1438978125 0.745218309375 0.12850855625
1 0.8083441 0.14418420625 0.81142586875 0.20862141875 0.8770744453124999 0.2227942 0.8708506953124999 0.15442225625 0.8083441 0.14418420625
1 0.8109363578125001 0.20830674062500001 0.8111109703125001 0.277452965625 0.8832042921875001 0.2879466296875 0.8767162609374999 0.221589084375 0.8109363578125001 0.20830674062500001
1 0.7425825781250001 0.192152215625 0.7409993421875 0.2621173421875 0.81177610625 0.276780834375 0.8099923046875 0.20828532968750002 0.7425825781250001 0.192152215625
1 0.67424481875 0.179102171875 0.6695970625000001 0.24617554687499998 0.74116193125 0.260697146875 0.7427749765625 0.1926960734375 0.67424481875 0.179102171875
1 0.605273775 0.167652509375 0.5972493359375 0.23566594531249999 0.6695315859375001 0.24618710781250003 0.674197184375 0.1783746265625 0.605273775 0.167652509375
1 0.5352540609374999 0.1577427671875 0.525021271875 0.2237668078125 0.5974587687499999 0.23456717500000002 0.6050450078125 0.167948759375 0.5352540609374999 0.1577427671875
1 0.4667608296875 0.1474910296875 0.452499728125 0.21374775937499998 0.525602359375 0.22387599531250002 0.5358634078125 0.15739030781250002 0.4667608296875 0.1474910296875
1 0.3977789328125 0.137732346875 0.381309403125 0.201869609375 0.452415759375 0.21401587187499999 0.467362471875 0.148468821875 0.3977789328125 0.137732346875
1 0.380455225 0.2025151046875 0.3977527109375 0.13631894218750001 0.33195185625 0.1236284953125 0.3117356421875 0.19122947031249998 0.380455225 0.2025151046875
1 0.3118735875 0.191871734375 0.28610424375 0.2563558171875 0.3625993140625 0.272877203125 0.38065935624999997 0.20265290781249998 0.3118735875 0.191871734375
1 0.38151341875 0.202008275 0.36224520781249997 0.274108703125 0.43725916875 0.2857964296875 0.4529647109375 0.214460478125 0.38151341875 0.202008275
1 0.452646678125 0.2131302640625 0.437646196875 0.28431399375 0.513315475 0.2968669328125 0.5250342828125001 0.2236676390625 0.452646678125 0.2131302640625
1 0.5886895703125 0.30909656874999997 0.5977318640625 0.23481256562500002 0.5249610609375 0.22312003906250003 0.513709290625 0.2971571359375 0.5886895703125 0.30909656874999997
1 0.669288503125 0.246316059375 0.59748785625 0.2350591421875 0.5894485281249999 0.3080610921875 0.66497173125 0.3187973875 0.669288503125 0.246316059375
1 0.7399280734375 0.33457806875 0.74116196875 0.26104866875 0.67020261875 0.2459323859375 0.6650324328125 0.31905843749999996 0.7399280734375 0.33457806875
1 0.7414320890625 0.2622163609375 0.7402062921875 0.3353875125 0.8138706593749999 0.35149686875 0.8113361953125 0.27699274375 0.7414320890625 0.2622163609375
1 0.8115521156250001 0.2771261125 0.8136755718750001 0.3518279 0.88978878125 0.36393224062499996 0.88389050625 0.28868188125 0.8115521156250001 0.2771261125
1 0.8138072859375001 0.3525729578125 0.8167806234375 0.43326089999999995 0.8964464546875 0.446139834375 0.889463271875 0.36303594375000003 0.8138072859375001 0.3525729578125
1 0.7388977078125001 0.3349632796875 0.7388089828125 0.416268859375 0.8175686171875001 0.43311986874999997 0.8135384609375 0.350958146875 0.7388977078125001 0.3349632796875
1 0.5884496671874999 0.3088595265625 0.57989559375 0.38669462656250003 0.6604115828125 0.4003810078125 0.6655400499999999 0.3182148625 0.5884496671874999 0.3088595265625
1 0.6656192515625 0.31828966406250003 0.659971753125 0.3999891984375 0.7379386109375 0.41625377812500003 0.7397220390625 0.3352388125 0.6656192515625 0.31828966406250003
1 0.362739421875 0.273482875 0.3416472078125 0.349781209375 0.421608628125 0.3620757078125 0.4383289 0.28520164531250003 0.362739421875 0.273482875
1 0.4375211375 0.28573965156250003 0.421211 0.36136225 0.5010464671875 0.3746217875 0.51298606875 0.29672407500000003 0.4375211375 0.28573965156250003
1 0.513463128125 0.297224125 0.500973928125 0.373300065625 0.5803273671875 0.3864894421875 0.58924701875 0.3091346484375 0.513463128125 0.297224125
1 0.4218921671875 0.3617891875 0.4015680046875 0.44928093437500005 0.48534539218750006 0.4624586625 0.5008051296875 0.374586659375 0.4218921671875 0.3617891875
1 0.5006910390625 0.3735866796875 0.4858696203125 0.4622071765625 0.5700024406249999 0.4764200140625 0.5810078875 0.3869162859375 0.5006910390625 0.3735866796875
1 0.3410807828125 0.35035434374999996 0.3175498109375 0.4360690328125 0.40185154062499995 0.4489944140625 0.4215664296875 0.36239735624999997 0.3410807828125 0.35035434374999996
1 0.2855293203125 0.256119225 0.26138612031249997 0.33255874531249996 0.34167948125000003 0.349816665625 0.36208783125 0.2747905890625 0.2855293203125 0.256119225
1 0.2611568421875 0.3347285125 0.23225561875 0.419752040625 0.31773837656250004 0.43678281874999997 0.34123889375 0.3494256234375 0.2611568421875 0.3347285125
1 0.2324544375 0.419553371875 0.20011855937499998 0.5159099484375 0.29063518906249997 0.5320344859375 0.316835684375 0.43720506718749996 0.2324544375 0.419553371875
1 0.2901947109375 0.5316425812500001 0.1998356703125 0.5161965640624999 0.16266609999999998 0.6234628515625 0.2603356203125 0.63937625625 0.2901947109375 0.5316425812500001
1 0.2905947828125 0.53280985625 0.2598604140625 0.6392490859375 0.3558921765625 0.6545383124999999 0.380646153125 0.5463893453125 0.2905947828125 0.53280985625
1 0.3806072265625 0.5453994265625 0.4013893796875 0.44879795937500006 0.3178110140625 0.43597786875000005 0.2909169609375 0.5323444125 0.3806072265625 0.5453994265625
1 0.4008472140625 0.44874892187500004 0.379317434375 0.5458672703125 0.4697732671875 0.5587059296875 0.48471443281250004 0.463548803125 0.4008472140625 0.44874892187500004
1 0.3809626578125 0.5464345359375 0.355527515625 0.6541565640625 0.45022663906249993 0.6702351859375 0.4694897296875 0.5589924500000001 0.3809626578125 0.5464345359375
1 0.5594932296875 0.5734042203125 0.470128696875 0.5597410359375 0.45160083125000006 0.669124046875 0.546215671875 0.6858451046875 0.5594932296875 0.5734042203125
1 0.4867697921875 0.4628646015625 0.47089426406249996 0.5595246781250001 0.5593244312500001 0.574690815625 0.5696972140625001 0.476901984375 0.4867697921875 0.4628646015625
1 0.654216515625 0.4905814046875 0.5700032312500001 0.47625315781250005 0.5590296343750001 0.5737313203125 0.64777379375 0.590253446875 0.654216515625 0.4905814046875
1 0.6472108734375001 0.590799846875 0.5591900812499999 0.5743830140624999 0.545713384375 0.686467121875 0.6410639812500001 0.7013294078125 0.6472108734375001 0.590799846875
1 0.7366362 0.6077489093749999 0.648101109375 0.5898845406250001 0.64102178125 0.7016510578124999 0.7358773109375 0.7184071515625 0.7366362 0.6077489093749999
1 0.6543183984375001 0.490975875 0.6476929015625 0.5908700109375 0.7356113484375 0.60432270625 0.737491134375 0.507591321875 0.6543183984375001 0.490975875
1 0.6533958390625 0.4921325421875 0.660513425 0.40042395468749997 0.5809613796875001 0.38687875781250003 0.56995593125 0.4763824859375 0.6533958390625 0.4921325421875
1 0.6603016515625 0.4000328234375 0.65468563125 0.49166469687500003 0.7377272625 0.5067011984375 0.7380820046875 0.4159749796875 0.6603016515625 0.4000328234375
1 0.73852248125 0.416366884375 0.7372452328125 0.5066310359374999 0.819992115625 0.5239191703125 0.8162480000000001 0.43259633593749997 0.73852248125 0.416366884375
1 0.823538484375 0.626047015625 0.8198969296874999 0.52457935 0.73751786875 0.5063622640625 0.7361685171875 0.6084137515625 0.823538484375 0.626047015625
1 0.8176417468749999 0.43314545156250006 0.82026421875 0.5236494406250001 0.9033361890625 0.5403293125 0.8958313453125 0.44583763125000003 0.8176417468749999 0.43314545156250006
1 0.81958526875 0.523391553125 0.8240205125 0.626117178125 0.911149140625 0.643715315625 0.9028963609374999 0.539937503125 0.81958526875 0.523391553125
1 0.8301921374999999 0.737143559375 0.8217160640625 0.6238299453125 0.7365465343750001 0.6081559234375 0.735420359375 0.719744075 0.8301921374999999 0.737143559375
1 0.8229055765625001 0.6258503156249999 0.8294687703125 0.7370382671875 0.9226250203124999 0.7555137656250001 0.9097976515624999 0.6435326578125 0.8229055765625001 0.6258503156249999
1 0.8295764984374999 0.73780531875 0.8391205390625001 0.8622628453125 0.9409988468750001 0.8816792265625001 0.9230360093750001 0.7545322125 0.8295764984374999 0.73780531875
1 0.7360298375000001 0.71911920625 0.7389726140625 0.8427696640625 0.8400009578125 0.8630457 0.8300360515625 0.7367350484374999 0.7360298375000001 0.71911920625
1 0.641093159375 0.701001471875 0.6366545921875 0.8229606109375001 0.7395693828125001 0.8438399000000001 0.7365969125 0.7185461671875 0.641093159375 0.701001471875
1 0.5459429546875 0.6864311125 0.5329620859374999 0.8076020796875 0.6376010546875001 0.822832978125 0.6414092640625 0.7001651718749999 0.5459429546875 0.6864311125
1 0.35549404375 0.6559294953125 0.3272192828125 0.7740526609375 0.4305144 0.7920380687499999 0.45136822031249996 0.6705402031250001 0.35549404375 0.6559294953125
1 0.4507136625 0.6704080171875 0.43075508906250004 0.7920731046875 0.5338208421874999 0.8080575031249999 0.546592334375 0.686366571875 0.4507136625 0.6704080171875
1 0.259871184375 0.640147025 0.22367103125 0.7587555515625 0.32750158906250004 0.7745243609375 0.355420271875 0.65536599375 0.259871184375 0.640147025
1 0.22362883125000002 0.7590771984375 0.26011462343749997 0.6394223015625 0.1631167015625 0.6247526015625 0.1199967671875 0.743665071875 0.22362883125000002 0.7590771984375
0 0.969511490625 0.9307010953124999 0.9716924625000001 0.9140774546875001 0.897310684375 0.13307772812500002 0.336940946875 0.0195415890625 0.07504025 0.767344896875 0.969511490625 0.9307010953124999