1 0.2694701734375 0.6507414828125 0.2114978921875 0.639229453125 0.1980238 0.7036775453125 0.251175803125 0.71879105625 0.2694701734375 0.6507414828125
1 0.223009871875 0.5737261499999999 0.21157171406250003 0.639172646875 0.2694135046875 0.6511643796875 0.281678971875 0.5828224515625 0.223009871875 0.5737261499999999
1 0.2372696265625 0.5116143515625 0.22341599531249998 0.5739604671875 0.28250235 0.583027759375 0.29585883281249997 0.5170870375 0.2372696265625 0.5116143515625
1 0.24888334531249998 0.4481360796875 0.23655407187500002 0.510691203125 0.29613866875 0.5171019859375 0.30750355625000003 0.451267496875 0.24888334531249998 0.4481360796875
1 0.25796732968749997 0.3858220484375 0.24928941093749998 0.44810377343749996 0.3076959859375 0.45108675312499996 0.318191203125 0.385419109375 0.25796732968749997 0.3858220484375
1 0.258131134375 0.38491347343750004 0.3172910078125 0.3850058453125 0.3267809890625 0.3186338046875 0.2661949234375 0.321979971875 0.258131134375 0.38491347343750004
1 0.2658932015625 0.3221083046875 0.325179775 0.31966606875000003 0.3357717234375 0.25395094375 0.274828115625 0.259971934375 0.2658932015625 0.3221083046875
1 0.2746495640625 0.26001572031250003 0.33494395 0.25420575 0.343822428125 0.1879502140625 0.2806667390625 0.197145015625 0.2746495640625 0.26001572031250003
1 0.3359175828125 0.253904059375 0.3990828671875 0.246560621875 0.40759053281249996 0.1771431546875 0.3434279890625 0.1879291453125 0.3359175828125 0.253904059375
1 0.3258998171875 0.3188931828125 0.388466496875 0.31541589375 0.3990050953125 0.2456587171875 0.3356142890625 0.2536435078125 0.3258998171875 0.3188931828125
1 0.31746186875000004 0.3851195984375 0.37928860000000003 0.3843331546875 0.38862492656250003 0.31466093125 0.325829465625 0.31968525 0.31746186875000004 0.3851195984375
1 0.307723434375 0.45127586875 0.3701892765625 0.45371901562500006 0.3795455421875 0.38389800625000003 0.31707043437500004 0.3850494140625 0.307723434375 0.45127586875
1 0.29721938125 0.516909290625 0.359152403125 0.5227610734375 0.3701822625 0.45377804218750006 0.30783117656250003 0.45104605 0.29721938125 0.516909290625
1 0.2823966234375 0.5832759125 0.345774765625 0.59296599375 0.3595658015625 0.5226339828125 0.296311059375 0.51775851875 0.2823966234375 0.5832759125
1 0.2701418109375 0.6506970359375 0.3336415421875 0.664113534375 0.3456006625 0.5926360671875 0.2827259078125 0.5834426765625 0.2701418109375 0.6506970359375
1 0.2513457 0.7179705578125 0.3134621015625 0.7343054328124999 0.3334222046875 0.66385409375 0.27067067499999997 0.6507765859375 0.2513457 0.7179705578125
1 0.31344795468750003 0.7342574281250001 0.3831259625 0.753067809375 0.4028953125 0.6781175312500001 0.33348345468749996 0.6643852156250001 0.31344795468750003 0.7342574281250001
1 0.33444161562499997 0.6640921468750001 0.4028872265625 0.677623675 0.4174527765625 0.6029941390625 0.345750153125 0.5930294765624999 0.33444161562499997 0.6640921468750001
1 0.3461776515625 0.5926101874999999 0.41660506406250003 0.6033977312500001 0.43130722343750005 0.52922436875 0.359284246875 0.523132615625 0.3461776515625 0.5926101874999999
1 0.403044659375 0.6779311078125 0.4813016359375 0.6937815703125 0.49447406875000005 0.61473871875 0.4175504859375 0.603747259375 0.403044659375 0.6779311078125
1 0.417345684375 0.60382001875 0.4948883546875 0.6146116734375 0.5082154437499999 0.5373725828125 0.43010495000000004 0.52930931875 0.417345684375 0.60382001875
1 0.40425291406249997 0.677394228125 0.3838728609375 0.752461734375 0.4636413984375 0.7733305640625 0.48118808125 0.6942216796875 0.40425291406249997 0.677394228125
1 0.4312341671875 0.529489115625 0.44276315000000005 0.45736227031250004 0.3695938453125 0.4539025328125 0.35897738437500004 0.5227584765625 0.4312341671875 0.529489115625
1 0.5209389437499999 0.4604913984375 0.4431703890625 0.45670025000000003 0.4301725890625 0.5291050328125 0.5079077843750001 0.5369977234375 0.5209389437499999 0.4604913984375
1 0.453235809375 0.3839774984375 0.378722153125 0.38394649687500004 0.3698580453125 0.45373372187500005 0.44318469218749995 0.45750156249999996 0.453235809375 0.3839774984375
1 0.5314921578125 0.3840417046875 0.45307558124999997 0.3841916890625 0.4429069078125 0.45711075 0.520057709375 0.4604841484375 0.5314921578125 0.3840417046875
1 0.46383711562499996 0.311642471875 0.389259965625 0.3142419296875 0.3791158046875 0.3840201765625 0.4532549515625 0.38468929531249996 0.46383711562499996 0.311642471875
1 0.543303196875 0.308107403125 0.46366087968749997 0.3119293828125 0.452269746875 0.3846366671875 0.53241973125 0.3848783046875 0.543303196875 0.308107403125
1 0.4741807984375 0.2397209609375 0.46346602968750006 0.3117542765625 0.542889325 0.30757701875 0.55408668125 0.23142161093750002 0.4741807984375 0.2397209609375
1 0.3894823390625 0.3150462578125 0.4643955453125 0.311735078125 0.47499575624999996 0.2400358453125 0.3983649359375 0.24611592187500003 0.3894823390625 0.3150462578125
1 0.399809978125 0.24612223906250003 0.4747985375 0.24002531093749999 0.47970655781250005 0.16637568125 0.40710771718750005 0.177908465625 0.399809978125 0.24612223906250003
1 0.47511983593749996 0.2394437484375 0.5554600453125 0.23147540000000003 0.5623240265625 0.15359202968750002 0.48026487500000004 0.16611525625 0.47511983593749996 0.2394437484375
1 0.46344253750000003 0.7731653671875 0.5515643078125 0.798033615625 0.565571315625 0.712348796875 0.48183848124999995 0.694549371875 0.46344253750000003 0.7731653671875
1 0.552054621875 0.7977999328125 0.646920090625 0.8252113718749999 0.6640203125 0.7334095656249999 0.5660985734375 0.7121866125 0.552054621875 0.7977999328125
1 0.581081284375 0.6286484406249999 0.494584478125 0.6145090421875 0.48083550781250006 0.6944957953124999 0.5669242640625 0.7135631703125 0.581081284375 0.6286484406249999
1 0.5671218125 0.71229595 0.6637014 0.7330118296875 0.6781643703125 0.6439243953125 0.580410546875 0.628993309375 0.5671218125 0.71229595
1 0.59360958125 0.546039578125 0.5073209265624999 0.5369035984375 0.4957431984375 0.6148692890625 0.580407621875 0.6294825281249999 0.59360958125 0.546039578125
1 0.58069621875 0.6296457703125 0.678689590625 0.6442514734375 0.691924390625 0.55490808125 0.5929594125000001 0.545242771875 0.58069621875 0.6296457703125
1 0.6077279828125 0.46400368593749997 0.5203067625 0.460715478125 0.508751659375 0.537343853125 0.5954304359375 0.5463528453125 0.6077279828125 0.46400368593749997
1 0.5944320078125 0.5461651859375001 0.692298853125 0.5559061609375 0.7043786328125 0.467643840625 0.60691024375 0.46376965312499996 0.5944320078125 0.5461651859375001
1 0.62101201875 0.38303967031249997 0.6080512265625 0.46330747656250004 0.704277328125 0.4683998296875 0.7171583609375001 0.3817031125 0.62101201875 0.38303967031249997
1 0.5206109765625 0.46052180312499996 0.606297025 0.46365859374999996 0.6205986671875 0.3833199875 0.5323774609374999 0.38393847187499996 0.5206109765625 0.46052180312499996
1 0.532245896875 0.3840522671875 0.6212434140624999 0.38331595625000003 0.6321100953125 0.30222348125 0.5438074265624999 0.3072156640625 0.532245896875 0.3840522671875
1 0.5439374765625 0.3071665859375 0.6305545390625 0.3025210875 0.64167271875 0.22144137343749998 0.55505226875 0.231093165625 0.5439374765625 0.3071665859375
1 0.5551029203125 0.230715171875 0.6441618359375 0.221955715625 0.6531469546875 0.13982785625 0.5610200625 0.1545159734375 0.5551029203125 0.230715171875
1 0.621305659375 0.38327878125 0.7170017015625 0.38153679375 0.7283009593750001 0.29532663124999997 0.631294234375 0.3030904765625 0.621305659375 0.38327878125
1 0.6325081 0.30309929375 0.729805865625 0.2954070203125 0.7407053890624999 0.20841410468750002 0.6437915624999999 0.2211333609375 0.6325081 0.30309929375
1 0.64373738125 0.22137076718749998 0.7407307140625 0.20822510625 0.747842896875 0.1212317015625 0.6533020953124999 0.14073996875 0.64373738125 0.22137076718749998
1 0.7409687734375 0.20862527343749998 0.8539408234374999 0.194119853125 0.86778505 0.098332390625 0.74811791875 0.121075615625 0.7409687734375 0.20862527343749998
1 0.7297630875000001 0.2950051359375 0.8375320765625001 0.286476996875 0.8519721109375 0.1937615625 0.7401591562500001 0.20805687343749998 0.7297630875000001 0.2950051359375
1 0.8543293921874999 0.193837534375 0.9749600359375 0.173932853125 0.9923809265625 0.0740292765625 0.8695079531250001 0.0981213515625 0.8543293921874999 0.193837534375
1 0.8380941 0.2862957453125 0.9616681312500001 0.27417849375 0.9762202343749999 0.1731084953125 0.8527852234375001 0.193876546875 0.8380941 0.2862957453125
1 0.717679546875 0.381993528125 0.8238368234375001 0.3798106921875 0.837343996875 0.2865385015625 0.7284426749999999 0.2941489 0.717679546875 0.381993528125
1 0.8253014296875 0.3790033296875 0.9484512515624999 0.37531981718749996 0.9610346421875 0.273891528125 0.8376771328125001 0.286556296875 0.8253014296875 0.3790033296875
1 0.7046720671875 0.468458715625 0.8101044937499999 0.471992209375 0.823777121875 0.379995828125 0.71675345 0.38111920781249997 0.7046720671875 0.468458715625
1 0.8114060421874999 0.4723148609375 0.9350735453125001 0.477400921875 0.9483915484375001 0.3755049515625 0.8234768625 0.3797259890625 0.8114060421874999 0.4723148609375
1 0.6917923609375001 0.554851753125 0.7979969703124999 0.56736551875 0.8108399984375 0.47152457343750004 0.703054178125 0.468300065625 0.6917923609375001 0.554851753125
1 0.7987315859375 0.5668978359375 0.922654721875 0.580104978125 0.9351072234375 0.477149596875 0.8110383359375 0.4725483421875 0.7987315859375 0.5668978359375
1 0.6640757359375 0.7328023265625 0.774502253125 0.7597274171875 0.7852112015625 0.6622516968750001 0.6784474890625 0.6438814671875 0.6640757359375 0.7328023265625
1 0.6480551625000001 0.8247799328125 0.7571488093750001 0.859127671875 0.772735878125 0.7578591593749999 0.66571261875 0.733900915625 0.6480551625000001 0.8247799328125
1 0.7612506828125001 0.8586171125 0.8842098937499999 0.8940673312499999 0.8987344640625 0.788181765625 0.7736319093749999 0.7586974484375 0.7612506828125001 0.8586171125
1 0.7862420343750001 0.6620840125 0.7740424499999999 0.7587652796875 0.8983675546875001 0.7884159656249999 0.910987740625 0.6842025671874999 0.7862420343750001 0.6620840125
1 0.6905584921875 0.5550990421875001 0.679028690625 0.643276665625 0.7843542484375 0.6627175703125 0.7978645375 0.56691159375 0.6905584921875 0.5550990421875001
1 0.7854840828125 0.66234525 0.9112363531250001 0.6839364 0.9231565765624999 0.5799387375 0.7981985640625 0.5669294359375 0.7854840828125 0.66234525
0 0.17231921249999999 0.720154809375 0.9129481453125001 0.9347140093749999 0.9865055765624999 0.40358494218749996 0.9973968125000001 0.0360057453125 0.25692042187499997 0.1727483234375 0.17231921249999999 0.720154809375