1 0.20039527031249998 0.898464403125 0.27430145 0.9006814890625 0.2639374375 0.8182025734374999 0.1923693171875 0.81785013125 0.20039527031249998 0.898464403125
1 0.191795425 0.8190553828124999 0.262625153125 0.8186744328125 0.25163056250000004 0.7386441203125 0.1864200140625 0.7420885765625 0.191795425 0.8190553828124999
1 0.1736121546875 0.66769019375 0.1865073703125 0.7423160531249999 0.251077409375 0.739377596875 0.23738012187500002 0.65961719375 0.1736121546875 0.66769019375
1 0.173959421875 0.6678026328125 0.2374187390625 0.6599541421875 0.22508590781249999 0.5841484796875 0.156903271875 0.59743429375 0.173959421875 0.6678026328125
1 0.23700735156250002 0.6603360296874999 0.3013807578125 0.6535664578125 0.2864736375 0.57120044375 0.225047215625 0.5838108625 0.23700735156250002 0.6603360296874999
1 0.251274271875 0.7392236390625 0.31808975625 0.7357532015625 0.3013421421875 0.6532295109375 0.23745735625000003 0.6602910890625 0.251274271875 0.7392236390625
1 0.2622655171875 0.81764406875 0.3310531984375 0.8210404328124999 0.318874728125 0.7346517203125 0.25055017031250004 0.738748640625 0.2622655171875 0.81764406875
1 0.2747576375 0.900415253125 0.3426406796875 0.9102152765625 0.33187686250000004 0.82027656875 0.2637192515625 0.8178795078125001 0.2747576375 0.900415253125
1 0.20997623906250001 0.5093341296875 0.2257956015625 0.583852875 0.2859711296875 0.5712276828125 0.269084959375 0.4925044703125 0.20997623906250001 0.5093341296875
1 0.1553262953125 0.5976727640624999 0.2252759265625 0.5840134234375001 0.21028346406249998 0.5087433140625001 0.1408926546875 0.5240778609375 0.1553262953125 0.5976727640624999
1 0.14158020468750002 0.5244384078125 0.2098809578125 0.5085027703125 0.19356624375 0.43476571875000003 0.1293178046875 0.455750884375 0.14158020468750002 0.5244384078125
1 0.12791695 0.455512859375 0.1951424515625 0.4354485078125 0.1777809 0.36237613281250003 0.11810159375 0.3840259375 0.12791695 0.455512859375
1 0.1939186 0.4350483875 0.25136300624999997 0.4130238484375 0.23463550937500002 0.33568512500000003 0.1770403984375 0.362450084375 0.1939186 0.4350483875
1 0.21061910468749998 0.508911578125 0.2696984453125 0.49132226093750003 0.2513312734375 0.4127469515625 0.1939052046875 0.4344518 0.21061910468749998 0.508911578125
1 0.1784091921875 0.36283302968750003 0.1547843375 0.28931852343750003 0.1053176625 0.3170398546875 0.1179409140625 0.384975315625 0.1784091921875 0.36283302968750003
1 0.177428490625 0.36246261562500004 0.234952609375 0.3358174484375 0.213784028125 0.2578775578125 0.154061140625 0.29045567499999997 0.177428490625 0.36246261562500004
1 0.2696183578125 0.4919761 0.33598417343750003 0.47272307500000005 0.317420475 0.3878561 0.2509117625 0.4125546703125 0.2696183578125 0.4919761
1 0.251586353125 0.41290436562500005 0.31806353125000003 0.387537459375 0.29911526875 0.3052524359375 0.23489227031249998 0.3350629078125 0.251586353125 0.41290436562500005
1 0.23391326875 0.3354150984375 0.2981939265625 0.306107715625 0.27479101875 0.223504296875 0.2138328109375 0.2580751453125 0.23391326875 0.3354150984375
1 0.29940715625 0.3051490515625 0.37360215625 0.270093790625 0.3499885625 0.182679415625 0.27518454531250003 0.2239731671875 0.29940715625 0.3051490515625
1 0.31714345625 0.38816788125 0.3923197765625 0.359268546875 0.3723159640625 0.27073040625 0.2988945640625 0.3062914921875 0.31714345625 0.38816788125
1 0.33540808437499997 0.47253293281250003 0.4125837875 0.45006915156250005 0.394729853125 0.3595360296875 0.3168917640625 0.3891803359375 0.33540808437499997 0.47253293281250003
1 0.318708296875 0.7356374390625 0.39145198125 0.73321623125 0.3728448578125 0.6450056125 0.30047445625 0.6530273234374999 0.318708296875 0.7356374390625
1 0.3014314546875 0.652829171875 0.3710046640625 0.6443944015625 0.3539483796875 0.5573529796875001 0.2861779859375 0.57153838125 0.3014314546875 0.652829171875
1 0.2858264890625 0.5710194234375 0.353918403125 0.557091428125 0.3348809703125 0.471307390625 0.26961116406249996 0.4918661421875 0.2858264890625 0.5710194234375
1 0.3532780296875 0.5576851453125 0.4323895703125 0.5405126250000001 0.41211236875 0.4500845125 0.33404050625 0.473245840625 0.3532780296875 0.5576851453125
1 0.372521784375 0.64531659375 0.45483431249999995 0.634447478125 0.4342568921875 0.54139984375 0.353594515625 0.557403165625 0.372521784375 0.64531659375
1 0.3916624859375 0.7335981 0.47513242343749995 0.7312313609375 0.4557648578125 0.6332950171875 0.37240172656250004 0.644269053125 0.3916624859375 0.7335981
1 0.3323667703125 0.8208471640624999 0.4066612 0.824847596875 0.3912241109375 0.7334063515625 0.31851265 0.7353694875000001 0.3323667703125 0.8208471640624999
1 0.341869178125 0.9105534937499999 0.4203873859375 0.9199041921875001 0.40710148437499993 0.8255986140625 0.33150925781249996 0.8209618203125 0.341869178125 0.9105534937499999
1 0.41960919218750004 0.9196964421875 0.5120825531250001 0.9322040640625 0.4924047984375 0.8284706078124999 0.40710148437499993 0.8255986140625 0.41960919218750004 0.9196964421875
1 0.4069814265625 0.824551071875 0.493333234375 0.8292579046874999 0.476307315625 0.731267221875 0.3903736 0.732166540625 0.4069814265625 0.824551071875
1 0.4940370703125 0.828604534375 0.595521221875 0.8353917546874999 0.57291264375 0.7277121921874999 0.475227553125 0.731109834375 0.4940370703125 0.828604534375
1 0.51166816875 0.9314902796875 0.6196101265625 0.945119475 0.5959710281249999 0.8346294578125001 0.49481478125 0.8293663953125 0.51166816875 0.9314902796875
1 0.549797053125 0.6228987796875 0.45578231406249997 0.6336124828125 0.4747104875 0.7307977203125 0.5732460921875 0.7286398921874999 0.549797053125 0.6228987796875
1 0.43395509218750006 0.5420144125 0.4554113421875 0.6342447578125 0.549156678125 0.623492496875 0.5255184078124999 0.5222736234375 0.43395509218750006 0.5420144125
1 0.4338539265625 0.541178915625 0.525977584375 0.5232366828125 0.5032189875 0.42351992968749996 0.41278624375 0.4500347609375 0.4338539265625 0.541178915625
1 0.41245329999999997 0.449646221875 0.5025154015625 0.42377443125 0.4813667796875 0.3257507359375 0.3942250296875 0.35935429218750004 0.41245329999999997 0.449646221875
1 0.393434621875 0.3586389171875 0.482157184375 0.3264661109375 0.4579185671875 0.2292807703125 0.37199673125 0.2704457796875 0.393434621875 0.3586389171875
1 0.372818334375 0.270253725 0.4583889 0.23029400312499998 0.4336299640625 0.13474991875 0.350409621875 0.1809427921875 0.372818334375 0.270253725
1 0.458161153125 0.23024926250000002 0.560196996875 0.18176837968749998 0.5332577749999999 0.0795550875 0.43582550781249996 0.134584646875 0.458161153125 0.23024926250000002
1 0.48087208593749997 0.3265067171875 0.5848533203125 0.28605067812499996 0.5602144296875 0.1822822328125 0.458440640625 0.230328653125 0.48087208593749997 0.3265067171875
1 0.5031974578125 0.42320624531249995 0.611093096875 0.391503640625 0.585773884375 0.284889765625 0.480829084375 0.3268943328125 0.5031974578125 0.42320624531249995
1 0.525921278125 0.5225566484375 0.6347512562500001 0.4994468578125 0.6114722546875 0.39209879375 0.5028162593750001 0.42334824375 0.525921278125 0.5225566484375
1 0.550501315625 0.6235309765625 0.664698740625 0.6097421625 0.635869253125 0.5002995828125 0.52409238125 0.5228540203125001 0.550501315625 0.6235309765625
1 0.5731460625 0.7279007875 0.6916092859375 0.7229902578125 0.6641372203125 0.60960050625 0.550309453125 0.6233746734375 0.5731460625 0.7279007875
1 0.5962395078125 0.8340701796875001 0.7183262546875 0.839275659375 0.6912749328125 0.7225343765625001 0.5720509578125 0.7278218671875 0.5962395078125 0.8340701796875001
1 0.61864805625 0.94472290625 0.7458758734375001 0.9614578421875001 0.720198103125 0.8391643078125 0.59615834375 0.83410123125 0.61864805625 0.94472290625
1 0.7763317078124999 0.9632537109375001 0.8966924890625 0.9512336640625 0.8701762453124999 0.8448014203125 0.7204292265625 0.8398990953125001 0.7458684109375 0.9601108921874999 0.7763317078124999 0.9632537109375001
1 0.69128755 0.722463603125 0.719168728125 0.839423 0.8717659609374999 0.8446426609375 0.8366601984375001 0.7172729421875 0.69128755 0.722463603125
1 0.8063741875 0.592377103125 0.6644555750000001 0.610160565625 0.6910637562499999 0.723035290625 0.8375271874999999 0.71683205625 0.8063741875 0.592377103125
1 0.6356688375 0.5007292375 0.665103353125 0.609356228125 0.8066384375 0.5925673453125 0.7723850062500001 0.47263449687500003 0.6356688375 0.5007292375
1 0.6348630765625 0.49981698750000003 0.7749798765625 0.4714001828125 0.7446459140624999 0.3540837640625 0.6114743359375 0.3920540453125 0.6348630765625 0.49981698750000003
1 0.71255545 0.23889175625 0.584848290625 0.28594387656250003 0.610706459375 0.39227447656250003 0.744707890625 0.3545223078125 0.71255545 0.23889175625
1 0.5855127859375 0.2852539453125 0.7140837828125 0.2381580703125 0.6842612484374999 0.1253040421875 0.5597002828125001 0.182270815625 0.5855127859375 0.2852539453125
1 0.560831925 0.18177988125 0.6841930374999999 0.124708878125 0.6529503453125 0.0135009359375 0.5338538749999999 0.0795502203125 0.560831925 0.18177988125
1 0.6783489578124999 0 0.6511646484375 0.01546495 0.684796890625 0.1253693234375 0.8130574578124999 0.056179837499999996 0.7938151890625 0 0.6783489578124999 0
1 0.7128264843750001 0.23877155781249998 0.8563733421874999 0.181506790625 0.812850684375 0.054375665625 0.684690565625 0.12554258437500002 0.7128264843750001 0.23877155781249998
1 0.7433045359375 0.3542467421875 0.8933562078125 0.309054821875 0.8558649812500001 0.18192333125 0.7131757765625 0.238594953125 0.7433045359375 0.3542467421875
1 0.774003284375 0.47110494531249997 0.9243612375 0.43924129375 0.8929928859375 0.309392090625 0.7430440984375 0.355355903125 0.774003284375 0.47110494531249997
1 0.8055224609374999 0.5923535109375 0.9587729734374999 0.57633081875 0.9234392874999999 0.43995760937500006 0.7742404875 0.4714051890625 0.8055224609374999 0.5923535109375
1 0.8365767156249999 0.716709671875 0.9960372 0.715519084375 0.9582391234375001 0.575180184375 0.805380915625 0.592250896875 0.8365767156249999 0.716709671875
1 1 0.7319423890625 0.9955878234375 0.7153021171875 0.8385714312499999 0.7171434859375 0.8698285875 0.8448192671875001 1 0.8544263140625 1 0.7319423890625
1 1 0.8536976875000001 0.8712576234375 0.8444538515625 0.8969515156250001 0.9512077953125001 1 0.9409166703125 1 0.8536976875000001
0 0.667258390625 0 0.0745371796875 0.30026279375 0.164156409375 0.932071546875 0.73191131875 0.967689834375 1 0.940916671875 1 0.7325554140625 0.791641003125 0 0.667258390625 0