1 0.6533616 0.21710639375000002 0.6113824140624999 0.21187514843750002 0.63070784375 0.290720846875 0.6726031140625001 0.2918849203125 0.6533616 0.21710639375000002
1 0.6728197234375 0.2918503671875 0.63238855625 0.2895112734375 0.6580872875 0.3676541125 0.698381159375 0.3649930828125 0.6728197234375 0.2918503671875
1 0.6977683515625 0.36446319531250004 0.65729403125 0.3665244859375 0.6851967421875 0.4436889796875 0.723039134375 0.43890756406250003 0.6977683515625 0.36446319531250004
1 0.7229559625 0.43996984218749996 0.68558534375 0.44397078125 0.7091374140625 0.5215798281249999 0.74739283125 0.513908134375 0.7229559625 0.43996984218749996
1 0.7716479875 0.58866085 0.732960246875 0.5991456828125 0.7600401171875 0.6771722171875 0.7946984953125 0.6622323234375 0.7716479875 0.58866085
1 0.70897864375 0.5219965515625 0.7336131531250001 0.5994329234375 0.7713444218750001 0.58812041875 0.74739283125 0.513908134375 0.70897864375 0.5219965515625
1 0.795216575 0.6625419546875 0.7595780296875 0.6770493515625 0.7833774203125 0.755011221875 0.8172503546875 0.7374515671874999 0.795216575 0.6625419546875
1 0.783727871875 0.7547596203125 0.82009284375 0.8287556171875 0.854041940625 0.8053023078124999 0.817633359375 0.737782746875 0.783727871875 0.7547596203125
1 0.7838629484374999 0.7547380718750001 0.746854684375 0.773189275 0.7817345453125 0.8531088718750001 0.8200140125000001 0.8289647734375001 0.7838629484374999 0.7547380718750001
1 0.7216723328125 0.6925072671875 0.7475638375 0.773664125 0.7832985906250001 0.755220375 0.7597699625 0.6772153125 0.7216723328125 0.6925072671875
1 0.6937406984375001 0.6106956015625 0.7214015703125 0.6925504578125 0.7595780296875 0.6770493515625 0.7333429984375 0.5994760203125 0.6937406984375001 0.6106956015625
1 0.70897864375 0.5219965515625 0.66902018125 0.530135615625 0.6943147749999999 0.6111919984374999 0.733287003125 0.5992892546874999 0.70897864375 0.5219965515625
1 0.6840636531250001 0.44362466874999995 0.6427125109375 0.44806489374999997 0.6680631 0.5293080406249999 0.7086981625 0.5210610421874999 0.6840636531250001 0.44362466874999995
1 0.6845817328125 0.4439343015625 0.65751158125 0.366886465625 0.6151505109375 0.36795818593749996 0.643016434375 0.4486043859375 0.6845817328125 0.4439343015625
1 0.6580628234375 0.36777878125 0.6316914984374999 0.29022719218750004 0.587013828125 0.2873551828125 0.6155335156249999 0.3682893640625 0.6580628234375 0.36777878125
1 0.6310711437500001 0.29052273125 0.6117606421875 0.21145250781249997 0.5654858515625001 0.2060902171875 0.587453078125 0.2878739671875 0.6310711437500001 0.29052273125
1 0.5658883109375 0.2062225953125 0.51307453125 0.20033431249999997 0.5386559203125 0.28565822343749997 0.5872714718750001 0.288686609375 0.5658883109375 0.2062225953125
1 0.5867825625 0.289156878125 0.5391740031250001 0.28596785625 0.5680961296875 0.3691906203125 0.6156089640625 0.36827732968750004 0.5867825625 0.289156878125
1 0.6158602734375 0.36843293906249996 0.568776365625 0.368886409375 0.597030746875 0.453195065625 0.6428481968749999 0.4480432484375 0.6158602734375 0.36843293906249996
1 0.642745671875 0.448647578125 0.5970404640625 0.4541737671875 0.6242361015625 0.53825991875 0.66849238125 0.5288472828125 0.642745671875 0.448647578125
1 0.6520919453125 0.6236018234375 0.6941764171875 0.6112026078125 0.6690436234375 0.5297396 0.6246987984375 0.5383826890625001 0.6520919453125 0.6236018234375
1 0.6950115390625 0.6106771109375 0.6526791390625 0.6227236 0.6790037046874999 0.7091057890625 0.72134204375 0.692351915625 0.6950115390625 0.6106771109375
1 0.721480653125 0.69234214375 0.679310296875 0.7096563140625001 0.706436821875 0.7949303234375 0.74759725 0.7742476500000001 0.721480653125 0.69234214375
1 0.7475204375 0.7744635359375 0.7070034515625 0.7944555906249999 0.7413015765625001 0.8785846875000001 0.7807074921875 0.85346840625 0.7475204375 0.7744635359375
1 0.6589044875 0.81799405 0.6947333171875 0.9083854703125 0.739363321875 0.8784249125000001 0.7068715078125 0.793964475 0.6589044875 0.81799405
1 0.7064982515625 0.794590834375 0.6795593671875 0.709540771875 0.6328756249999999 0.7279389968750001 0.660397025 0.816131315625 0.7064982515625 0.794590834375
1 0.679316046875 0.7093309984375 0.6523351046875 0.6235409953125 0.6036405312500001 0.6370334546875001 0.6327331140625 0.7274636703125 0.679316046875 0.7093309984375
1 0.65209239375 0.623331125 0.6245370828125 0.5386279843749999 0.575247621875 0.5477354531249999 0.6034689484375 0.6370608265625 0.65209239375 0.623331125
1 0.624122178125 0.5384455828125 0.5967393109375 0.45371581250000004 0.5469260921875 0.458675534375 0.5755202703125 0.547443371875 0.624122178125 0.5384455828125
1 0.5965671203125 0.4537432828125 0.5684253203125 0.3688851109375 0.51891840625 0.370062728125 0.5474414546874999 0.45859332343750003 0.5965671203125 0.4537432828125
1 0.568295790625 0.369652421875 0.538435715625 0.285068353125 0.4860006859375 0.282482653125 0.5176740468750001 0.369514584375 0.568295790625 0.369652421875
1 0.5129421015625 0.20003720937499997 0.4577088390625 0.192919940625 0.48582910156250003 0.2825100234375 0.53850684375 0.2853055953125 0.5129421015625 0.20003720937499997
1 0.4583664578125 0.1933122125 0.4018216828125 0.1824223296875 0.4289026640625 0.2781513875 0.486071815625 0.28271989531249997 0.4583664578125 0.1933122125
1 0.4856575171875 0.2825373953125 0.42917470468749996 0.2778594015625 0.46069699843749995 0.3703905578125 0.5185752390625 0.370117471875 0.4856575171875 0.2825373953125
1 0.5183882093750001 0.36961486875 0.46106606250000004 0.3693717078125 0.49264481875 0.46429423593749997 0.5474518421875 0.458596071875 0.5183882093750001 0.36961486875
1 0.5472981921875 0.45918299375 0.4931213453125 0.46421645624999996 0.5228938265624999 0.5577160921875 0.5761326828125 0.54761895 0.5472981921875 0.45918299375
1 0.5761668375 0.548215578125 0.5232854375 0.5580547140625 0.5522139671875 0.6530923640624999 0.6037657609375 0.6378509234374999 0.5761668375 0.548215578125
1 0.6042385921875 0.6379756015625 0.552801559375 0.6535998249999999 0.583147865625 0.749013384375 0.633116565625 0.7280089875 0.6042385921875 0.6379756015625
1 0.6327830703124999 0.72786208125 0.582560628125 0.748504984375 0.6113510343749999 0.8435646640625001 0.65988555625 0.8177767234375001 0.6327830703124999 0.72786208125
1 0.6602432671875 0.8175195562500001 0.6111790140625 0.8429909078125 0.6446238046875 0.94051596875 0.6948401328125 0.9082441375 0.6602432671875 0.8175195562500001
1 0.6115606890625 0.8423288265625001 0.5565752140625 0.8717524953125 0.593000140625 0.9734142718750001 0.6443945281250001 0.9397512406249999 0.6115606890625 0.8423288265625001
1 0.5562843421875 0.8732022781250001 0.61040573125 0.8433143703124999 0.5830903578125 0.7488215703125001 0.525864128125 0.773189271875 0.5562843421875 0.8732022781250001
1 0.49454592656249996 0.6721162406250001 0.525911446875 0.772379540625 0.5826514296874999 0.7492926843750001 0.551522153125 0.653202721875 0.49454592656249996 0.6721162406250001
1 0.523929934375 0.5587540875 0.46361898281249997 0.5713827703125001 0.4949375390625 0.6724548625 0.5526055765625 0.653430984375 0.523929934375 0.5587540875
1 0.49292535937500004 0.464047615625 0.43054889999999996 0.46978701875000006 0.4639770484375 0.5711246640625001 0.5240111515625 0.5585401437499999 0.49292535937500004 0.464047615625
1 0.46140099375 0.37002525625 0.39855901562499996 0.37082659375000004 0.4306403109375 0.47057462031249997 0.49270576874999994 0.4642827484375 0.46140099375 0.37002525625
1 0.460408371875 0.37058469375 0.428363859375 0.27724739062500003 0.3647124234375 0.27196137187499997 0.3988358640625 0.37078243125 0.460408371875 0.37058469375
1 0.40179589218749995 0.1828275375 0.3372434890625 0.170668334375 0.3645736984375 0.2719835015625 0.42842111562499996 0.2774383625 0.40179589218749995 0.1828275375
1 0.3645503421875 0.2723883171875 0.2925750984375 0.2664264328125 0.3275554140625 0.37052334062500003 0.3981200875 0.37129770624999997 0.3645503421875 0.2723883171875
1 0.3379142171875 0.1709703671875 0.2602207828125 0.1560943484375 0.2913763 0.265815484375 0.36465516875000004 0.2717703984375 0.3379142171875 0.1709703671875
1 0.3986971359375 0.3708045609375 0.3273261375 0.3697586125 0.36149281875 0.47839732343749997 0.4305828015625 0.4703828078125 0.3986971359375 0.3708045609375
1 0.4309846046875 0.47172297343749997 0.36171154687499996 0.4781614453125 0.39673620781249996 0.5838565265625 0.463446709375 0.570808171875 0.4309846046875 0.47172297343749997
1 0.463561475 0.5711909578125 0.39673620781249996 0.5838565265625 0.4298194640625 0.6922669765625 0.49407309843749997 0.6719915640624999 0.463561475 0.5711909578125
1 0.49498485781249996 0.67164513125 0.430281746875 0.6913910484375 0.464046878125 0.7986904328125 0.5252771421875 0.7726817125000001 0.49498485781249996 0.67164513125
1 0.5261070734375 0.7725493218749999 0.46329755625 0.7986089796875 0.4950099984375 0.9058347250000001 0.5566759546875 0.8735408984375 0.5261070734375 0.7725493218749999
1 0.5559115109375 1 0.5930340421875 0.9740100609375 0.5562744046875 0.8722015734375 0.4960700671875 0.9064678046875001 0.533200021875 1 0.5559115109375 1
1 0.5330297734375 1 0.4955064328125 0.9055554265625 0.42776771875 0.9432291218750001 0.4510697046875 1 0.5330297734375 1
1 0.463445615625 0.79958765 0.3918897609375 0.829850190625 0.427352753125 0.9432953171875 0.49587443750000004 0.9062980234375001 0.463445615625 0.79958765
1 0.4293130890625 0.691545571875 0.3557965515625 0.7143009109375 0.39185646875 0.8292543046875 0.463307496875 0.799609684375 0.4293130890625 0.691545571875
1 0.3963955015625 0.5851379546875 0.3200538375 0.5999227968749999 0.3561306546875 0.71444771875 0.4293130890625 0.691545571875 0.3963955015625 0.5851379546875
1 0.39672279375 0.5852620484375 0.3618502765625 0.4781393140625 0.28401082187500004 0.484540934375 0.3200877390625 0.6005185875 0.39672279375 0.5852620484375
1 0.3619077828125 0.47833112812499995 0.32839553593750004 0.3713924921875 0.24772748125000002 0.37222984062500003 0.283882284375 0.485564609375 0.3619077828125 0.47833112812499995
1 0.2479570109375 0.3729954109375 0.32829071249999997 0.3720104125 0.2923216078125 0.2660657796875 0.2098683640625 0.25756345937499997 0.2479570109375 0.3729954109375
1 0.2613856765625 0.1561095078125 0.174376165625 0.14111612499999998 0.2107564140625 0.2576227828125 0.2919773140625 0.2649174265625 0.2613856765625 0.1561095078125
0 0.576078965625 1 0.8753791718749999 0.807010484375 0.6633509046875 0.19272645 0.1364457796875 0.0985298375 0.43754705781250003 1 0.576078965625 1