1 0.3420956421875 0.8112469984375 0.27578398125 0.8122094984375 0.288055621875 0.8778143390625001 0.351718271875 0.8781345828125 0.3420956421875 0.8112469984375
1 0.4099243796875 0.819057459375 0.343050134375 0.8122709734375 0.3515129359375 0.8776394062499999 0.41654970156250004 0.88382980625 0.4099243796875 0.819057459375
1 0.4770158359375 0.8265801828124999 0.4093328921875 0.8180559281249999 0.416585453125 0.8845557359375 0.48122419687500007 0.8899987203125 0.4770158359375 0.8265801828124999
1 0.5437709984375 0.8309487328125 0.47677479375000004 0.82535999375 0.4810426953125 0.8899874999999999 0.545874125 0.895682721875 0.5437709984375 0.8309487328125
1 0.676687771875 0.904734659375 0.6804116890625 0.8408425062499999 0.61189055 0.8373297328125 0.61074130625 0.9021038750000001 0.676687771875 0.904734659375
1 0.610987559375 0.9017736890625001 0.6120833578125 0.8375426875 0.5443034124999999 0.8311543562500001 0.5462575765625 0.895939446875 0.610987559375 0.9017736890625001
1 0.7469979640625 0.8427699359374999 0.6796920937500001 0.840440725 0.676831090625 0.905111775 0.7415363453125 0.9076466265625 0.7469979640625 0.8427699359374999
1 0.7405446437500001 0.9070361265625 0.805211246875 0.9115834906250001 0.8138537953125 0.844339378125 0.746868846875 0.8429456249999999 0.7405446437500001 0.9070361265625
1 0.8138899984375 0.8450744734375 0.8244146109375 0.7797770421875 0.751956953125 0.7732822578125 0.747255553125 0.8424194328124999 0.8138899984375 0.8450744734375
1 0.6803719015625 0.8402990828125001 0.7468326453125 0.842210528125 0.7532062921875 0.7735431734375 0.6828963296875 0.7715774140625 0.6803719015625 0.8402990828125001
1 0.6797101953125 0.8408082734375 0.6835942421875 0.771803321875 0.6131092437500001 0.7690947953125 0.612368121875 0.8377439640625 0.6797101953125 0.8408082734375
1 0.61223965 0.8379187796875 0.613771640625 0.7685856484375 0.5421048500000001 0.7614069031249999 0.5436054546875 0.8309275328125001 0.61223965 0.8379187796875
1 0.5441742515625 0.8313291265625 0.5427105375 0.7625436390625 0.472339003125 0.7565442625000001 0.47669712343750004 0.82550870625 0.5441742515625 0.8313291265625
1 0.4765770390625 0.8258677109375 0.47263210781250004 0.756928815625 0.40209589687499997 0.75036915625 0.4097254171875 0.8188030046874999 0.4765770390625 0.8258677109375
1 0.4097254171875 0.8188030046874999 0.4026375625 0.7502198875 0.3326339453125 0.7433267296875 0.342891940625 0.8121067609375 0.4097254171875 0.8188030046874999
1 0.34259814843749997 0.81172216875 0.333461015625 0.7433778656250001 0.26264666718749996 0.7395487734375 0.2760542125 0.81090486875 0.34259814843749997 0.81172216875
1 0.2626226265625 0.7381281734375 0.332858178125 0.7437463171875 0.32193206874999997 0.6689296062500001 0.249373740625 0.666082840625 0.2626226265625 0.7381281734375
1 0.332831184375 0.7431981999999999 0.40228045312500005 0.74949601875 0.3948071890625 0.6754392390625 0.32248899375 0.6691458859375 0.332831184375 0.7431981999999999
1 0.40243523437500006 0.749869278125 0.4720850234375 0.7574551421875 0.46739965312500004 0.681748634375 0.3947063515625 0.67616129375 0.40243523437500006 0.749869278125
1 0.46725385781249995 0.681557775 0.4720850234375 0.7574551421875 0.542730971875 0.7630977437500001 0.54082340625 0.6882921843750001 0.46725385781249995 0.681557775
1 0.5424303484374999 0.7625327125 0.6136609515625 0.768940665625 0.6146582859375 0.694861153125 0.5406776078125 0.6881013265625 0.5424303484374999 0.7625327125
1 0.6135421484375 0.769297921875 0.6833593390625 0.7719742968750001 0.6881853609374999 0.6979496609375 0.6139728437499999 0.694818775 0.6135421484375 0.769297921875
1 0.683624671875 0.7718088578125 0.753423896875 0.774120434375 0.7611008296875 0.6997256171874999 0.6879020609375 0.6977503015625001 0.683624671875 0.7718088578125
1 0.7533969015624999 0.7735723218749999 0.8242703625000001 0.781051084375 0.8360592796875 0.7069105015625 0.7613301390625 0.6988287484375 0.7533969015624999 0.7735723218749999
1 0.8357759359375001 0.7067102234375 0.847788815625 0.6260252281249999 0.7690196921875 0.6191511843749999 0.7613211546875001 0.6986463484375001 0.8357759359375001 0.7067102234375
1 0.7605611796875 0.699874096875 0.7694495203125 0.6195423625 0.6926507359375 0.6166161765625 0.6879110453124999 0.6979327015625 0.7605611796875 0.699874096875
1 0.6878750671875 0.6972021875000001 0.69281523125 0.617172790625 0.6162727515624999 0.6138978500000001 0.61439295625 0.69502659375 0.6878750671875 0.6972021875000001
1 0.6146582859375 0.694861153125 0.6165380390624999 0.61373149375 0.5387916921875 0.6081963359375 0.5406776078125 0.6881013265625 0.6146582859375 0.694861153125
1 0.5405401078125001 0.688092825 0.538508346875 0.607996059375 0.462078903125 0.6014494328125 0.46697954062499997 0.6815408140625 0.5405401078125001 0.688092825
1 0.46711635625000003 0.681549275 0.4615212875 0.6012331125 0.385529921875 0.5952591015625 0.39467935781249996 0.675613178125 0.46711635625000003 0.681549275
1 0.39398493125 0.6753884015625 0.38575854375 0.594362190625 0.309740228125 0.5878409828125 0.3220508703125 0.66857235 0.39398493125 0.6753884015625
1 0.3219500359375 0.6692944078124999 0.309758240625 0.588206696875 0.23320673125 0.5847484390625 0.249382721875 0.6662652390625 0.3219500359375 0.6692944078124999
1 0.30980320156249996 0.5891196109375 0.2951410796875 0.499498809375 0.21535456874999998 0.49693434375 0.233472065625 0.5845830015625 0.30980320156249996 0.5891196109375
1 0.3098950546875 0.5882151546875 0.385529921875 0.5952591015625 0.376213175 0.5059687921875 0.2954153953125 0.4995157703125 0.3098950546875 0.5882151546875
1 0.38540140312500004 0.5954330015625 0.4616317953125 0.6006935 0.4558315515625 0.5134417874999999 0.37639499375 0.50689108125 0.38540140312500004 0.5954330015625
1 0.46155726562500005 0.6019636265625 0.5386548765625 0.6081878781250001 0.5367301203125 0.5191718390625 0.4562156875 0.5129190921875 0.46155726562500005 0.6019636265625
1 0.538800675 0.6083787359375 0.615733790625 0.614046371875 0.6170807921875 0.5248689296875 0.5367211375000001 0.5189894374999999 0.538800675 0.6083787359375
1 0.6161359359375 0.613889390625 0.6925318890625001 0.6169725140625 0.699131765625 0.5290308921875 0.6170897765625 0.525051328125 0.6161359359375 0.613889390625
1 0.693088859375 0.6171897093750001 0.7688919078125 0.6193260421875 0.7786889671874999 0.532492228125 0.699242275 0.5284912796875 0.693088859375 0.6171897093750001
1 0.7695413296875 0.618636990625 0.8476340375 0.62565196875 0.860859478125 0.53629789375 0.7788174859375 0.5323183296875 0.7695413296875 0.618636990625
1 0.8607316453125 0.536471834375 0.875070653125 0.4364386234375 0.7899394578125001 0.43354371093750005 0.7790731015625 0.53196953125 0.8607316453125 0.536471834375
1 0.779210603125 0.5319780328125 0.7896651390625 0.4335267515625 0.7047895609375 0.430283040625 0.698693640625 0.5284573578125 0.779210603125 0.5319780328125
1 0.6983184890625 0.5291624546875 0.7053651859375 0.430865075 0.619357009375 0.42682213437499994 0.6170717640625 0.5246856140625 0.6983184890625 0.5291624546875
1 0.6169522734374999 0.5250428265625 0.6196403546875 0.42702241093750004 0.5346657796875001 0.42176863906250006 0.5367301203125 0.5191718390625 0.6169522734374999 0.5250428265625
1 0.5364738171875 0.51952059375 0.534117834375 0.4217347625 0.4492350671875 0.41557561875 0.45608716875 0.5130929906249999 0.5364738171875 0.51952059375
1 0.456096196875 0.5132763046875 0.4496281875 0.4152353234375 0.36443581406250003 0.4083287484375 0.3756735265625 0.506117271875 0.456096196875 0.5132763046875
1 0.3758290390625 0.5064914875000001 0.36442683124999997 0.4081463484375 0.280074684375 0.4016554109375 0.29553424375000004 0.49915942968750004 0.3758290390625 0.5064914875000001
1 0.2963654859375 0.49939266718750003 0.280905971875 0.40188956718749996 0.19547342031249998 0.39842866250000003 0.2154470640625 0.49602901718750003 0.2963654859375 0.49939266718750003
1 0.2807511453125 0.4015153921875 0.2631424671875 0.2936778765625 0.1727872296875 0.2873631421875 0.1955832390625 0.39788900625 0.2807511453125 0.4015153921875
1 0.2800775734375 0.40171407343750004 0.3645575046875 0.408030153125 0.352547659375 0.300116628125 0.2631424671875 0.2936778765625 0.2800775734375 0.40171407343750004
1 0.36454563281249996 0.40778909375000005 0.44921705625 0.41520990312499995 0.441825021875 0.306729321875 0.3528129921875 0.2999511890625 0.36454563281249996 0.40778909375000005
1 0.4488059265625 0.415184484375 0.5342636328125 0.4219256203125 0.5314325281250001 0.31172309062500003 0.44156871718749996 0.30707807656249997 0.4488059265625 0.415184484375
1 0.533441371875 0.42187478125 0.6193390421875 0.42645733437500005 0.6225092328125 0.3188116328125 0.531852640625 0.3119309078125 0.533441371875 0.42187478125
1 0.61967633125 0.42775292499999995 0.7044234375 0.43117145 0.712902978125 0.3231248109375 0.6218417546875 0.319134053125 0.61967633125 0.42775292499999995
1 0.7888518640625 0.43365831093749996 0.803406584375 0.32689924531250003 0.71231836875 0.3223603734375 0.705090871875 0.4308481140625 0.7888518640625 0.43365831093749996
1 0.8741926078125 0.4380245875 0.8937168171875 0.33230015 0.8027661453125001 0.327770696875 0.7895463390625 0.4338840078125 0.8741926078125 0.4380245875
1 0.8933509718750001 0.3319138421875 0.9167773734375 0.2138615 0.81972429375 0.20877199375000002 0.8036718734375 0.326732890625 0.8933509718750001 0.3319138421875
1 0.8030404624999999 0.32778765625 0.819870090625 0.2089628515625 0.72316291875 0.2040774875 0.712858015625 0.3222118953125 0.8030404624999999 0.32778765625
1 0.7126916796875 0.32438739375000003 0.7233807156250001 0.2057302890625 0.6273859390625 0.2014345046875 0.6224732109375 0.31808020312499996 0.7126916796875 0.32438739375000003
1 0.6218507828125001 0.31931736875 0.6274219171875 0.2021650203125 0.5294741671875001 0.19428796718750002 0.5319804718750001 0.31175696875000003 0.6218507828125001 0.31931736875
1 0.5318616703125 0.3121142234375 0.52987626875 0.1941300703125 0.433893046875 0.187285528125 0.44210831875 0.30692868125 0.5318616703125 0.3121142234375
1 0.44186778281250005 0.3070965671875 0.433259346875 0.1877927921875 0.3373964421875 0.1811366203125 0.3529768 0.3005077640625 0.44186778281250005 0.3070965671875
1 0.352282325 0.3002820671875 0.3379360890625 0.180988140625 0.24206195468749997 0.1736029828125 0.26270434374999996 0.29310434218750003 0.352282325 0.3002820671875
1 0.26301463593749996 0.29385181718750003 0.2415590171875 0.1744829359375 0.1461230078125 0.1676713125 0.17290603124999998 0.28700588437499996 0.26301463593749996 0.29385181718750003
0 0.9567447375 0.1804362171875 0.1029846875 0.1304209234375 0.26914830312500004 0.90565905625 0.8236680296875001 0.9354085234375 0.9567447375 0.1804362171875