1 0.1820611984375 0 0.18768446875 0.120644959375 0.3071587296875 0.154022053125 0.301209328125 0.0426934265625 0.1945871640625 0 0.1820611984375 0
1 0.18859527812500002 0.1205842390625 0.195922553125 0.24446280625 0.3159027671875 0.26687235625 0.30762630625 0.154332478125 0.18859527812500002 0.1205842390625
1 0.196809846875 0.2437671328125 0.20617331874999997 0.37331778125000004 0.3228152109375 0.3795505171875 0.3153744921875 0.2668250484375 0.196809846875 0.2437671328125
1 0.2056027078125 0.37263948281250003 0.2135246890625 0.5002366453125 0.3301292359375 0.49314687968750004 0.32301912499999996 0.3783504640625 0.2056027078125 0.37263948281250003
1 0.2146441421875 0.4995180546875 0.22625897187500002 0.6282360921875 0.3386152375 0.6050288265625 0.330760996875 0.49250138593750004 0.2146441421875 0.4995180546875
1 0.227134175 0.75793865 0.3416422265625 0.7188717578125 0.3374455125 0.6052190953125 0.2241968625 0.6293259796874999 0.227134175 0.75793865
1 0.3383368875 0.6049750046875 0.44124369999999996 0.5854727515625 0.43484019375000005 0.48368297499999996 0.330907209375 0.49067001406250005 0.3383368875 0.6049750046875
1 0.342995371875 0.7184399499999999 0.443714490625 0.6891751984375001 0.4399149203125 0.5865868046875 0.33879184375000004 0.6049446734374999 0.342995371875 0.7184399499999999
1 0.33003428437500004 0.4917536765625 0.4360774625 0.48297546875 0.42754371874999997 0.3815333421875 0.321707315625 0.3778501015625 0.33003428437500004 0.4917536765625
1 0.3243158109375 0.3784669484375 0.42734804843749996 0.38202935781249997 0.41918021562499996 0.28159101249999996 0.3154416015625 0.2669788609375 0.3243158109375 0.3784669484375
1 0.3153209421875 0.2667447421875 0.4186414015625 0.2816492546875 0.410616915625 0.181155353125 0.30685833906250004 0.153860796875 0.3153209421875 0.2667447421875
1 0.30190754375 0.043305721874999994 0.307736059375 0.15444286093749998 0.4102016875 0.18094155 0.40775133593749996 0.078376171875 0.30190754375 0.043305721874999994
1 0.22693005156249998 0.7588647625 0.22743050937499998 0.887983515625 0.34362924375000004 0.8344088062499999 0.3420066296875 0.718566746875 0.22693005156249998 0.7588647625
1 0.34205295625 0.8342291156250001 0.227015303125 0.8883311468749999 0.22970239375 0.9871556421875001 0.29144471875 0.9830394874999999 0.3491618640625 0.949090546875 0.34205295625 0.8342291156250001
1 0.4468628 0.8932241484375 0.4425995171875 0.7896736703125 0.344471453125 0.8340320312499999 0.34700216093749997 0.9485939484375001 0.4468628 0.8932241484375
1 0.34373520625 0.8342705140625 0.442585725 0.792227434375 0.44154944531250007 0.6889244999999999 0.3414999640625 0.7192735703124999 0.34373520625 0.8342705140625
1 0.44278695937499996 0.791564646875 0.5289939328125 0.7579398078125 0.5275544609375 0.66440434375 0.4422345140625 0.6891818703125 0.44278695937499996 0.791564646875
1 0.44698584375 0.8953270828125 0.53201175625 0.853807903125 0.529418575 0.75752999375 0.4428515625 0.7922847953125001 0.44698584375 0.8953270828125
1 0.4418637578125 0.6889251921875 0.528936596875 0.6637311484375 0.52308588125 0.5712094890625 0.4395490203125 0.5852908078125 0.4418637578125 0.6889251921875
1 0.5275687312499999 0.66532604375 0.6000822765625 0.6447891640625001 0.5978388984375 0.5584192765625 0.5231423640624999 0.5711739312499999 0.5275687312499999 0.66532604375
1 0.529765275 0.75845388125 0.6010475375000001 0.7300320953125 0.6000380875 0.6456931124999999 0.5275254203124999 0.664156678125 0.529765275 0.75845388125
1 0.5312428484375 0.854164234375 0.607827246875 0.8167171390625001 0.6017892703125 0.7301612234375 0.5292982875 0.7593785765625001 0.5312428484375 0.854164234375
1 0.599932675 0.6458462500000001 0.6605318812500001 0.6281295671875 0.660251521875 0.547528634375 0.597464828125 0.55836575 0.599932675 0.6458462500000001
1 0.6003264078125 0.64604051875 0.6013681203125001 0.7297631484375 0.6622887078125 0.706824646875 0.661235934375 0.6275827484375001 0.6003264078125 0.64604051875
1 0.6079369515625 0.81677746875 0.6708756515625 0.7858064296875 0.6624466250000001 0.706138365625 0.6011469515625001 0.7307411296875 0.6079369515625 0.81677746875
1 0.59752815 0.5587098890625 0.6596531062500001 0.5474406843749999 0.6525158 0.468559775 0.59202993125 0.4727795375 0.59752815 0.5587098890625
1 0.5235941609375 0.5707656875 0.597742196875 0.5575395999999999 0.59239481875 0.47278023906250005 0.5183666140625001 0.4782687734375 0.5235941609375 0.5707656875
1 0.5186457296875 0.478001915625 0.5928225859375 0.4724791203125 0.5847843890625 0.38748923125 0.5124053765625 0.385957409375 0.5186457296875 0.478001915625
1 0.5923232921875 0.4728972953125 0.6526361828125 0.4682987640625 0.645894165625 0.3890931984375 0.5850482421875001 0.387663746875 0.5923232921875 0.4728972953125
1 0.4346141296875 0.48450435000000003 0.519559621875 0.47787808125 0.5121889078125 0.385501721875 0.42749019062500004 0.38250217656249996 0.4346141296875 0.48450435000000003
1 0.439254409375 0.58665113125 0.5241159796875 0.5707850140625 0.5191451640625 0.4782703078125 0.4352053546875 0.48425186093750006 0.439254409375 0.58665113125
1 0.49467795312499996 0.108341884375 0.4973735203125 0.20197083437500002 0.569287709375 0.21875060937500002 0.5681896171874999 0.13250594843750002 0.49467795312499996 0.108341884375
1 0.41053604374999997 0.18099569531249998 0.49676310937499996 0.20202235000000002 0.49356112812499997 0.10861926875000001 0.4090749984375 0.0790015609375 0.41053604374999997 0.18099569531249998
1 0.4099798203125 0.179876759375 0.4191222234375 0.28078113125000004 0.5037096812499999 0.29228608437500003 0.4965933015625 0.201290275 0.4099798203125 0.179876759375
1 0.49715949843749996 0.2006545640625 0.5044027640625 0.292954865625 0.577450871875 0.302920453125 0.570174596875 0.2186779546875 0.49715949843749996 0.2006545640625
1 0.4186450703125 0.2813581453125 0.42780704375 0.3822544484375 0.512159246875 0.3861638953125 0.5049441375 0.2932583421875 0.4186450703125 0.2813581453125
1 0.5054078859375 0.2930508765625 0.5118840734375001 0.3851229515625 0.584138434375 0.38719069687499996 0.5782127359375 0.3028371921875 0.5054078859375 0.2930508765625
1 0.584481209375 0.3875209421875 0.6470561109374999 0.3893512453125 0.6394478296874999 0.3106045515625 0.5780438171875 0.3028606296875 0.584481209375 0.3875209421875
1 0.5778021578125 0.3027001921875 0.639891625 0.3105654953125 0.6313945750000001 0.2339864875 0.5713834578125 0.21856895625 0.5778021578125 0.3027001921875
1 0.630898475 0.2330766171875 0.63011973125 0.154747215625 0.5688429484374999 0.13388154218749998 0.5697498921874999 0.21879352968750002 0.630898475 0.2330766171875
1 0.6845492531249999 0.17230301406249998 0.63080646875 0.154171790625 0.6311531796875001 0.23358928125 0.6868386015625 0.2456735875 0.6845492531249999 0.17230301406249998
1 0.6323101875 0.232982503125 0.6399244734375 0.3112086203125 0.6932572546875 0.31824531718750004 0.6870899625 0.24546201875 0.6323101875 0.232982503125
1 0.645567596875 0.3884202765625 0.7020114359375 0.3903062203125 0.6936839765625 0.318306159375 0.6391624765625 0.3109956125 0.645567596875 0.3884202765625
1 0.6519062375 0.46868293593750004 0.7073903078125 0.46374816250000006 0.702058946875 0.3905404796875 0.6458800921875001 0.388762009375 0.6519062375 0.46868293593750004
1 0.6595344953125 0.5472618953125 0.71319470625 0.537681909375 0.70670356875 0.46432358906250004 0.6521292265625 0.468314975 0.6595344953125 0.5472618953125
1 0.7154525453125 0.6115673187499999 0.7621719484375 0.5992728609375 0.7609812953125 0.5289149140625 0.7142474859375 0.537552875 0.7154525453125 0.6115673187499999
1 0.660210003125 0.5465783125 0.6608766187499999 0.628268928125 0.7152369546874999 0.6121106578125 0.7137222953125 0.5373937515625 0.660210003125 0.5465783125
1 0.6607477953124999 0.628667815625 0.6624409890625 0.7062300593749999 0.7156968390625 0.6857323953125001 0.7146745171875 0.6121163609375 0.6607477953124999 0.628667815625
1 0.668480178125 0.7865032140625 0.7224752921875 0.760483946875 0.7163746265625 0.686012571875 0.6608006640624999 0.7065159640625 0.668480178125 0.7865032140625
1 0.764791115625 0.7369499312500001 0.76269165625 0.666121575 0.7162911765625 0.6863685265624999 0.722680378125 0.7598520171875001 0.764791115625 0.7369499312500001
1 0.714464890625 0.61199166875 0.716662140625 0.6854603765625 0.763163109375 0.667951003125 0.762213709375 0.599888334375 0.714464890625 0.61199166875
1 0.8085026296875 0.714961859375 0.8066592375000001 0.65241284375 0.7620055781249999 0.668031553125 0.7647162796875 0.737709140625 0.8085026296875 0.714961859375
1 0.763319565625 0.66795680625 0.80689985 0.652423184375 0.8058476562499999 0.58770555 0.762176128125 0.5987517312499999 0.763319565625 0.66795680625
1 0.761438940625 0.59930616875 0.8062640249999999 0.5875844453125 0.8035927515625 0.5221413874999999 0.7602640875 0.52927726875 0.761438940625 0.59930616875
1 0.759538121875 0.5296226171875 0.8039483000000001 0.5217923203125 0.7984764921874999 0.4572286296875 0.7544557109375 0.46038115937499996 0.759538121875 0.5296226171875
1 0.713679546875 0.53801959375 0.760776559375 0.529068584375 0.7538215375 0.4602056265625 0.7067482953125 0.46419005625 0.713679546875 0.53801959375
1 0.7065151703125 0.4635771953125 0.7550778390625 0.4601827515625 0.7487422718750001 0.3915855953125 0.7014967171875 0.39040547187499997 0.7065151703125 0.4635771953125
1 0.7538284843749999 0.4593690953125 0.7988249749999999 0.45700585 0.79288563125 0.392327896875 0.74831488125 0.390872721875 0.7538284843749999 0.4593690953125
1 0.7478920078125 0.39140350156250003 0.7929094734375 0.3919718578125 0.78682650625 0.3283661484375 0.741651490625 0.323690190625 0.7478920078125 0.39140350156250003
1 0.7012195890624999 0.390945475 0.7487133109374999 0.39119384375 0.7415164734374999 0.323873034375 0.693307728125 0.31729156875000003 0.7012195890624999 0.390945475
1 0.6864644875 0.24449719062500003 0.6928999359375 0.31747365781250003 0.7414451843750001 0.32370394375 0.7355495796875 0.255110603125 0.6864644875 0.24449719062500003
1 0.7321018625 0.19006428749999998 0.68417891875 0.17261856874999998 0.686447865625 0.2450969375 0.7357801265624999 0.255775721875 0.7321018625 0.19006428749999998
1 0.7415509765625 0.323487875 0.7860373546874999 0.3281759203125 0.7804315296875 0.2642610671875 0.7356850828125 0.25477011875 0.7415509765625 0.323487875
1 0.776785815625 0.20723146875 0.73221495 0.1910693640625 0.7339202874999999 0.2554992640625 0.7806626249999999 0.26496538125 0.776785815625 0.20723146875
0 0.17955024375 0 0.2221700484375 0.9876578 0.3261006640625 0.9807290921874999 0.833253309375 0.7362637578125 0.795173921875 0.18861458281250001 0.30213713593749997 0 0.17955024375 0