1 0.177836615625 0.25047561093750004 0.18563201093749998 0.31110629218749997 0.23134003593750002 0.2932463390625 0.22774768281250002 0.22822917031249998 0.177836615625 0.25047561093750004
1 0.2720280234375 0.204269328125 0.2286021140625 0.22758898749999998 0.2318904765625 0.29320926406250003 0.2821665765625 0.2737254296875 0.2720280234375 0.204269328125
1 0.1862593125 0.310874028125 0.1921049171875 0.3750012546875 0.2358836734375 0.3594521171875 0.2313762203125 0.29353925468750003 0.1862593125 0.310874028125
1 0.2356439 0.359179653125 0.1914845484375 0.374930984375 0.1933319546875 0.435875871875 0.23992500468750003 0.4253420296875 0.2356439 0.359179653125
1 0.2872263296875 0.3427369921875 0.235658790625 0.359469525 0.23987512500000002 0.4253531953125 0.2909211421875 0.4136999484375 0.2872263296875 0.3427369921875
1 0.23103677500000003 0.293808959375 0.2364603453125 0.3593633609375 0.28711750468749997 0.3423162453125 0.2829092234375 0.2732270859375 0.23103677500000003 0.293808959375
1 0.23968454687500002 0.42514326718750006 0.1929965453125 0.4360577484375 0.19961666875 0.4988231609375 0.2479255328125 0.49151729218750007 0.23968454687500002 0.42514326718750006
1 0.29118398125 0.413180465625 0.23971134218749998 0.425345575 0.2482709546875 0.49170019375 0.30071781875000003 0.4830853734375 0.29118398125 0.413180465625
1 0.29963653125 0.4832285890625 0.2473312984375 0.4911842875 0.25636715 0.557395053125 0.3083861125 0.5534425734374999 0.29963653125 0.4832285890625
1 0.24862940312499998 0.4906012984375 0.19975465781249999 0.4995429640625 0.20795389375 0.5617702515625 0.256166434375 0.5578906734375 0.24862940312499998 0.4906012984375
1 0.3086272609375 0.5533376734375001 0.25635954375000003 0.5582051453125 0.265641359375 0.6232498328125 0.31863339375 0.6236998734375 0.3086272609375 0.5533376734375001
1 0.20768908593750002 0.561696534375 0.21657474687499997 0.6235990375 0.26545572812499996 0.6232744203125 0.2562592328125 0.5574477812499999 0.20768908593750002 0.561696534375
1 0.266309740625 0.6233671609375 0.21651288906250002 0.62353948125 0.22421455781250002 0.68697855 0.2748514921875 0.690454409375 0.266309740625 0.6233671609375
1 0.3188875953125 0.62325319375 0.2653763828125 0.623917475 0.27451049843750003 0.6902129421875001 0.3286569921875 0.694417403125 0.3188875953125 0.62325319375
1 0.2745553796875 0.6901574874999999 0.2814573609375 0.7591322093749999 0.3346171671875 0.7646673015625 0.328128796875 0.6938535109374999 0.2745553796875 0.6901574874999999
1 0.2812219359375 0.7586494046875 0.27335644531250003 0.69018795 0.22404732656249998 0.6871420625 0.22891697500000002 0.752858421875 0.2812219359375 0.7586494046875
1 0.38811735 0.6983766640625 0.3285460328125 0.6945128781250001 0.3342905453125 0.764126875 0.391577865625 0.774852503125 0.38811735 0.6983766640625
1 0.3186108609375 0.6229908359375 0.3286293359375 0.695036675 0.3879598890625 0.6988176968750001 0.3772729703125 0.623591478125 0.3186108609375 0.6229908359375
1 0.317484940625 0.6235660046875 0.37757484531249996 0.624155378125 0.368051896875 0.5486609921875 0.30891493125 0.5534656890625 0.317484940625 0.6235660046875
1 0.30057845781250003 0.4833344421875 0.3082589875 0.553908903125 0.3680642796875 0.548603328125 0.3581999921875 0.47427788125000003 0.30057845781250003 0.4833344421875
1 0.3006198453125 0.483640346875 0.3587565484375 0.47487189062499996 0.348086409375 0.399706640625 0.2914704625 0.413148384375 0.3006198453125 0.483640346875
1 0.28699058593750004 0.342974721875 0.290879578125 0.4136950296875 0.347574690625 0.39983890781250003 0.3442962515625 0.324343471875 0.28699058593750004 0.342974721875
1 0.2875376390625 0.34298434843750003 0.344164984375 0.32462078125 0.34013863906249997 0.251069275 0.282857565625 0.2730013625 0.2875376390625 0.34298434843750003
1 0.3267528234375 0.1769763828125 0.27207961875 0.20469830625 0.2825243625 0.272457246875 0.3394131671875 0.250987521875 0.3267528234375 0.1769763828125
1 0.38919976875 0.1450197703125 0.3267064421875 0.1766261890625 0.34018230781250003 0.25110323125 0.40311612031250005 0.224919015625 0.38919976875 0.1450197703125
1 0.40332736249999995 0.22471319374999998 0.33990424531249996 0.251100321875 0.344843303125 0.324353096875 0.40865618281250005 0.304503640625 0.40332736249999995 0.22471319374999998
1 0.4072357859375 0.3044787515625 0.34379644374999996 0.3253477421875 0.34855360625 0.3993170875 0.41305576874999994 0.3843826375 0.4072357859375 0.3044787515625
1 0.41375809218750004 0.3842896171875 0.3479387015625 0.39977440937500003 0.3587581296875 0.47439091875 0.42386061093749994 0.46415981874999995 0.41375809218750004 0.3842896171875
1 0.4228369703125 0.464081075 0.3589193796875 0.4741493765625 0.3683982546875 0.549146690625 0.432751478125 0.5443325156250001 0.4228369703125 0.464081075
1 0.43376634843749995 0.5436352546875 0.3682637953125 0.5489267250000001 0.3769829796875 0.623846815625 0.44447586093749997 0.6244934203125 0.43376634843749995 0.5436352546875
1 0.44412725000000003 0.6241813031250001 0.3766663640625 0.6236776859375001 0.38842305312500003 0.6983648375 0.453597059375 0.7046701359374999 0.44412725000000003 0.6241813031250001
1 0.4549487421875 0.7045770984375 0.38845379375 0.69878094375 0.3926569609375 0.7757968265625 0.4583568921875 0.78604663125 0.4549487421875 0.7045770984375
1 0.5312641140625 0.7114900421875 0.45466098906249997 0.704895328125 0.45838336875 0.7857076328125 0.53447553125 0.800464790625 0.5312641140625 0.7114900421875
1 0.45547953906250005 0.7048123187499999 0.532129046875 0.7117572265625001 0.5219174546875001 0.6256678609375 0.4448044125 0.6238785921875001 0.45547953906250005 0.7048123187499999
1 0.43331201874999997 0.543918221875 0.4434145359375 0.623788425 0.5211927984375 0.6253228187500001 0.509438603125 0.5379309906249999 0.43331201874999997 0.543918221875
1 0.4324866 0.54417281875 0.5088244265624999 0.5379797640625 0.49847206406250005 0.45262171562500003 0.4228361875 0.46394372656250005 0.4324866 0.54417281875
1 0.42298663437500006 0.46424495937500004 0.4990969953125 0.4527395890625 0.4902660484375 0.36628951718749997 0.4135882875 0.3842365390625 0.42298663437500006 0.46424495937500004
1 0.4135791484375 0.384226678125 0.48951099062500003 0.365977815625 0.48180135 0.280803921875 0.40822569687500004 0.3042108375 0.4135791484375 0.384226678125
1 0.4086452546875 0.3039676515625 0.482219425 0.280510121875 0.4752130484375 0.1952437359375 0.4032481265625 0.22511389999999998 0.4086452546875 0.3039676515625
1 0.46558530156250005 0.10996755625000001 0.3893048359375 0.1453595859375 0.40342904687500003 0.2245016890625 0.47476826718750004 0.19548048906249998 0.46558530156250005 0.10996755625000001
1 0.55449965625 0.06761642500000001 0.466217703125 0.1096883640625 0.4749759828125 0.1948471390625 0.560962303125 0.160830715625 0.55449965625 0.06761642500000001
1 0.5607737046875 0.1606817609375 0.4754200375 0.195242378125 0.482158246875 0.2797130484375 0.568120078125 0.2521035015625 0.5607737046875 0.1606817609375
1 0.5677707515625 0.2526337875 0.48234267343750004 0.2802905484375 0.4899281984375 0.3662886640625 0.57475631875 0.34557035625 0.5677707515625 0.2526337875
1 0.575011690625 0.34559255625 0.48868368906250004 0.3664547984375 0.4994550875 0.452170359375 0.5862099609375 0.43859914531250005 0.575011690625 0.34559255625
1 0.5857257 0.43791348125 0.4993785796875 0.45228276718749993 0.50904419375 0.5379500046875 0.598684890625 0.5315245890625 0.5857257 0.43791348125
1 0.5981492515625 0.532225475 0.5095549953125 0.5380934171875 0.520837853125 0.6252388890625 0.609320303125 0.6250265578125 0.5981492515625 0.532225475
1 0.61068886875 0.6258693546874999 0.5214155390624999 0.6244940015625 0.5318779484375 0.7109195125000001 0.6208406984375 0.7194334171875 0.61068886875 0.6258693546874999
1 0.622492740625 0.719215909375 0.5332267390625 0.7115538625 0.5363094125 0.8003977859375 0.62528893125 0.816477878125 0.622492740625 0.719215909375
1 0.7379426203125 0.8360702921875 0.7275863124999999 0.7303813890625 0.6224417343749999 0.719165990625 0.6255908015625 0.816082209375 0.7379426203125 0.8360702921875
1 0.7397389546875 0.83629815 0.8647447343750001 0.859967665625 0.8486893265625 0.745095909375 0.7278771359375 0.7301454828125 0.7397389546875 0.83629815
1 0.8488776124999999 0.74440129375 0.8336576000000001 0.6316044640625 0.7150708265625 0.6267790359375 0.7281799640625 0.7301053750000001 0.8488776124999999 0.74440129375
1 0.6212046234375 0.719815165625 0.727974625 0.730605515625 0.71456005 0.627207584375 0.6095255890625 0.6250189109375001 0.6212046234375 0.719815165625
1 0.6101286203125 0.6255103515625 0.71600145625 0.62741079375 0.7029440765625 0.5245935375 0.5978280265625 0.5320478328125 0.6101286203125 0.6255103515625
1 0.715093265625 0.6269024437499999 0.8321944890624999 0.631086228125 0.818463634375 0.516835540625 0.7021140765625 0.5239986156249999 0.715093265625 0.6269024437499999
1 0.598747159375 0.5319684390625 0.7025390984375 0.5245064671875 0.68860091875 0.4213876484375 0.586253190625 0.4376768453125 0.598747159375 0.5319684390625
1 0.7016582125 0.5242042640625 0.817701459375 0.516167790625 0.8042696656249999 0.4041816296875 0.6893062203125 0.422644665625 0.7016582125 0.5242042640625
1 0.585050003125 0.43820752812499997 0.6904767671875 0.4219398140625 0.67521385 0.3215097046875 0.57494765625 0.3453456734375 0.585050003125 0.43820752812499997
1 0.689118175 0.422683903125 0.8027505515625 0.40490984531249996 0.7888560421874999 0.2894235578125 0.676194678125 0.3213309359375 0.689118175 0.422683903125
1 0.5748646953125001 0.3457116953125 0.6764759046875 0.3217783578125 0.6678505390625 0.21858385624999999 0.5681836140625001 0.2524123375 0.5748646953125001 0.3457116953125
1 0.676586853125 0.3205063890625 0.78775744375 0.2904875921875 0.77870399375 0.177712415625 0.6672326921875 0.2187757828125 0.676586853125 0.3205063890625
1 0.56875804375 0.252043759375 0.666360175 0.2190033921875 0.66059573125 0.1183633921875 0.561935275 0.1603429046875 0.56875804375 0.252043759375
1 0.6674619953125001 0.2188574578125 0.7800491484375 0.1783850296875 0.7700583921875 0.06699127187500001 0.6603568953125001 0.11801914375 0.6674619953125001 0.2188574578125
1 0.554589140625 0.0723535578125 0.5613864203125 0.1617523484375 0.65950835625 0.1185921 0.6494941796875 0.0168336046875 0.554589140625 0.0723535578125
1 0.6808421906250001 0 0.6494369 0.018517340625 0.660054065625 0.1180592546875 0.7701440875000001 0.0668496328125 0.76409655625 0 0.6808421906250001 0
0 0.6144528890625 0 0.1512505953125 0.23264143750000002 0.190628084375 0.7727114953124999 0.904163490625 0.916363640625 0.7912560703125 0 0.6144528890625 0