1 0 0.435547909375 0.0374769984375 0.4822956515625 0.0907496453125 0.43902198437499995 0.0478006296875 0.3862307640625 0.004319598437500001 0.4178608078125 0 0.4341737484375 0 0.435547909375
1 0.1428551328125 0.3958755109375 0.098099240625 0.3422991703125 0.046966746875 0.3850993390625 0.090590859375 0.4382049484375 0.1428551328125 0.3958755109375
1 0.1506476390625 0.29715807031249997 0.097612846875 0.3423872015625 0.14269106250000002 0.39520383593749997 0.198543240625 0.3493432109375 0.1506476390625 0.29715807031249997
1 0.13298656250000002 0.49255703124999994 0.08966949375 0.4372446109375 0.036196159374999995 0.4822658203125 0.0764802234375 0.53452654375 0.13298656250000002 0.49255703124999994
1 0.14403037968750002 0.3943892046875 0.08875214375 0.43731637812499996 0.13273546249999998 0.4923123078125 0.18846743593749998 0.44984746875 0.14403037968750002 0.3943892046875
1 0.2473479625 0.404270209375 0.1981425859375 0.3494802578125 0.1431358703125 0.3946356828125 0.1880598046875 0.4493364171875 0.2473479625 0.404270209375
1 0.25656369218749997 0.3022691078125 0.1981968609375 0.34927529062499996 0.24658956562499998 0.4027994875 0.30674513124999997 0.3566266078125 0.25656369218749997 0.3022691078125
1 0.19821271093749998 0.34964586249999996 0.257013609375 0.30316953125 0.20629074374999998 0.24869101875 0.1502968109375 0.2972865796875 0.19821271093749998 0.34964586249999996
1 0.256472075 0.30196437187499997 0.31733123281250003 0.25204645000000003 0.2662289578125 0.199000778125 0.20667863125000002 0.24881910000000002 0.256472075 0.30196437187499997
1 0.3074856953125 0.35669375625 0.372508390625 0.30663924374999996 0.3187414546875 0.2517096765625 0.257039559375 0.3022818453125 0.3074856953125 0.35669375625
1 0.3299946671875 0.1475350671875 0.26676620156249997 0.1988698390625 0.3175321015625 0.25182336875 0.3863370921875 0.20055044843749997 0.3299946671875 0.1475350671875
1 0.3713586484375 0.306158390625 0.443093040625 0.255850925 0.38647980312499997 0.200462265625 0.318177465625 0.2516908140625 0.3713586484375 0.306158390625
1 0.442260540625 0.255381953125 0.5179051234375 0.2017428765625 0.45780896406249993 0.1479332953125 0.3856393234375 0.20086057343750002 0.442260540625 0.255381953125
1 0.457113815625 0.1470811828125 0.3993381734375 0.0949503546875 0.330480240625 0.14732134375 0.3863411125 0.20076233906250002 0.457113815625 0.1470811828125
1 0.51773135625 0.2012399984375 0.5933762546875 0.142959890625 0.53130789375 0.0919584859375 0.45696281718750004 0.1470922109375 0.51773135625 0.2012399984375
1 0.5314236546875 0.0926804234375 0.46790579687499995 0.037873375 0.3977715796875 0.0950642546875 0.4570558109375 0.147300240625 0.5314236546875 0.0926804234375
1 0.5036227921875 0.313178034375 0.44300368749999997 0.25604940625 0.37263527343749997 0.306865025 0.42854994687500003 0.36547475 0.5036227921875 0.313178034375
1 0.51837368125 0.20263389687500002 0.442633415625 0.2559666484375 0.50350285625 0.312953128125 0.5830677859375 0.25919095 0.51837368125 0.20263389687500002
1 0.5936684578125 0.1435679390625 0.5185219171875 0.20207408437500002 0.582964803125 0.2589460875 0.6624397875 0.20103626874999997 0.5936684578125 0.1435679390625
1 0.651797296875 0.31963364843750003 0.5829524859374999 0.259480646875 0.5030137234375001 0.3131701265625 0.5673127109375 0.3748661328125 0.651797296875 0.31963364843750003
1 0.736189759375 0.2617123265625 0.66297241875 0.20028557500000002 0.5833049640625 0.259559428125 0.6513525890625 0.32131308281250004 0.736189759375 0.2617123265625
1 0.6498701890625 0.319993975 0.569522603125 0.3739903140625 0.636025184375 0.43967407812500003 0.72359664375 0.38602568593750003 0.6498701890625 0.319993975
1 0.7367507062499999 0.2616884484375 0.651652140625 0.3200530359375 0.72382439375 0.3860976203125 0.8170101843750001 0.32850122187499997 0.7367507062499999 0.2616884484375
1 0.7247861875 0.385824121875 0.6383295437500001 0.440830903125 0.709523415625 0.51100076875 0.8025850953125 0.45683863125 0.7247861875 0.385824121875
1 0.9032945234374999 0.3989088765625 0.81735073125 0.3281099 0.72569015625 0.386514628125 0.8018209000000001 0.4563286171875 0.9032945234374999 0.3989088765625
1 0.5551267375 0.4924937046875 0.6363519328125 0.4404058578125 0.567885684375 0.3748713984375 0.4904936078125 0.4258200421875 0.5551267375 0.4924937046875
1 0.5688831750000001 0.3756696484375 0.5038106906250001 0.312590453125 0.42829851874999997 0.3635942703125 0.4886278453125 0.42540303437500004 0.5688831750000001 0.3756696484375
1 0.428775496875 0.36475175625 0.371429515625 0.306812628125 0.30683884687499996 0.3566285578125 0.3613253453125 0.4147311546875 0.428775496875 0.36475175625
1 0.3608251046875 0.4145901765625 0.3075449671875 0.356890178125 0.24524671250000002 0.40429514375000003 0.2961633640625 0.46391871875 0.3608251046875 0.4145901765625
1 0.4175795046875 0.475519196875 0.3619151328125 0.41456107812500004 0.2965546859375 0.46225109687500004 0.3484898796875 0.5224951296875 0.4175795046875 0.475519196875
1 0.49021257656249995 0.42606455781249997 0.429710721875 0.364297284375 0.36234405625 0.4145714625 0.416489475 0.475548296875 0.49021257656249995 0.42606455781249997
1 0.476913753125 0.5426618546875 0.41683069687499996 0.47596106093749996 0.3481858953125 0.5230872953125 0.4053557671875 0.5882835203125001 0.476913753125 0.5426618546875
1 0.4903133640625 0.42627704218750007 0.41634885156249996 0.476174259375 0.47619123593749996 0.54378395 0.553605671875 0.49208996562499996 0.4903133640625 0.42627704218750007
1 0.7100345625 0.5108565328125 0.6367612515625 0.44095799218750004 0.5534945421875 0.49189620156249997 0.6228113078125 0.5631763734375 0.7100345625 0.5108565328125
1 0.5541142812500001 0.49113851718749996 0.477584578125 0.5431381109375 0.539793003125 0.611919090625 0.6216852187499999 0.5622469406249999 0.5541142812500001 0.49113851718749996
1 0.9932445156249999 0.47464938593749995 0.9023057109374999 0.4003147359375 0.8042315515625 0.4565214125 0.889226303125 0.5329244109375 0.9932445156249999 0.47464938593749995
1 0.8888506546875 0.5318418109375 0.803866840625 0.45658372500000005 0.710378271875 0.51073796875 0.788422009375 0.5867284921875 0.8888506546875 0.5318418109375
1 0.9740502187500001 0.6193810281250001 0.9760388359375 0.6118710265625 0.8889303156249999 0.5325780671875 0.7888063046875 0.587015875 0.8740642953125001 0.67027416875 0.9740502187500001 0.6193810281250001
1 0.8732091484375 0.6703109890625 0.78902534375 0.586612321875 0.6960773812500001 0.6383826499999999 0.7724563890625 0.722463090625 0.8732091484375 0.6703109890625
1 0.78959945625 0.5868403671875 0.710361175 0.51142953125 0.6223818734375001 0.5623951843749999 0.6960702453125001 0.6384739984375 0.78959945625 0.5868403671875
1 0.6220819265624999 0.5623281453125 0.5405064828125 0.6118512828125 0.60925853125 0.6873044171875 0.69653276875 0.6390624484375 0.6220819265624999 0.5623281453125
1 0.77113219375 0.7222953484375 0.6960835125 0.6382442640625 0.6093243375 0.6870558953125 0.679292834375 0.7712008406249999 0.77113219375 0.7222953484375
1 0.5915287140625 0.8168292515625 0.6785508421875 0.77067815 0.6088534265625001 0.6868651640625 0.5272505765625 0.733783809375 0.5915287140625 0.8168292515625
1 0.6097859390625 0.6879935296874999 0.5401234671874999 0.6111320296875 0.4633357171875 0.6581343375 0.526920975 0.7337101421875001 0.6097859390625 0.6879935296874999
1 0.5399446140624999 0.613007246875 0.47542853437500004 0.541844828125 0.40540403124999996 0.5884435625 0.4628400484375 0.6572135125 0.5399446140624999 0.613007246875
1 0.5090725875000001 0.860595184375 0.4495167765625 0.7771771203125 0.3773077109375 0.8179673859375001 0.430839878125 0.9000126796875 0.5090725875000001 0.860595184375
1 0.377636690625 0.8193584156249999 0.30654815625 0.8585538109374999 0.356721365625 0.9394189171875 0.42994551562499994 0.90115674375 0.377636690625 0.8193584156249999
1 0.5096659828125001 0.860991040625 0.5914276609375 0.817065146875 0.527325840625 0.7336859765625 0.44991941874999997 0.777252865625 0.5096659828125001 0.860991040625
1 0.527446721875 0.7342462359375 0.4643234234375 0.6587289046875 0.39191637031250004 0.7029002875 0.4500894390625 0.7770479906250001 0.527446721875 0.7342462359375
1 0.45049009531250006 0.7769041609375 0.3917416078125 0.7022927078125 0.32334420937499997 0.7447802171875 0.37756785625 0.8179203734374999 0.45049009531250006 0.7769041609375
1 0.3789323109375 0.8192171937499999 0.3238351796875 0.74389538125 0.2549471359375 0.7849652234375 0.30690681249999996 0.8582635515625 0.3789323109375 0.8192171937499999
1 0.3236425625 0.7443686109375001 0.272033815625 0.6744051578125 0.20647052968750002 0.714910096875 0.25550533125 0.7851211921875 0.3236425625 0.7443686109375001
1 0.391822865625 0.70270435625 0.3366711390625 0.6330385781250001 0.272088703125 0.6752892 0.323710328125 0.744468559375 0.391822865625 0.70270435625
1 0.391881096875 0.70221669375 0.4636034265625 0.659163640625 0.40463669687500003 0.58755564375 0.3366211625 0.6329629578125 0.391881096875 0.70221669375
1 0.207572934375 0.714861375 0.271558640625 0.675128665625 0.2232415625 0.6111308921874999 0.16137039375 0.6513070390625 0.207572934375 0.714861375
1 0.272632803125 0.6755933046875 0.3363733296875 0.632502546875 0.2848159578125 0.56794744375 0.22344694999999998 0.6111686578125 0.272632803125 0.6755933046875
1 0.2965586453125 0.4619650078125 0.2357046296875 0.5068745890625 0.2846674453125 0.568220221875 0.34821399999999997 0.5232150140625 0.2965586453125 0.4619650078125
1 0.337033675 0.6328455234375 0.4039540828125 0.5875306203124999 0.348849603125 0.5227702375 0.2844517671875 0.56795695625 0.337033675 0.6328455234375
1 0.1774957515625 0.5498882671875001 0.11840250625 0.59010388125 0.16152781562500002 0.651376821875 0.22391604375 0.6103596640625 0.1774957515625 0.5498882671875001
1 0.223818309375 0.6117082375 0.2855045484375 0.5685497890625 0.23551245 0.5068886234375001 0.1764486125 0.5498468984375 0.223818309375 0.6117082375
1 0.2344359515625 0.5070394734375 0.187623828125 0.44902391406250003 0.1329820671875 0.49297393749999996 0.1767172078125 0.54990693125 0.2344359515625 0.5070394734375
1 0.1334226640625 0.4922895078125 0.0776558078125 0.534618328125 0.11845080625 0.5908975796875 0.177309009375 0.5498241421875 0.1334226640625 0.4922895078125
1 0.2455919296875 0.40425221875000006 0.18835789218750001 0.45016626875 0.23535633906250003 0.507027409375 0.23507202187499998 0.5075724109374999 0.297491978125 0.4616430828125 0.2455919296875 0.40425221875000006
1 1 0.49761067187499997 0.994161115625 0.47332643750000003 0.8888469750000001 0.5316150734375 0.9763298171875 0.6107721359375 1 0.5213818078125 1 0.49761067187499997
0 0.4614147421875 0 0.012503662500000002 0.38695373125 0 0.4341737515625 0 0.46190831406250005 0.32734099687499996 0.9568257609374999 0.3741899265625 0.9672967187499999 0.988368334375 0.5653087328125 0.9967173921875 0.533778559375 0.4751692046875 0 0.4614147421875 0