1 0.71441855625 0.32392919375 0.7639468625 0.3333533046875 0.7637637078124999 0.26926442968750003 0.715773453125 0.253488009375 0.71441855625 0.32392919375
1 0.7158096921875 0.3243216375 0.718546540625 0.3895498984375 0.7685150578125 0.39554758749999996 0.7650427078125001 0.334023821875 0.7158096921875 0.3243216375
1 0.7157419828125 0.3244504265625 0.661437375 0.31286736406250004 0.6655194421874999 0.38209035625 0.7180564015625001 0.3895554984375 0.7157419828125 0.3244504265625
1 0.662124546875 0.3123658046875 0.715742296875 0.323886540625 0.7153834734375 0.25503600625 0.6601033968750001 0.2411253859375 0.662124546875 0.3123658046875
1 0.6013482437500001 0.3004192953125 0.662509121875 0.3126418421875 0.6597592437500001 0.242400665625 0.6034502609375 0.225912509375 0.6013482437500001 0.3004192953125
1 0.6648322703125 0.3825919125 0.6617538796875 0.31234832031250004 0.600317771875 0.3006598734375 0.6054287734375 0.373996675 0.6648322703125 0.3825919125
1 0.71846235 0.3893125609375 0.72150895625 0.4550989703125 0.77218169375 0.4583620953125 0.7692155328125 0.396396946875 0.71846235 0.3893125609375
1 0.66850285 0.45254558749999996 0.722091203125 0.455313125 0.718544728125 0.3896515015625 0.6658738703125 0.382876053125 0.66850285 0.45254558749999996
1 0.6685031265625 0.45204792656250004 0.6653144140625 0.382751421875 0.6058691656249999 0.374993509375 0.6081620187500001 0.44888509687499994 0.6685031265625 0.45204792656250004
1 0.6015773015625 0.30077950000000003 0.534536428125 0.2856204859375 0.5371596125 0.36573369375000003 0.604498028125 0.3749724921875 0.6015773015625 0.30077950000000003
1 0.608457015625 0.449138125 0.6059344656250001 0.37445291406250003 0.5381593375 0.36550051250000004 0.5411158390625 0.44487331562500004 0.608457015625 0.449138125
1 0.6104152578125001 0.524516921875 0.60845961875 0.4491932421875 0.5407832124999999 0.4443705515625 0.54440529375 0.52574290625 0.6104152578125001 0.524516921875
1 0.671425809375 0.5227166375000001 0.6693077265625 0.4520412453125 0.6071237828125 0.44886918124999997 0.61008221875 0.5247603234375 0.671425809375 0.5227166375000001
1 0.724767903125 0.5212958125 0.7224580578124999 0.45586624374999996 0.668797984375 0.4525501125 0.6724265515625001 0.5222343125 0.724767903125 0.5212958125
1 0.605357009375 0.226295809375 0.5363808999999999 0.2051030140625 0.533313121875 0.285121771875 0.6016484140625 0.30084156875 0.605357009375 0.226295809375
1 0.5363807484375 0.20537708906250002 0.458025640625 0.18201117656250002 0.4559774359375 0.268766996875 0.533313396875 0.284624765625 0.5363807484375 0.20537708906250002
1 0.5337705421875001 0.28551104843749997 0.4559777109375 0.2682699921875 0.4585968453125 0.3541026828125 0.53660340625 0.364499690625 0.5337705421875001 0.28551104843749997
1 0.4625841390625 0.44057203749999996 0.540646634375 0.445143478125 0.536637596875 0.3646182375 0.45929804531249996 0.35522613125 0.4625841390625 0.44057203749999996
1 0.539914378125 0.44458541093750004 0.4625841390625 0.44057203749999996 0.4648696796875 0.52764345 0.544549409375 0.5256316828125 0.539914378125 0.44458541093750004
1 0.37157390625 0.4351982328125 0.4633031703125 0.4412216953125 0.45963163749999997 0.3539880640625 0.3689583109375 0.3414075359375 0.37157390625 0.4351982328125
1 0.46293734531249997 0.44039517031250003 0.3719069484375 0.43495483124999995 0.373521803125 0.529227196875 0.46453677656250003 0.527638346875 0.46293734531249997 0.44039517031250003
1 0.46553622656250004 0.527902171875 0.4661548921875 0.6144503703125 0.5448380734375 0.6069529375 0.5435498234375 0.5256163593750001 0.46553622656250004 0.527902171875
1 0.4658217953125 0.527728203125 0.37452199375 0.5297395390624999 0.374469559375 0.624238784375 0.46582198750000003 0.6144485453125 0.4658217953125 0.527728203125
1 0.725788275 0.5218451828124999 0.77484109375 0.52069890625 0.7724974234374999 0.457656828125 0.7228244609375001 0.45565220625 0.725788275 0.5218451828124999
1 0.77484109375 0.52069890625 0.72512173125 0.5215858046874999 0.727752365625 0.5882713390625 0.77676236875 0.583551575 0.77484109375 0.52069890625
1 0.72689495625 0.5884693234375 0.725415815625 0.5218945500000001 0.6725748281249999 0.5225382015625 0.6723762062499999 0.5227364515625 0.6749175359375 0.5936491328125 0.72689495625 0.5884693234375
1 0.6719002265625 0.522551465625 0.61042133125 0.524654709375 0.614060909375 0.5998238921875 0.6757837890625 0.5933391593749999 0.6719002265625 0.522551465625
1 0.6139653390625 0.5995116328125001 0.6104028718750001 0.5246780328125 0.5445610328125 0.5252640203125 0.5455049734374999 0.6065730296875 0.6139653390625 0.5995116328125001
1 0.6133503265625 0.59977496875 0.54575169375 0.6067610578125 0.5444708203124999 0.6878523703125 0.6126877390625001 0.6747037890625001 0.6133503265625 0.59977496875
1 0.5457756203125 0.6063791609375 0.46487976093750005 0.6139561062500001 0.46570571406249994 0.7021126 0.5444927109375 0.68797663125 0.5457756203125 0.6063791609375
1 0.4658882421875 0.613776171875 0.37487055156250004 0.6250068375 0.37350540312499997 0.7186788109375 0.4649864953125 0.701799959375 0.4658882421875 0.613776171875
1 0.4653580625 0.7017768046875 0.3717544453125 0.7193050328124999 0.3695131703125 0.8152492984374999 0.46231231875 0.7895756109375001 0.4653580625 0.7017768046875
1 0.7761422296875 0.58355780625 0.7272111390625 0.5885325296875 0.727493940625 0.6550896203125001 0.7764274140625 0.6458208484375 0.7761422296875 0.58355780625
1 0.6728034890625 0.6645088125 0.7277540250000001 0.6549362421875 0.727530865625 0.5885374296875 0.675081765625 0.5936968953124999 0.6728034890625 0.6645088125
1 0.6136350515625 0.6755287390625 0.674301209375 0.664353425 0.6747623046875 0.5932153140625 0.6143161984375001 0.6003989062499999 0.6136350515625 0.6755287390625
1 0.6709093375 0.734825675 0.672546884375 0.66471994375 0.6127391265625 0.6754913984375001 0.6098192765625 0.7501095734375001 0.6709093375 0.734825675
1 0.613464225 0.67470716875 0.5439764578124999 0.6875576031249999 0.5416922234375 0.7691030046875 0.6101391359375 0.7498764640625 0.613464225 0.67470716875
1 0.4637187375 0.7893322734375 0.5414409499999999 0.767623859375 0.544363578125 0.68799694375 0.46536656093750006 0.7022909921875 0.4637187375 0.7893322734375
1 0.5455523546875 0.85045999375 0.54203285625 0.767842096875 0.46307954687499997 0.788845790625 0.4649496875 0.8773723625000001 0.5455523546875 0.85045999375
1 0.6095674734375 0.7495851 0.5427203406250001 0.76835948125 0.5461926874999999 0.8504698093749999 0.6140015171875 0.8271787265625001 0.6095674734375 0.7495851
1 0.6747754234375 0.8054491796875001 0.6710982875 0.7346482578125 0.608927490625 0.7505293109375 0.6152813046875 0.8271983437499999 0.6747754234375 0.8054491796875001
1 0.726662984375 0.7200140296875001 0.669769384375 0.73449609375 0.673886878125 0.806359421875 0.7241054328125001 0.787568809375 0.726662984375 0.7200140296875001
1 0.7251016734375 0.7207933093750001 0.72810551875 0.6546787000000001 0.6726868500000001 0.6641713140625 0.67008985625 0.7347396765624999 0.7251016734375 0.7207933093750001
1 0.77663448125 0.6462357921875 0.7273770374999999 0.6552301109374999 0.7254221453125 0.7210368921875 0.774357075 0.7091440890625 0.77663448125 0.6462357921875
1 0.7755447515625 0.70895181875 0.725101540625 0.721031978125 0.723465978125 0.78755900625 0.7740029359375 0.7711593156250001 0.7755447515625 0.70895181875
1 0.37034849375 0.8152758718750001 0.36667700000000003 0.9116106374999999 0.462225078125 0.87873441875 0.46342528437499997 0.789467434375 0.37034849375 0.8152758718750001
1 0.3697163296875 0.81479343125 0.26255337500000003 0.8430499890625001 0.261919690625 0.9482083328125 0.36552799999999996 0.9085880171875 0.3697163296875 0.81479343125
1 0.3741988921875 0.71945069375 0.2654885578125 0.7392153515625 0.2625526609375 0.8443377453125 0.3696088484375 0.81378465 0.3741988921875 0.71945069375
1 0.3755164234375 0.624530875 0.26554595625 0.6357654171875 0.26548808125 0.7400736343750001 0.3742647890625 0.7194195734375 0.3755164234375 0.624530875
1 0.3743042453125 0.529572934375 0.26272604843749997 0.5318418984375 0.26554595625 0.6357654171875 0.3754689703125 0.6245721109375 0.3743042453125 0.529572934375
1 0.45734009999999997 0.26822661875 0.3645886859375 0.24744701562500002 0.36683809843750004 0.34105965 0.45890757656250003 0.35449036718750004 0.45734009999999997 0.26822661875
1 0.4580211046875 0.1822714140625 0.36694289375 0.1521883609375 0.3640122375 0.247867653125 0.4537756921875 0.268130671875 0.4580211046875 0.1822714140625
1 0.36542951874999996 0.24704419843749997 0.36496516875 0.1530760046875 0.25434483750000003 0.1197382140625 0.25807189375 0.222465896875 0.36542951874999996 0.24704419843749997
1 0.2562863765625 0.12074035937500001 0.132334059375 0.07623579375 0.133689884375 0.1909222390625 0.255706440625 0.22242963593749998 0.2562863765625 0.12074035937500001
1 0.2589598609375 0.32550216249999997 0.25726971718749997 0.2228588125 0.134162840625 0.190223971875 0.1355177890625 0.3049104046875 0.2589598609375 0.32550216249999997
1 0.367741434375 0.3419881796875 0.364392615625 0.247794146875 0.2566528375 0.22173797031250003 0.259433496875 0.3251566625 0.367741434375 0.3419881796875
1 0.3700550109375 0.43551983906249997 0.3695417546875 0.34104732968749996 0.2603787203125 0.3265821875 0.2631605546875 0.42788368749999994 0.3700550109375 0.43551983906249997
1 0.26079490625 0.42820018437499996 0.260333271875 0.326173653125 0.1364637921875 0.30492490625 0.1387654296875 0.4199786109375 0.26079490625 0.42820018437499996
1 0.2618366078125 0.42830007812500004 0.26277962499999996 0.5318519015625001 0.37440959218750003 0.52968208125 0.37067842500000003 0.4343635859375 0.2618366078125 0.42830007812500004
1 0.2618366078125 0.42830007812500004 0.139388059375 0.42023403750000005 0.14074388437500002 0.534920484375 0.26277982187500004 0.5314991453125 0.2618366078125 0.42830007812500004
1 0.26333886562500003 0.5323679734375 0.14027063906249998 0.534560471875 0.1458814859375 0.652134871875 0.266033728125 0.63527719375 0.26333886562500003 0.5323679734375
1 0.2658822109375 0.6360636609375 0.1439894734375 0.65210586875 0.141560103125 0.768850846875 0.26408377031249997 0.739681646875 0.2658822109375 0.6360636609375
1 0.13761527812500002 0.88446055 0.261085696875 0.8444673796875 0.2658793875 0.7393019921875 0.14146409843750002 0.7677373296875001 0.13761527812500002 0.88446055
1 0.1362733328125 0.9757966703125 0.19510550625 0.9766985140625 0.2629246984375 0.9495357656250001 0.26160569218749996 0.84447535 0.138561678125 0.8837695390625001 0.1362733328125 0.9757966703125
0 0.12409412812500001 0.9756099734375001 0.2122997484375 0.976962084375 0.7946486562499999 0.7864378890625 0.7976015796875 0.2611890609375 0.1013888734375 0.026984314062499997 0.12409412812500001 0.9756099734375001