1 1 0.508558003125 0.9906304578125 0.4980184453125 0.9352049109375 0.5407412484375 0.9782198921875 0.5947800890625 1 0.5777460624999999 1 0.508558003125
1 0.950744165625 0.4439713703125 0.893326590625 0.4870784640625 0.9355569687499999 0.5399712921875001 0.9917317671875001 0.49708419375 0.950744165625 0.4439713703125
1 0.9512095640625 0.44416255781249997 0.9088950499999999 0.3882503640625 0.8486680312500001 0.42931342812500006 0.8936495343749999 0.48645269999999996 0.9512095640625 0.44416255781249997
1 0.9367052484375 0.53922421875 0.8803152125 0.58434915625 0.926871359375 0.6377995875 0.979507346875 0.5950260484375 0.9367052484375 0.53922421875
1 0.9376053000000001 0.53949203125 0.8925034343749999 0.4853630953125 0.8349592890625 0.530390825 0.8806241343749999 0.5841622828124999 0.9376053000000001 0.53949203125
1 0.84903611875 0.42953442031250005 0.7868834328125 0.4728794859375 0.835487703125 0.5299754906249999 0.893339315625 0.4857979375 0.84903611875 0.42953442031250005
1 0.8490303609375 0.4293210375 0.8018061296875001 0.3705138375 0.7387800421875 0.41322349531249997 0.7879895671875 0.4715950828125 0.8490303609375 0.4293210375
1 0.8011433125 0.37130328125 0.8489268328125 0.4296823296875 0.90921535 0.388452246875 0.8647392734375 0.3285909109375 0.8011433125 0.37130328125
1 0.7529430921875 0.308025103125 0.801969821875 0.3702336234375 0.864321215625 0.3286335828125 0.8165792968750001 0.266804415625 0.7529430921875 0.308025103125
1 0.6848673296875 0.3498924984375 0.7380238453125 0.413130396875 0.8013274140625001 0.370424084375 0.7516130421875 0.3073905375 0.6848673296875 0.3498924984375
1 0.8160732203125001 0.26656006875 0.76501325 0.20244787031249997 0.6961458671874999 0.24251237812499998 0.752795078125 0.30776237812499996 0.8160732203125001 0.26656006875
1 0.6263244109375 0.2847368828125 0.68613045625 0.3496664015625 0.7521812984375 0.307493203125 0.6960240718749999 0.24239491562499998 0.6263244109375 0.2847368828125
1 0.564341021875 0.2154054671875 0.6272675921875 0.284454290625 0.6967700156250001 0.2429675734375 0.6371487640625 0.1753662046875 0.564341021875 0.2154054671875
1 0.7081361046875 0.1357911125 0.6380452984375 0.1746770171875 0.6960917109375 0.242720046875 0.7645784140624999 0.20213316093749997 0.7081361046875 0.1357911125
1 0.50280498125 0.1413315265625 0.56463371875 0.21494790625000001 0.6381936359375 0.1747203265625 0.5769197828125 0.104479865625 0.50280498125 0.1413315265625
1 0.6530975234375 0.0648800515625 0.5766332390625 0.10516547968750001 0.6380514500000001 0.1749050703125 0.7096752078125 0.13623994687500002 0.6530975234375 0.0648800515625
1 0.6263667703125 0.28495142812499996 0.5522509140625 0.3281447328125 0.6149235703125 0.3957495734375 0.6846870671875 0.35008742812500004 0.6263667703125 0.28495142812499996
1 0.6267564953125 0.28494957187500003 0.5636617921875 0.21618165 0.48560758593750003 0.25793651875 0.5524240234375 0.327949171875 0.6267564953125 0.28494957187500003
1 0.56364606875 0.215598846875 0.5023690046875 0.14186713125 0.42002335156250004 0.183642440625 0.48576847343749996 0.2577176734375 0.56364606875 0.215598846875
1 0.4856542984375 0.258246409375 0.4025999546875 0.30264805 0.47398645312500004 0.3751651859375 0.5528616421875 0.32826786874999997 0.4856542984375 0.258246409375
1 0.41966853281249994 0.182789153125 0.3319417703125 0.22750449218750002 0.40264712343750003 0.3043964625 0.48528330156250005 0.25824817499999997 0.41966853281249994 0.182789153125
1 0.47198455624999996 0.37382823125 0.40444113593750003 0.303416896875 0.315115821875 0.3525547890625 0.38996295625 0.424176453125 0.47198455624999996 0.37382823125
1 0.4026458234375 0.30309199375 0.3313866671875 0.22736041562499998 0.23534576875000002 0.27586272031250003 0.31487112968750003 0.35257662968750003 0.4026458234375 0.30309199375
1 0.387385665625 0.42481962656250005 0.31397438125 0.352100725 0.21939899999999998 0.40526708593749994 0.299612903125 0.47857447343750004 0.387385665625 0.42481962656250005
1 0.23509792968749998 0.2754044015625 0.13243146875 0.32660790624999997 0.22028360937499997 0.404929415625 0.3129073390625 0.352585984375 0.23509792968749998 0.2754044015625
1 0.3894631671875 0.4248264046875 0.458335475 0.49354812812500004 0.5387224953125 0.44182385625 0.47341242968749997 0.375047209375 0.3894631671875 0.4248264046875
1 0.5522021125000001 0.3275260734375 0.47222640312499997 0.3756183984375 0.5406862859375 0.441814503125 0.615619865625 0.39395293750000004 0.5522021125000001 0.3275260734375
1 0.6859048078125001 0.3502950375 0.6148691703125 0.3949895546875 0.6704700765625 0.45867530937499995 0.7386858968750001 0.413205271875 0.6859048078125001 0.3502950375
1 0.7379181171875 0.413310965625 0.671003503125 0.4586440921875 0.723970965625 0.5210899359375001 0.7889780578125001 0.473355684375 0.7379181171875 0.413310965625
1 0.6699207375 0.45838115312500005 0.5998517828125001 0.5064082796875 0.6578022703124999 0.5674905671875 0.7239743671875 0.5193646249999999 0.6699207375 0.45838115312500005
1 0.6140418046875 0.39434125937500003 0.538945575 0.44212490468750004 0.6009345500000001 0.5066712203125 0.669489503125 0.45829917656249997 0.6140418046875 0.39434125937500003
1 0.6004957796875 0.507004096875 0.5246508453125001 0.5597331078125001 0.5853892890625 0.6200131578125 0.65796603125 0.5681386875000001 0.6004957796875 0.507004096875
1 0.600927009375 0.5073174921875 0.5387945421875 0.4423123578125 0.45995154843749997 0.4934777421875 0.5251076046875001 0.5609927234375001 0.600927009375 0.5073174921875
1 0.38892334375000004 0.42528180468750004 0.2991360578125 0.4783226515625 0.37394946562500003 0.5485619734375 0.4601084875 0.493310934375 0.38892334375000004 0.42528180468750004
1 0.5238675625 0.560057621875 0.45966824375000004 0.49243204374999994 0.37529508749999996 0.547889321875 0.44540578125 0.6143770046875 0.5238675625 0.560057621875
1 0.133087290625 0.32820403125 0.0245909359375 0.3818135046875 0.1147844125 0.46152370468750004 0.21782816875000002 0.4046009890625 0.133087290625 0.32820403125
1 0.218178009375 0.40474070781249993 0.11541609374999999 0.4605390046875 0.20282298281250002 0.5361429796875 0.298820521875 0.47813208593749995 0.218178009375 0.40474070781249993
1 0.2023708203125 0.5363432046875001 0.11516225 0.461246471875 0.022800251562500002 0.513005653125 0.024007253125 0.5401631984375 0.09744182968750001 0.5999559984375 0.2023708203125 0.5363432046875001
1 0.2022473421875 0.5358989640625 0.0982879703125 0.60017605 0.1866659109375 0.673158446875 0.28291350937500004 0.6068280015624999 0.2022473421875 0.5358989640625
1 0.298673975 0.478816365625 0.20161946875 0.5359999906249999 0.282899028125 0.6069194375 0.3745635953125 0.5478854703125 0.298673975 0.478816365625
1 0.44470859375 0.6141569109375 0.3748793 0.5478839671875 0.282297428125 0.6073991421875 0.358126696875 0.6736361718749999 0.44470859375 0.6141569109375
1 0.282940125 0.6066904906249999 0.1880293390625 0.6732779984375 0.2682651546875 0.741149303125 0.358119715625 0.6733774421875001 0.282940125 0.6066904906249999
1 0.26913056874999997 0.7407943875 0.3452025515625 0.8049194906249999 0.429108553125 0.7370065703125 0.358635596875 0.6732909546875 0.26913056874999997 0.7407943875
1 0.4452616640625 0.613531384375 0.35743641249999997 0.674200996875 0.4294554703125 0.7370049187500001 0.5109013828125 0.67629433125 0.4452616640625 0.613531384375
1 0.526328875 0.5592482734375 0.44499674687499996 0.6154153296875 0.511614765625 0.6754946453125 0.5853031718749999 0.6201602890625 0.526328875 0.5592482734375
1 0.4965479484375 0.7964210656249999 0.41727447812499996 0.8657157625 0.486153359375 0.9213246859374999 0.5590804390625 0.852086228125 0.4965479484375 0.7964210656249999
1 0.6202121546875 0.9072392078125 0.55842243125 0.8533844984375 0.48677670781250004 0.9226428625 0.5509221265625001 0.9760381875 0.6202121546875 0.9072392078125
1 0.3452477546875 0.8051733671875001 0.4165876203125 0.865977796875 0.4961275234375 0.7964090640625 0.4290564625 0.7368941109375 0.3452477546875 0.8051733671875001
1 0.5097733328125 0.6766671734374999 0.42880305625000004 0.7374195078125 0.49600603750000005 0.7961708875 0.5717037140625 0.735702428125 0.5097733328125 0.6766671734374999
1 0.572022178125 0.7351420421875 0.4956395515625 0.7959432171875 0.558831509375 0.8519840421874999 0.6303427171875 0.7916582375 0.572022178125 0.7351420421875
1 0.630061284375 0.7906818890625 0.557160675 0.8529670234375001 0.6199222984375 0.9068764546875 0.689207746875 0.84590835 0.630061284375 0.7906818890625
1 0.6982874078125 0.7334275109374999 0.6301418609375 0.7911890234375 0.6886128375 0.8459418609375 0.754243921875 0.7873833640625 0.6982874078125 0.7334275109374999
1 0.643460415625 0.678822709375 0.571843546875 0.7355297000000001 0.63005046875 0.791272821875 0.698023359375 0.7342857484375 0.643460415625 0.678822709375
1 0.5103902171875 0.67724978125 0.571900721875 0.7350372484375 0.6435282671875 0.67875903125 0.5862803359375001 0.6194513781250001 0.5103902171875 0.67724978125
1 0.698591225 0.73424169375 0.7531534265625 0.7870984546875001 0.814378121875 0.7344824359375 0.762034653125 0.6816437843750001 0.698591225 0.73424169375
1 0.6438849578125 0.6783591859375 0.6974074906250001 0.7344680796875 0.7618204000000001 0.681636803125 0.7106994359375001 0.625909278125 0.6438849578125 0.6783591859375
1 0.774244753125 0.5763606593749999 0.7240381015625 0.5190822171875 0.6579077171875001 0.5682583453125 0.7107833546875 0.6262096546875 0.774244753125 0.5763606593749999
1 0.5869686390625 0.619573478125 0.643143684375 0.6785547875 0.71106125 0.6259969203125 0.657377575 0.5676839921875 0.5869686390625 0.619573478125
1 0.87181294375 0.683485053125 0.8222557828125 0.631204671875 0.761542890625 0.6807397984375 0.8142042421875001 0.734517275 0.87181294375 0.683485053125
1 0.7098685578125 0.6263540640625 0.7613214937499999 0.6820880093749999 0.8233123484375 0.631389040625 0.7744335484375 0.5764157812499999 0.7098685578125 0.6263540640625
1 0.8359974734375 0.5297616515625 0.77547398125 0.5767956328125 0.823029640625 0.6313903875 0.8802210593750001 0.5847604203125 0.8359974734375 0.5297616515625
1 0.9256744609374999 0.6376372265625 0.8799425640624999 0.5839921343750001 0.8224576328125 0.631181703125 0.8715768609375001 0.684255790625 0.9256744609374999 0.6376372265625
1 0.7886431171875 0.4732392359375 0.7231812640624999 0.5185647765625 0.7747120265625 0.5771834015625 0.7745567640625 0.5765859234375 0.8349933625 0.5307281171875 0.7886431171875 0.4732392359375
1 0.023987684375000002 0.3803145 0.0191710703125 0.38973084375 0.0220282921875 0.49563658593750004 0.022752121875 0.511922759375 0.11547342187500001 0.46031665000000005 0.023987684375000002 0.3803145
0 1 0.4719155171875 0.6626070328125 0.0210634890625 0.020280899999999998 0.43086779531249997 0.021770296875 0.48607373593750003 0.5164192546875 0.9890985671875001 0.5400809921875 0.9889858546875001 0.58851579375 0.9879095250000001 1 0.60200460625 1 0.4719155171875