1 0.20988506093749998 0.6817131625 0.253871759375 0.710609153125 0.2745049140625 0.6405196140625 0.2272324625 0.6175572796875 0.20988506093749998 0.6817131625
1 0.23964802812500002 0.5540980859375 0.2263129109375 0.6165870953125 0.2732120859375 0.639746878125 0.288300865625 0.5737534 0.23964802812500002 0.5540980859375
1 0.33963228437500004 0.59570684375 0.2887957234375 0.57388175 0.2733154640625 0.6396365609375 0.3248046953125 0.6660637515625 0.33963228437500004 0.59570684375
1 0.2546877359375 0.709167325 0.30652206875 0.738189275 0.3239758546875 0.666377640625 0.2731608953125 0.6402005109375 0.2546877359375 0.709167325
1 0.30721731874999997 0.7370077125 0.35938215625000003 0.7688890734375 0.3818794515625 0.694937040625 0.32366428593749996 0.6659964281249999 0.30721731874999997 0.7370077125
1 0.3829824359375 0.6949780203125 0.3978997453125 0.6202250171875 0.3404611265625 0.595392953125 0.324344146875 0.66649643125 0.3829824359375 0.6949780203125
1 0.25314068437500004 0.49026489218749997 0.23917534218749997 0.5530570671875 0.28832068125 0.5740138078125 0.3032503734375 0.507377378125 0.25314068437500004 0.49026489218749997
1 0.2883304828125 0.5736522640625 0.33949048125000003 0.5948240734375 0.35590275937500004 0.524417625 0.3027229234375 0.5070040437500001 0.2883304828125 0.5736522640625
1 0.3977291765625 0.619107559375 0.415634725 0.5445698015625 0.35576634375 0.5249153421874999 0.3400194828125 0.5951016328125001 0.3977291765625 0.619107559375
1 0.4643525796875 0.64714765625 0.39910348125 0.6195033046875 0.3817474390625 0.694514140625 0.44507756406250004 0.7279989578125 0.4643525796875 0.64714765625
1 0.46328256718749994 0.64710768125 0.48201955625000004 0.5669058875 0.415407028125 0.5442360890625 0.3975155703125 0.619630453125 0.46328256718749994 0.64710768125
1 0.4822168140625 0.5674996906249999 0.50083088125 0.48511591562499995 0.43405619531250006 0.468302171875 0.415419484375 0.54418024375 0.4822168140625 0.5674996906249999
1 0.416675359375 0.5448694625 0.434457984375 0.46814972499999996 0.3721563375 0.45342918593750003 0.354954684375 0.5247021328125 0.416675359375 0.5448694625
1 0.35560694531250003 0.5243324406250001 0.3710171453125 0.45363814375 0.31807861875 0.4402723734375 0.3025049890625 0.5063505171875 0.35560694531250003 0.5243324406250001
1 0.4461724 0.728832125 0.38169284375 0.694432621875 0.35756786093750004 0.7679845734375 0.4211952421875 0.8080336499999999 0.4461724 0.728832125
1 0.5195371953125 0.766326515625 0.4460361640625 0.7293291859375 0.42127036875 0.807759546875 0.49374329375 0.85254553125 0.5195371953125 0.766326515625
1 0.540244640625 0.6802523859375 0.4645748390625 0.64853399375 0.44581849531250006 0.728317734375 0.519400959375 0.766823578125 0.540244640625 0.6802523859375
1 0.46457285312499996 0.648406071875 0.5398462 0.67893700625 0.5598854203125 0.59267045625 0.4825657171875 0.566763884375 0.46457285312499996 0.648406071875
1 0.5814037203125 0.5049513828125 0.5006554015625 0.485187784375 0.4831500765625 0.56752221875 0.5598854203125 0.59267045625 0.5814037203125 0.5049513828125
1 0.5391717609375 0.680084234375 0.6269934046875 0.7174484609375 0.6500175875 0.622918128125 0.5593394296875001 0.5918241171874999 0.5391717609375 0.680084234375
1 0.6737789921874999 0.5283319390625 0.5817373921875 0.5050474671875 0.5594815359374999 0.5927508421875001 0.6496157984375001 0.6230705734375 0.6737789921874999 0.5283319390625
1 0.522610590625 0.40376612187500005 0.5016573 0.48547629062500003 0.5808036140625 0.5045104296875 0.6038565 0.41777025781250005 0.522610590625 0.40376612187500005
1 0.698815840625 0.4330361984375 0.6041910703125 0.41786306250000005 0.5804685968750001 0.5046064015625 0.6729124484375 0.5275461171875 0.698815840625 0.4330361984375
1 0.25262997343750004 0.490884059375 0.30207765000000003 0.5064644765625 0.3172018921875 0.43944399843750004 0.26751645 0.42718479374999996 0.25262997343750004 0.490884059375
1 0.333396146875 0.372463496875 0.28277625781250004 0.36379042500000003 0.26751645 0.42718479374999996 0.31780181875 0.4398856078125 0.333396146875 0.372463496875
1 0.37095103281249997 0.45329365 0.37120518125 0.4531496296875 0.3880457484375 0.38152365781249997 0.33431329062500004 0.37249978125 0.3175902796875 0.4394964078125 0.37095103281249997 0.45329365
1 0.45098733125 0.39197895 0.3870890640625 0.381596975 0.3716336515625 0.45346474687500005 0.43408777499999995 0.4681626890625 0.45098733125 0.39197895
1 0.500543128125 0.485552365625 0.521835428125 0.4039638734375 0.45099810468749996 0.3923174109375 0.43411273437500003 0.46814440625 0.500543128125 0.485552365625
1 0.5451105703125 0.322945653125 0.4728531046875 0.3174545171875 0.4516891515625 0.39222208125 0.5216385390625 0.40370836718750003 0.5451105703125 0.322945653125
1 0.628288928125 0.3302075921875 0.5451225281250001 0.322815378125 0.5215099859375 0.4040838265625 0.60500471875 0.41861313593749994 0.628288928125 0.3302075921875
1 0.7256206859375001 0.33883468125 0.6289273 0.330716871875 0.6039404578124999 0.41851750781249997 0.69862234375 0.432158353125 0.7256206859375001 0.33883468125
1 0.7560560984375 0.2433296953125 0.6556302234375 0.24364882968749998 0.6285469828125 0.330638484375 0.7275543359375 0.33868681875 0.7560560984375 0.2433296953125
1 0.351934640625 0.30569816250000004 0.30014738125 0.30159621875 0.28340213593749997 0.363953671875 0.3340123421875 0.37235015 0.351934640625 0.30569816250000004
1 0.3336918765625 0.3722578703125 0.3878935125 0.3814310046875 0.4095574703125 0.3112229875 0.35163090625 0.30578050156250003 0.3336918765625 0.3722578703125
1 0.388083315625 0.38200001875 0.4508876796875 0.3913340125 0.4721252984375 0.31637045625 0.40800749999999997 0.31096909687499996 0.388083315625 0.38200001875
1 0.4730168359375 0.31665265625 0.4963677546875 0.2428127125 0.43069937812500003 0.2414051765625 0.40987349999999995 0.311081928125 0.4730168359375 0.31665265625
1 0.5701336484375 0.2424328921875 0.4959820453125 0.24295846875 0.47207249375 0.317238928125 0.5455275140625 0.32337560625 0.5701336484375 0.2424328921875
1 0.5452580593749999 0.3228303484375 0.6286790875 0.330121840625 0.6541480890625 0.24350786875 0.569981934375 0.2439811 0.5452580593749999 0.3228303484375
1 0.6546583609375001 0.24416916562500002 0.6769928265625 0.1551080765625 0.5885039171875001 0.15999943125 0.5694458765625 0.24360104218749998 0.6546583609375001 0.24416916562500002
1 0.587862103125 0.1598146140625 0.5132408640625 0.1645801921875 0.496477725 0.24340614062500002 0.5688954546875 0.24289563749999998 0.587862103125 0.1598146140625
1 0.4973801625 0.24263658124999998 0.5119581203125 0.1642108125 0.44612746562499994 0.16970641250000001 0.4304606671875 0.24153100468750002 0.4973801625 0.24263658124999998
1 0.4472707921875 0.1690387640625 0.391585359375 0.1741099765625 0.3705313125 0.24098367031249998 0.4317565890625 0.2420463859375 0.4472707921875 0.1690387640625
1 0.4095825421875 0.31159245 0.4315006640625 0.24171515625 0.372315953125 0.24063087656249998 0.35120667499999997 0.30594204999999997 0.4095825421875 0.31159245
1 0.37206003125 0.2402996484375 0.3195534921875 0.23882203125 0.300052478125 0.301124575 0.352090734375 0.30558958281250004 0.37206003125 0.2402996484375
1 0.392226290625 0.1742945390625 0.336874428125 0.17688717812500002 0.3183054953125 0.2386897703125 0.37238137656250003 0.24039218125 0.392226290625 0.1742945390625
1 0.6801077515625 0.1544902765625 0.6544804281250001 0.24345286875 0.7552226109375 0.24307482500000002 0.7852707156250001 0.14771796406249998 0.6801077515625 0.1544902765625
1 0.9007208328124999 0.1397400109375 0.7856003390625 0.1510553984375 0.7557269140625 0.24373015781250001 0.871316575 0.24475299375 0.9007208328124999 0.1397400109375
1 0.8716695624999999 0.24346509218749998 0.7555591390624999 0.24476858125 0.7251338359374999 0.3378730703125 0.8399579515625 0.347812940625 0.8716695624999999 0.24346509218749998
1 0.84019321875 0.34695455937499997 0.7250589984375 0.3378861875 0.6978420703125 0.4324579296875 0.8116010671874999 0.451274559375 0.84019321875 0.34695455937499997
1 0.8116010671874999 0.451274559375 0.6979011140625 0.4324296515625 0.6730860375 0.5277722734375 0.78601065625 0.55599623125 0.8116010671874999 0.451274559375
1 0.62903224375 0.718375878125 0.5400379390625 0.6797796796875 0.51801784375 0.76649463125 0.6056882031249999 0.81262803125 0.62903224375 0.718375878125
1 0.606383471875 0.8123648203125 0.5215791890625 0.76756473125 0.4938190484375 0.8522864640625001 0.577260328125 0.9072684984375 0.606383471875 0.8123648203125
1 0.6817139 0.9704994765625001 0.7060641375000001 0.866726034375 0.6047317125 0.812801159375 0.579493734375 0.90692111875 0.6817139 0.9704994765625001
1 0.80496633125 1 0.82262628125 0.932270753125 0.7084350578125 0.8674087671875 0.680033871875 0.9689664578125001 0.7246034953125 1 0.80496633125 1
1 0.8219592359375 0.93283995 0.8519683734375001 0.8177528765625001 0.7333563453124999 0.7634198359375 0.7069790171875 0.8665522453125 0.8219592359375 0.93283995
1 0.7072932953125 0.8678419734375 0.7327851140625 0.7636359859375 0.6283770343749999 0.7172002281250001 0.6059805093749999 0.8123343921874999 0.7072932953125 0.8678419734375
1 0.7322237 0.7619517609375001 0.757135171875 0.6598632015625 0.651634340625 0.6230115406250001 0.62630763125 0.7176493140625 0.7322237 0.7619517609375001
1 0.85102018125 0.817479834375 0.8801769374999999 0.70176666875 0.7596027875 0.6601931359375001 0.7321576890625 0.7623728234375 0.85102018125 0.817479834375
1 0.673009865625 0.5276343078125 0.6506905749999999 0.6239977234375 0.7585816359375 0.6598085265625 0.78595946875 0.5559715859375001 0.673009865625 0.5276343078125
1 0.9096283875 0.5862536859375 0.785862775 0.556324384375 0.7585816359375 0.6598085265625 0.8796201328125001 0.7013410125 0.9096283875 0.5862536859375
1 0.9365217984375 0.4676042171875 0.8109765703124999 0.45162960781250006 0.7855377640625 0.5553025390624999 0.9100062296875 0.586743128125 0.9365217984375 0.4676042171875
1 0.9727993749999999 0.3520383671875 0.841499434375 0.3477304390625 0.811344215625 0.4508843390625 0.9384181828125 0.46815030156250004 0.9727993749999999 0.3520383671875
1 0.83958828125 0.347619465625 0.972591396875 0.35317841250000004 0.9945516515625 0.2822126984375 0.9955325625 0.2380716921875 0.87318153125 0.243736334375 0.83958828125 0.347619465625
1 0.9000724140624999 0.138137565625 0.8726603328125 0.24358625156249997 0.995525190625 0.23840345937500002 0.997569840625 0.146394225 0.9493667968749999 0.13251364999999998 0.9000724140624999 0.138137565625
0 0.8363278749999999 1 0.9926179234375001 0.369230465625 0.997569840625 0.1463942234375 0.9270557171875 0.12608893906250002 0.3202739328125 0.1559622375 0.1736180484375 0.6805430203125 0.652704578125 1 0.8363278749999999 1