1 0.7335488031249999 0.70051276875 0.7365298015625 0.7687208015625 0.7873001734375 0.7515688515625001 0.78438545 0.6864428265625 0.7335488031249999 0.70051276875
1 0.79600915625 0.6215572625 0.74216206875 0.6307938296875 0.7336127421875 0.6999450281249999 0.7862213828125 0.6867823453125 0.79600915625 0.6215572625
1 0.750443615625 0.5601731875 0.743463334375 0.6311743453124999 0.7961161062500001 0.62123406875 0.8034259453124999 0.55410948125 0.750443615625 0.5601731875
1 0.7553567453125 0.4872633515625 0.7509297140625 0.5603867640625 0.8039859125 0.553835784375 0.8116856140625 0.48529748906250003 0.7553567453125 0.4872633515625
1 0.7625610078125 0.41404847031249997 0.7552825999999999 0.48769683124999996 0.81197199375 0.485397015625 0.8196784671874999 0.41634881406249996 0.7625610078125 0.41404847031249997
1 0.76774610625 0.3382578234375 0.761238753125 0.41407117187500003 0.8199291375 0.4159301109375 0.8274768765625 0.3444040484375 0.76774610625 0.3382578234375
1 0.7772891671875 0.2612305015625 0.7680971078125001 0.33834574375000004 0.8270544734374999 0.34403449531249997 0.8342665921875 0.27153697656250003 0.7772891671875 0.2612305015625
1 0.8339343343750001 0.2724552390625 0.8600168125 0.198662575 0.7997604359375 0.1814011703125 0.77721608125 0.2610923390625 0.8339343343750001 0.2724552390625
1 0.7999688109374999 0.1817997703125 0.732611034375 0.1622252328125 0.715375675 0.2476398640625 0.776433246875 0.2606061671875 0.7999688109374999 0.1817997703125
1 0.7770633703125001 0.261203428125 0.71487208125 0.24759770312499998 0.7047893015625 0.3303652171875 0.7685451734375001 0.3380858203125 0.7770633703125001 0.261203428125
1 0.7680380125 0.33823597968749997 0.7044746421875 0.330050965625 0.6991530874999999 0.41111734218749996 0.76142100625 0.413737946875 0.7680380125 0.33823597968749997
1 0.7610444859375 0.4136356375 0.69925473125 0.4099898765625 0.694060978125 0.4899214484375 0.7553373953125 0.48758775468750004 0.7610444859375 0.4136356375
1 0.754774390625 0.48804905156249995 0.6941704343749999 0.4896563171875 0.6892960640625 0.5667518874999999 0.7497205921875 0.5599751671875 0.754774390625 0.48804905156249995
1 0.7501583921874999 0.559934909375 0.6887488359375 0.5664385843749999 0.68215725625 0.643007871875 0.741680103125 0.6311700265625 0.7501583921874999 0.559934909375
1 0.7425441 0.6307427765625 0.681838009375 0.6422685203125 0.6735745718749999 0.7156438390625001 0.7336931296875 0.69960871875 0.7425441 0.6307427765625
1 0.7328678140625 0.6997567453125 0.6722820671874999 0.7147277187500001 0.676006225 0.7898703203124999 0.7365390359374999 0.7685344015625 0.7328678140625 0.6997567453125
1 0.67269726875 0.7149523765625 0.6065318671875 0.7321290609375 0.6102688578125 0.8116635000000001 0.676233565625 0.7895061578125 0.67269726875 0.7149523765625
1 0.61541185 0.6553994734375 0.6058614578125 0.7334396437499999 0.673252609375 0.7157639015624999 0.6816549203125 0.6420469609375 0.61541185 0.6553994734375
1 0.61516069375 0.6560794999999999 0.6824952546875 0.642054696875 0.68950255625 0.5665166593750001 0.6201674890625 0.5755591812499999 0.61516069375 0.6560794999999999
1 0.6208924859375 0.5754987265625 0.6890962125 0.567273534375 0.6942789640625 0.4894074421875 0.6244144640625 0.4923725109375 0.6208924859375 0.5754987265625
1 0.624154740625 0.49267883125 0.694111715625 0.48918176406249997 0.6983184953125 0.411395953125 0.6310742874999999 0.4086915609375 0.624154740625 0.49267883125
1 0.6315915046875 0.40819512031249994 0.6990635703125 0.41098052812499997 0.7038396453125 0.33014754375 0.6370483921875 0.32141322968749997 0.6315915046875 0.40819512031249994
1 0.71440404375 0.2477137015625 0.6444373609375 0.23326575156249998 0.6367762296875 0.32158101875 0.70406968125 0.33058675000000004 0.71440404375 0.2477137015625
1 0.714761790625 0.2480710375 0.7330459640625 0.1623630578125 0.662042625 0.14133780468749998 0.6439166171874999 0.232404034375 0.714761790625 0.2480710375
1 0.6441470765624999 0.2326145859375 0.5617753078125001 0.21560073124999998 0.5552534921875 0.311838659375 0.6366682171875 0.32179318281249997 0.6441470765624999 0.2326145859375
1 0.662400884375 0.1404135515625 0.585659721875 0.116235759375 0.5620271031249999 0.21562181093750002 0.6434270734374999 0.23203634687500002 0.662400884375 0.1404135515625
1 0.6372835296875 0.3220400390625 0.5565158734375 0.3110785828125 0.5523030453125 0.40483697812499997 0.6314378328125 0.40789706875 0.6372835296875 0.3220400390625
1 0.6315872671875 0.408305028125 0.552755196875 0.4049503828125 0.548129575 0.4956195390625 0.6244594203125 0.49217412656250004 0.6315872671875 0.408305028125
1 0.624919590625 0.49231270625 0.5481934359375 0.4950524734375 0.5444287671875 0.5848394609375 0.6213798078125 0.574046896875 0.624919590625 0.49231270625
1 0.6203589109375 0.5749919046875 0.5449638875 0.5839511140625 0.5391487390624999 0.6716572578125 0.614175740625 0.6553640484375001 0.6203589109375 0.5749919046875
1 0.6145772578125 0.655637928125 0.539485734375 0.6709218031249999 0.529969515625 0.7531643375 0.60647085 0.7336989359375 0.6145772578125 0.655637928125
1 0.606186228125 0.732411171875 0.530540903125 0.7526125375 0.53223189375 0.8390379296875 0.61001456875 0.8112950874999999 0.606186228125 0.732411171875
1 0.5296042203125 0.7530908765625 0.44166704375 0.7786440875 0.4408919453125 0.8676910437500001 0.5324200671875 0.8386922671875 0.5296042203125 0.7530908765625
1 0.529484509375 0.75240294375 0.5389739859375 0.6708476484375 0.448112278125 0.6888609921875 0.44114333125 0.7794231265625 0.529484509375 0.75240294375
1 0.448959053125 0.6894621 0.5401727937499999 0.6710215234375 0.5443583265624999 0.5846858671875 0.4543243515625 0.5958954796875 0.448959053125 0.6894621
1 0.548290275 0.4957909 0.45810678281249995 0.49967799843750005 0.45429461250000003 0.5956615734375 0.54502141875 0.58474138125 0.548290275 0.4957909
1 0.45959684375 0.499699290625 0.5486508437500001 0.4950308703125 0.552101459375 0.40496439375 0.46313779843749997 0.4007186421875 0.45959684375 0.499699290625
1 0.46273194218749997 0.3006330046875 0.46227585781249997 0.401930834375 0.5528390812499999 0.40542636249999997 0.5555527625 0.3111490515625 0.46273194218749997 0.3006330046875
1 0.5613633609375 0.216881225 0.467213009375 0.19662972031249998 0.462901675 0.299680034375 0.5559470328125 0.3109009578125 0.5613633609375 0.216881225
1 0.5853870453125001 0.11708277656249999 0.49119548125 0.08632225624999999 0.46668649687499997 0.1958995640625 0.5618642015625 0.2153896890625 0.5853870453125001 0.11708277656249999
1 0.49147194531249994 0.08657409375 0.37629136406249997 0.0503965875 0.35633438906250003 0.17087689687500002 0.4668655390625 0.1945988890625 0.49147194531249994 0.08657409375
1 0.46731506874999995 0.1957234953125 0.35731506875 0.170272921875 0.355251190625 0.28584718593749997 0.46200660625 0.299588084375 0.46731506874999995 0.1957234953125
1 0.46230490625 0.2997022203125 0.3555750828125 0.285734090625 0.35216234062499996 0.397077596875 0.4621754921875 0.4007980265625 0.46230490625 0.2997022203125
1 0.4581088953125 0.4996271265625 0.4624782609375 0.40140259375 0.3522652671875 0.39674998125 0.3497381953125 0.5039558796875 0.4581088953125 0.4996271265625
1 0.45830519531249997 0.49961089062499997 0.3488795921875 0.5041746265625 0.34733649375 0.60972729375 0.45485277343749997 0.5953155781249999 0.45830519531249997 0.49961089062499997
1 0.454743 0.5960734624999999 0.347637575 0.6097525 0.344694584375 0.711527521875 0.447896096875 0.6892866671875 0.454743 0.5960734624999999
1 0.33855975625 0.8092285390624999 0.3406223046875 0.9070767890625 0.441718171875 0.8684183875 0.4416032671875 0.7775960171875 0.33855975625 0.8092285390624999
1 0.44914502343749996 0.68901551875 0.3450129625 0.711407159375 0.3388362171875 0.8094803781250001 0.4416032671875 0.7775960171875 0.44914502343749996 0.68901551875
1 0.22428507187500002 0.9423682624999999 0.2472805609375 0.94429346875 0.3401522921875 0.9068890609375 0.33846513906250003 0.8098277421875 0.2152957234375 0.8445792078125001 0.22428507187500002 0.9423682624999999
1 0.21501871874999998 0.8457859203125 0.3380648359375 0.8094226015625001 0.34485288281250004 0.7107001921875 0.21686896406249997 0.737513978125 0.21501871874999998 0.8457859203125
1 0.22018491718750002 0.6270539984375 0.22039299843750002 0.73595565 0.345100140625 0.7114763953125001 0.347518303125 0.6093497890624999 0.22018491718750002 0.6270539984375
1 0.22156452343750002 0.5099978828125 0.221232378125 0.62640320625 0.3465033609375 0.6099046109375 0.349430159375 0.5037755875000001 0.22156452343750002 0.5099978828125
1 0.2205420203125 0.5114872640625 0.34973778437499997 0.5037747984375 0.3523951234375 0.3972032640625 0.220801896875 0.393016975 0.2205420203125 0.5114872640625
1 0.2205606671875 0.39205070000000003 0.352401590625 0.396455109375 0.3559724203125 0.28524190625 0.22193396875000002 0.269099096875 0.2205606671875 0.39205070000000003
1 0.22177980156250002 0.269753209375 0.355082621875 0.2854886703125 0.3567360140625 0.171535340625 0.22218275781250002 0.14191646093750002 0.22177980156250002 0.269753209375
1 0.3570528421875 0.17108338125 0.37633118906249996 0.051231654687499996 0.233535 0.00633670625 0.2223138125 0.1414033453125 0.3570528421875 0.17108338125
1 0.07235101875 0 0.060696239062500004 0.103488821875 0.22203935156250001 0.1408766984375 0.23445368906250003 0.006901634375 0.21249120625 0 0.07235101875 0
1 0.060770840625 0.10282637812499999 0.0605455796875 0.10482660156250001 0.0603165984375 0.248009215625 0.22191897656249998 0.26908763125 0.22319966249999998 0.1415530609375 0.060770840625 0.10282637812499999
1 0.22072379843749998 0.2687289296875 0.060429590624999995 0.24684526406249999 0.064078540625 0.384628375 0.2208825546875 0.391730525 0.22072379843749998 0.2687289296875
1 0.2210570765625 0.392180740625 0.0639768453125 0.38497719375 0.06444306718750001 0.5186053859374999 0.2208554296875 0.51078454375 0.2210570765625 0.392180740625
1 0.2207496609375 0.5104306078125 0.0660056765625 0.5176049984375 0.0664047984375 0.6464236671875 0.22053016093750002 0.626542478125 0.2207496609375 0.5104306078125
1 0.220512725 0.6267213875000001 0.0659223890625 0.646032753125 0.06690939375 0.7696393484375 0.2193280921875 0.7381990234375 0.220512725 0.6267213875000001
1 0.21840967656250002 0.737687890625 0.06644627343750001 0.7687960687500001 0.0666099546875 0.888902665625 0.2144364171875 0.8440090437500001 0.21840967656250002 0.737687890625
1 0.2239329015625 0.9423387796875 0.21271834531249997 0.8449521750000001 0.0672540953125 0.8885883703124999 0.06974768125 0.9294302343749999 0.2239329015625 0.9423387796875
0 0.07235101875 0 0.0501144359375 0.19745011875000001 0.055233137499999994 0.9282150609375 0.197344684375 0.9401127859375 0.8203128906250001 0.7649301640624999 0.8969774703125 0.180493990625 0.3140325859375 0 0.07235101875 0