1 0.0396025 0.7815071015624999 0.15615812499999998 0.780393484375 0.194356875 0.6710192140625 0.09112624999999999 0.6727084375 0.0396025 0.7815071015624999
1 0.299165625 0.6667969921875 0.1946725 0.6705973265625 0.15615812499999998 0.779548871875 0.271069375 0.7770150375 0.299165625 0.6667969921875
1 0.40370249999999996 0.6642631578125 0.299089375 0.6672840437499999 0.27048125 0.7761704265625 0.39075875 0.77194736875 0.40370249999999996 0.6642631578125
1 0.5091125 0.66138930625 0.40260625 0.6640334171875 0.390096875 0.7724519625 0.508480625 0.7694954046875 0.5091125 0.66138930625
1 0.613010625 0.6573725984375 0.508555 0.660782790625 0.507885625 0.7684352546875 0.6275324999999999 0.7621010859374999 0.613010625 0.6573725984375
1 0.613114375 0.658461153125 0.6284125 0.7640459484375001 0.7474274999999999 0.7657351718750001 0.7183843750000001 0.6584728484375 0.613114375 0.658461153125
1 0.506818125 0.5642038421875 0.5068718750000001 0.6605847953125 0.61294375 0.6576282375 0.601263125 0.561767753125 0.506818125 0.5642038421875
1 0.602210625 0.5630350875000001 0.61294375 0.6572063484374999 0.71806875 0.6572063484374999 0.697233125 0.5630350875000001 0.602210625 0.5630350875000001
1 0.41198562499999997 0.567453634375 0.402063125 0.665229740625 0.507819375 0.66142940625 0.506240625 0.5630350875000001 0.41198562499999997 0.567453634375
1 0.319126875 0.5717660812500001 0.299235625 0.667227234375 0.40279375 0.662837928125 0.41243187499999995 0.5676516296874999 0.319126875 0.5717660812500001
1 0.2258 0.57624645 0.194189375 0.6712915625 0.29901187500000004 0.6673308265625 0.31914750000000003 0.5722665 0.2258 0.57624645
1 0.225576875 0.576623225 0.13065875 0.5753759406250001 0.091735 0.6720835421875 0.19478125 0.6704995828125 0.225576875 0.576623225
1 0.8252593750000001 0.66059315 0.718125 0.6581253140625 0.748270625 0.7659557218749999 0.8676031249999999 0.7699164578125 0.8252593750000001 0.66059315
1 0.8249962500000001 0.6620451125 0.8678987499999999 0.7703124484375 0.9887118750000001 0.7715012531250001 0.9315625000000001 0.65940434375 0.8249962500000001 0.6620451125
1 0.824963125 0.6598011703125 0.9309706249999999 0.6613851296875 0.8859618749999999 0.5671136171875 0.790021875 0.5675096078124999 0.824963125 0.6598011703125
1 0.6968681250000001 0.5650292390625 0.718746875 0.6586182125 0.825138125 0.6604903921874999 0.7923806250000001 0.5676098578125 0.6968681250000001 0.5650292390625
1 0.67951 0.48463157968750004 0.697148125 0.5644043437499999 0.791780625 0.567401003125 0.7660224999999999 0.48650459531249995 0.67951 0.48463157968750004
1 0.76567 0.48609774375 0.79245 0.5673659140625 0.8879125 0.567071846875 0.8547874999999999 0.48699749375 0.76567 0.48609774375
1 0.593125625 0.48557226406250004 0.600990625 0.56332915625 0.696888125 0.5647385125 0.678973125 0.48332999218749995 0.593125625 0.48557226406250004
1 0.5859125 0.41598496249999994 0.59309625 0.485518796875 0.6803625 0.4846499578125 0.66585375 0.41686883906250005 0.5859125 0.41598496249999994
1 0.6666862499999999 0.416940684375 0.679279375 0.4846499578125 0.766545 0.48580868906249997 0.744675 0.41889640781250004 0.6666862499999999 0.416940684375
1 0.7448400000000001 0.41821470312500003 0.7673706250000001 0.486272346875 0.855069375 0.48772096875 0.825186875 0.4155948203125 0.7448400000000001 0.41821470312500003
1 0.579694375 0.35787802812499997 0.5858399999999999 0.41632915625000005 0.66682125 0.4170434421875 0.654184375 0.36038011718749996 0.579694375 0.35787802812499997
1 0.727004375 0.361451128125 0.6537225 0.35971010937500003 0.667025 0.41668588125 0.74444625 0.41859064375 0.727004375 0.361451128125
1 0.72638 0.36128153749999997 0.74533625 0.41882873906249996 0.825249375 0.4154954046875 0.80051 0.35621386875 0.72638 0.36128153749999997
1 0.506253125 0.3623283203125 0.50642625 0.41842439374999996 0.5861618749999999 0.41628237187500006 0.57957625 0.358428571875 0.506253125 0.3623283203125
1 0.506449375 0.41808688437499997 0.5069606249999999 0.48675355 0.592746875 0.48508688437499997 0.58509375 0.41604427812500006 0.506449375 0.41808688437499997
1 0.427174375 0.42220467812500007 0.42130062500000004 0.4891052625 0.50673125 0.486486215625 0.5061975000000001 0.41768086875000004 0.427174375 0.42220467812500007
1 0.43242062499999995 0.36573099375 0.427351875 0.4219665828125 0.506553125 0.41815705937500003 0.5060193749999999 0.3622080203125 0.43242062499999995 0.36573099375
1 0.42086625 0.489289890625 0.4128775 0.567536340625 0.507563125 0.564441103125 0.5066731250000001 0.4856365921875 0.42086625 0.489289890625
1 0.50701 0.48603341718750004 0.50736625 0.563885546875 0.6022293750000001 0.5636482875 0.592796875 0.48460484531250003 0.50701 0.48603341718750004
1 0.27031062499999997 0.4307585625 0.190555625 0.4288195484375 0.163700625 0.49599248124999995 0.250376875 0.4967067671875 0.27031062499999997 0.4307585625
1 0.163888125 0.49703508750000003 0.131318125 0.5741729328125 0.2256475 0.5763157890625 0.250386875 0.4972731828125 0.163888125 0.49703508750000003
1 0.334215625 0.49393985 0.24969999999999998 0.4974051796875 0.22457937499999997 0.5767919796875 0.31837499999999996 0.5717919796875 0.334215625 0.49393985
1 0.34858375 0.42609106093750004 0.270298125 0.42993567187500004 0.2491475 0.4968596484375 0.33487625 0.49332163749999997 0.34858375 0.42609106093750004
1 0.42147625 0.48934001718750003 0.33519 0.4928312453125 0.31887875 0.5722531328125 0.412668125 0.5672347531249999 0.42147625 0.48934001718750003
1 0.42685874999999995 0.4227919796875 0.34855375 0.425383459375 0.335026875 0.4923951546875 0.4204975 0.48955889687500004 0.42685874999999995 0.4227919796875
1 0.3595025 0.3690050125 0.348565 0.4255405171875 0.427185 0.42248621562500005 0.43273062500000004 0.36466499531249996 0.3595025 0.3690050125
1 0.28821375 0.3738295734375 0.270271875 0.4288137015625 0.348401875 0.4257585625 0.35949375 0.36859315000000004 0.28821375 0.3738295734375
1 0.191866875 0.428262321875 0.27037875 0.4303324984375 0.2873425 0.374257309375 0.21492062500000003 0.37229406875 0.191866875 0.428262321875
1 0.287831875 0.3740392640625 0.30242749999999996 0.32294235625 0.234494375 0.322546365625 0.21443125 0.3716390984375 0.287831875 0.3740392640625
1 0.369876875 0.319491228125 0.3022475 0.3227025890625 0.2873425 0.372948203125 0.36009 0.3685847953125 0.369876875 0.319491228125
1 0.369959375 0.3190985796875 0.35984625000000003 0.369282371875 0.43177875 0.366010025 0.436998125 0.3138621546875 0.369959375 0.3190985796875
1 0.43721750000000004 0.3138262328125 0.43211374999999996 0.365732665625 0.506329375 0.3628964078125 0.5051875 0.3114026734375 0.43721750000000004 0.3138262328125
1 0.505676875 0.31205764375 0.506003125 0.3626775265625 0.57940375 0.3585321640625 0.5738575 0.308566415625 0.505676875 0.31205764375
1 0.568700625 0.264061821875 0.573803125 0.30758813749999997 0.642264375 0.3090091890625 0.6337824999999999 0.2653709265625 0.568700625 0.264061821875
1 0.642753125 0.309227234375 0.57362375 0.3080685046875 0.57881375 0.3578838765625 0.654334375 0.3600659984375 0.642753125 0.309227234375
1 0.710805625 0.31132414375 0.64272375 0.309747703125 0.654695 0.3601988296875 0.726464375 0.361289890625 0.710805625 0.31132414375
1 0.71110625 0.3107067671875 0.7266275 0.3628170421875 0.80100625 0.358453634375 0.78029125 0.3076148703125 0.71110625 0.3107067671875
1 0.71143 0.3107961578125 0.77972 0.307403509375 0.761153125 0.2676649953125 0.6955806250000001 0.2671804515625 0.71143 0.3107961578125
1 0.6973 0.2668070171875 0.63435375 0.2653533828125 0.642595625 0.30993734375000004 0.71061375 0.3104218875 0.6973 0.2668070171875
1 0.697303125 0.26788053437500003 0.76185 0.26776023437499996 0.7435293749999999 0.22647702656250002 0.6856225 0.22603926406250002 0.697303125 0.26788053437500003
1 0.625785 0.22457310000000003 0.6333012499999999 0.26534920624999997 0.697315 0.2666624890625 0.685646875 0.2258170421875 0.625785 0.22457310000000003
1 0.5650668750000001 0.22441269843749997 0.5689912500000001 0.26473767812500004 0.633768125 0.26605012499999997 0.62569875 0.2241837921875 0.5650668750000001 0.22441269843749997
1 0.504774375 0.22692147031249998 0.5049756249999999 0.267750209375 0.569265625 0.265421053125 0.56476625 0.22407184687499998 0.504774375 0.22692147031249998
1 0.504774375 0.2683308265625 0.5055562499999999 0.3120116953125 0.574199375 0.308129490625 0.56883 0.264256475 0.504774375 0.2683308265625
1 0.44105875 0.2706783625 0.43705812499999996 0.3143416875 0.5049756249999999 0.3122063484375 0.5048306250000001 0.26716792031250003 0.44105875 0.2706783625
1 0.44446375 0.2298696734375 0.44037375 0.271049290625 0.5040018749999999 0.2682957390625 0.50459 0.22659147812499997 0.44446375 0.2298696734375
1 0.384991875 0.2332832078125 0.37788875 0.2749114453125 0.44083812499999997 0.271458646875 0.44413625 0.229835421875 0.384991875 0.2332832078125
1 0.378049375 0.27504260625 0.36899875 0.31941186250000003 0.43754 0.314616540625 0.440695 0.2706917296875 0.378049375 0.27504260625
1 0.37788875 0.27510275625 0.31414749999999997 0.27820634843750003 0.3013175 0.3232481203125 0.369141875 0.319795321875 0.37788875 0.27510275625
1 0.301870625 0.32328404375 0.31477625 0.2780158734375 0.253834375 0.279167084375 0.23476312500000002 0.32289975000000004 0.301870625 0.32328404375
1 0.325366875 0.23700250625 0.31384124999999996 0.278069340625 0.377695625 0.27499749375000004 0.38476750000000004 0.23400668281249998 0.325366875 0.23700250625
1 0.31440625 0.2797268171875 0.326031875 0.236812865625 0.27244875 0.238421053125 0.25477 0.279096909375 0.31440625 0.2797268171875
0 0.25638 0.22077360000000001 0 0.784054303125 0.998561875 0.7779582281249999 0.76473625 0.20431161250000002 0.25638 0.22077360000000001