1 0.722754671875 0.8651589218750001 0.7811272015624999 0.8644470640625 0.789787934375 0.7981319796874999 0.7278299171875 0.7940661921875 0.722754671875 0.8651589218750001
1 0.7389490999999999 0.7247042828125 0.727741325 0.794492975 0.7897335890625 0.7980572031250001 0.800774353125 0.7313063125 0.7389490999999999 0.7247042828125
1 0.7473459703125 0.656949521875 0.73805475 0.7246872484375 0.8002875093749999 0.7314274875 0.807846346875 0.6670594453125 0.7473459703125 0.656949521875
1 0.75830821875 0.5897809015625 0.74706085 0.6568903359375 0.8088794390625 0.6663489796875 0.8180352453124999 0.602179096875 0.75830821875 0.5897809015625
1 0.7702379625 0.522836396875 0.758177784375 0.58955416875 0.8176400640624999 0.602040625 0.8303552249999999 0.5390992171875 0.7702379625 0.522836396875
1 0.844057028125 0.47475688906249996 0.7845885640625 0.455532290625 0.771280615625 0.5226711546875 0.8305034875 0.5381712140625 0.844057028125 0.47475688906249996
1 0.8567229125000001 0.4120938015625 0.7978156875 0.390170040625 0.785835978125 0.45695954375000003 0.8443148218750001 0.474961378125 0.8567229125000001 0.4120938015625
1 0.8724661796875001 0.3493696625 0.812436103125 0.323772075 0.7985563546875001 0.3906363265625 0.8568865156250001 0.4121835 0.8724661796875001 0.3493696625
1 0.8128379890625 0.3238554984375 0.7523472 0.2964429609375 0.737010121875 0.366288821875 0.79768585625 0.39008594531249996 0.8128379890625 0.3238554984375
1 0.798078828125 0.389912125 0.7373977953125 0.3654309734375 0.7239760140625 0.43614286875 0.785381090625 0.4560171046875 0.798078828125 0.389912125
1 0.7851793546875 0.4568070171875 0.724076875 0.43536588125 0.709481371875 0.5056782156249999 0.7710705828125 0.5227369093750001 0.7851793546875 0.4568070171875
1 0.7714863375000001 0.5227717109375 0.7093737953125 0.5051867234375 0.694747121875 0.5756492109375 0.75808535 0.5897311109375 0.7714863375000001 0.5227717109375
1 0.75805650625 0.5894789015625 0.6947338609375 0.5757085421875 0.682069565625 0.645795978125 0.74604576875 0.65641788125 0.75805650625 0.5894789015625
1 0.7466628078124999 0.6574842875 0.6816996140625 0.645563265625 0.67133449375 0.7176920671875 0.7380752765625 0.7249567796874999 0.7466628078124999 0.6574842875
1 0.737688525 0.7250324125 0.671622040625 0.71741664375 0.6590305 0.790178225 0.727173196875 0.7938459140624999 0.737688525 0.7250324125
1 0.7266167218749999 0.7937840171875 0.6593390890624999 0.7899833625 0.6551053015625 0.8638540734375001 0.722866578125 0.8643150875 0.7266167218749999 0.7937840171875
1 0.6590953359375 0.7904844671875 0.5849288859375 0.7855663640625 0.5789585765624999 0.86376820625 0.655135946875 0.86381105 0.6590953359375 0.7904844671875
1 0.6713373093749999 0.71776038125 0.596173309375 0.7085693843749999 0.585106646875 0.785087540625 0.6582373515625 0.7899465609375 0.6713373093749999 0.71776038125
1 0.6818100046875 0.6461230703124999 0.6076560703125 0.6330759234375 0.596882809375 0.7091858234374999 0.6710536359375 0.7172393921875 0.6818100046875 0.6461230703124999
1 0.5958168046875 0.7092770796875 0.5150763171875 0.6997102078124999 0.50109955 0.7801592625 0.58484350625 0.78534545625 0.5958168046875 0.7092770796875
1 0.6088297921875 0.63347548125 0.527907784375 0.6207441359375 0.5147054625 0.6994773078125001 0.5959967171875 0.7094019078125 0.6088297921875 0.63347548125
1 0.5010619609375 0.780617796875 0.49143906875 0.8622838749999999 0.5784195078125001 0.8629811406250001 0.583819065625 0.7845041968750001 0.5010619609375 0.780617796875
1 0.68224556875 0.64583956875 0.6952798171875 0.5759848437499999 0.6208832125 0.5600723640624999 0.6076382078125 0.63335300625 0.68224556875 0.64583956875
1 0.528344396875 0.620460146875 0.6088323046874999 0.633258709375 0.6207032046875 0.5593203203125 0.5415910546875 0.54251858125 0.528344396875 0.620460146875
1 0.6204135921875 0.5600969296875 0.6950734781250001 0.575750821875 0.7101809609374999 0.50545093125 0.635617275 0.485845021875 0.6204135921875 0.5600969296875
1 0.542475246875 0.542743746875 0.6208257921875 0.5597895296875001 0.6357039984374999 0.486095840625 0.5572975125 0.465285165625 0.542475246875 0.542743746875
1 0.6353535765625 0.4865331796875 0.7097617875 0.5054189484375 0.7235854546875 0.43479047812499994 0.6498619703124999 0.412606103125 0.6353535765625 0.4865331796875
1 0.556082025 0.46585547031249996 0.6363573828125 0.48674154999999997 0.649939728125 0.4129319609375 0.5715684125 0.3882222078125 0.556082025 0.46585547031249996
1 0.5871255953125 0.3106981796875 0.5721647234375 0.38781474843749997 0.650194840625 0.412812775 0.66422235625 0.33983778125 0.5871255953125 0.3106981796875
1 0.7378812156250001 0.3660449296875 0.6632987859374999 0.3399296796875 0.6492714296875 0.4125491296875 0.7230866265625 0.43551519218749996 0.7378812156250001 0.3660449296875
1 0.752567340625 0.297315509375 0.683892365625 0.2669525265625 0.6634997265625 0.33997139062500004 0.7364332390625 0.3656702796875 0.752567340625 0.297315509375
1 0.6834232265625 0.266551775 0.6056232234375 0.23273121406250002 0.585733025 0.31038864843749997 0.6633780625 0.3393203546875 0.6834232265625 0.266551775
1 0.500298634375 0.7807655328124999 0.4104063359375 0.7760343671875 0.39498265312499997 0.8631717906249999 0.491694790625 0.8621753984374999 0.500298634375 0.7807655328124999
1 0.4099345203125 0.7757374734375 0.304669625 0.770601284375 0.290239221875 0.8645110218750001 0.3945723671875 0.86281500625 0.4099345203125 0.7757374734375
1 0.408635459375 0.7768604796874999 0.50132054375 0.7809776625 0.515044759375 0.6994574359375 0.423644475 0.6904334921874999 0.408635459375 0.7768604796874999
1 0.424197084375 0.6909461078125 0.3212618421875 0.679726678125 0.30512535 0.7702979796875 0.408873178125 0.77557430625 0.424197084375 0.6909461078125
1 0.42403193281249996 0.691423315625 0.513761659375 0.699502921875 0.5289639015625001 0.6205231312499999 0.4394908671875 0.606681340625 0.42403193281249996 0.691423315625
1 0.4404151328125 0.6060766859375 0.3380772171875 0.5894098859375 0.320623971875 0.67990680625 0.4236871 0.6915062390625 0.4404151328125 0.6060766859375
1 0.437561425 0.6065065859375001 0.5273811562499999 0.6205748515625 0.5421465859375 0.5429034015624999 0.45354946093750004 0.5230681546875 0.437561425 0.6065065859375001
1 0.4544480375 0.52305573125 0.355597115625 0.5011434921875 0.3373596546875 0.5902832078125 0.4386248515625 0.6065869390625 0.4544480375 0.52305573125
1 0.37233664843750003 0.4140802609375 0.35543874531249997 0.5019064265625001 0.4534652390625 0.5223049546875 0.46807460624999997 0.440718721875 0.37233664843750003 0.4140802609375
1 0.556447209375 0.46495132968749997 0.4683918703125 0.44110064531250004 0.4550997375 0.5231091734375 0.5419087499999999 0.54263461875 0.556447209375 0.46495132968749997
1 0.5713702828125 0.3872208890625 0.48473607812499997 0.359089303125 0.4677481671875 0.44092680937499995 0.5565397484375 0.465096825 0.5713702828125 0.3872208890625
1 0.5862723375 0.3101238609375 0.50292210625 0.2778977046875 0.48619021093750003 0.359789059375 0.5712570265625 0.387138821875 0.5862723375 0.3101238609375
1 0.6066104421875 0.23397464375000002 0.5194811515625 0.1953926625 0.5002549640625 0.27774266718749996 0.5863515234375 0.30974239375 0.6066104421875 0.23397464375000002
1 0.4852545046875 0.3601486453125 0.39086388125 0.32702408437499997 0.37255053125000004 0.413959571875 0.46769866093749995 0.44087420312500003 0.4852545046875 0.3601486453125
1 0.5009079640625 0.27703937343749996 0.4083127859375 0.23911334375 0.3893305609375 0.32670579375000003 0.48403696875 0.3598373515625 0.5009079640625 0.27703937343749996
1 0.5190125609375 0.196240059375 0.43112410937499995 0.152327734375 0.408352378125 0.2389226109375 0.5008806109374999 0.277284853125 0.5190125609375 0.196240059375
1 0.43090256718750003 0.152103253125 0.31898591875000004 0.09841910937500001 0.2999284765625 0.1953523421875 0.407976709375 0.2392495890625 0.43090256718750003 0.152103253125
1 0.40898203593750004 0.23890939218749999 0.30202132812500004 0.1955222125 0.2846154421875 0.2896206875 0.389511434375 0.32632568281249996 0.40898203593750004 0.23890939218749999
1 0.317334609375 0.09775955625 0.20267383749999998 0.0419169890625 0.1857808109375 0.14380133281250002 0.29963669843749996 0.1949750015625 0.317334609375 0.09775955625
1 0.30116827968750004 0.1954199203125 0.1848031640625 0.142666421875 0.1646390953125 0.24493072031250002 0.28411539375 0.2892960640625 0.30116827968750004 0.1954199203125
1 0.391126715625 0.325839778125 0.2847824953125 0.289730146875 0.2662519734375 0.3841250015625 0.371715409375 0.41422574531249995 0.391126715625 0.325839778125
1 0.284443065625 0.28965968750000004 0.1653715109375 0.24481819374999997 0.143114590625 0.346912621875 0.265063975 0.3829527734375 0.284443065625 0.28965968750000004
1 0.3729423796875 0.41361831562500007 0.266248103125 0.384321034375 0.248321446875 0.4775170078125 0.3550235671875 0.50185975 0.3729423796875 0.41361831562500007
1 0.2666412296875 0.38413736875 0.1431107203125 0.347108653125 0.121428125 0.44985213437500005 0.2469083625 0.47748824218749997 0.2666412296875 0.38413736875
1 0.3566968171875 0.5021316 0.24774621562500002 0.4768677671875 0.22766867500000001 0.573589246875 0.33822867031250003 0.589389821875 0.3566968171875 0.5021316
1 0.247196046875 0.47781252343749997 0.1214807765625 0.4495985 0.098568246875 0.5531456296874999 0.22709435 0.5729401937499999 0.247196046875 0.47781252343749997
1 0.3209933203125 0.6796102640624999 0.20786186875 0.6693658140625 0.18508747187500002 0.7671169765625 0.3048227953125 0.76999530625 0.3209933203125 0.6796102640624999
1 0.3028076125 0.7706338359375 0.1874966421875 0.7657630109375 0.1682998828125 0.8684933765625 0.289251775 0.8637917343750001 0.3028076125 0.7706338359375
1 0.186312134375 0.766343275 0.0510137640625 0.76208983125 0.029167695312500002 0.8690366359375 0.164371253125 0.8669152171875 0.186312134375 0.766343275
1 0.074477365625 0.65759813125 0.0513004015625 0.7624146015625 0.1858780734375 0.766301146875 0.20688809843749997 0.6689308625 0.074477365625 0.65759813125
1 0.22795713125 0.5731820812499999 0.20855921562500002 0.6700453421875 0.3206196 0.6788681015625 0.3393782296875 0.589955803125 0.22795713125 0.5731820812499999
1 0.22761679687499997 0.5731114328125 0.098123240625 0.5528514828125 0.0743200671875 0.6572734015624999 0.20755669999999998 0.6693850109375 0.22761679687499997 0.5731114328125
0 0.169265659375 0 0.0167090640625 0.7519078546875 0.0199492875 0.897717959375 0.0322596171875 0.9002733484375 0.8011844015625 0.8872676140625 0.90460683125 0.3318680625 0.20318382812500002 0 0.169265659375 0