1 0.7878070765625 0.64541565625 0.8356163453125 0.6177448703125 0.818018125 0.5563717484375 0.76277963125 0.582051746875 0.7878070765625 0.64541565625
1 0.745531925 0.5173166953125 0.7619808921875 0.58228899375 0.8174860984375 0.555526828125 0.80019276875 0.49544237031250005 0.745531925 0.5173166953125
1 0.7277525546875 0.45362927031250005 0.7451987015625 0.517141371875 0.800872653125 0.49510257500000004 0.7845347234375 0.43393817031250004 0.7277525546875 0.45362927031250005
1 0.711697290625 0.3889008375 0.7269656046875 0.453505725 0.7848415125 0.43372747812499995 0.76870118125 0.37286096875 0.711697290625 0.3889008375
1 0.7561005359374999 0.3109135390625 0.69735856875 0.3246436890625 0.711396646875 0.38916808125 0.7688360999999999 0.37317748281249996 0.7561005359374999 0.3109135390625
1 0.7116137203124999 0.3892822484375 0.65101103125 0.4063910578125 0.6667542234375 0.4739769671875 0.7268187765625 0.45360841562500004 0.7116137203124999 0.3892822484375
1 0.7452833671875 0.517223834375 0.727120325 0.45371156093750004 0.666491003125 0.474152209375 0.684605746875 0.541642084375 0.7452833671875 0.517223834375
1 0.651071075 0.40649138125000006 0.71159873125 0.38948574375 0.6971956046875001 0.324708975 0.637761984375 0.3381332453125 0.651071075 0.40649138125000006
1 0.7559756015625 0.3112474515625 0.7441488015625 0.2484477234375 0.6845501203125 0.25982650937499996 0.697157621875 0.3245416109375 0.7559756015625 0.3112474515625
1 0.63753683125 0.33832039062499997 0.697272440625 0.3246305890625 0.68509065 0.25961813125 0.62305636875 0.2696610109375 0.63753683125 0.33832039062499997
1 0.6848438140625001 0.26005928749999996 0.7439262125 0.24834714687499998 0.730643796875 0.1868575296875 0.669779196875 0.1946547 0.6848438140625001 0.26005928749999996
1 0.6237292125 0.269618703125 0.6851531296875 0.259480709375 0.670107425 0.1946690359375 0.608457690625 0.2013567578125 0.6237292125 0.269618703125
1 0.7195496046875001 0.1234491453125 0.657606721875 0.12839036406249998 0.6694353343749999 0.1950810703125 0.7306816296875 0.187024234375 0.7195496046875001 0.1234491453125
1 0.6579859906250001 0.1290886484375 0.5937024859375 0.132455453125 0.6077347093750001 0.201085503125 0.66987998125 0.19473659375000002 0.6579859906250001 0.1290886484375
1 0.6238205906250001 0.2689937328125 0.5493476828125 0.2838178609375 0.5658603171875 0.355602678125 0.637722340625 0.3382702125 0.6238205906250001 0.2689937328125
1 0.6085827187499999 0.20088426093749998 0.532869740625 0.2121859125 0.548830653125 0.283485434375 0.62334335625 0.2695736578125 0.6085827187499999 0.20088426093749998
1 0.5942858906249999 0.1330298046875 0.5203267421875 0.138460303125 0.5330420453125 0.211972265625 0.608131303125 0.2004113734375 0.5942858906249999 0.1330298046875
1 0.63790241875 0.338086609375 0.5660123890625 0.355548365625 0.5797706734375 0.42685436093750007 0.651040809375 0.40656859375 0.63790241875 0.338086609375
1 0.650755465625 0.40596830781250004 0.5792456593749999 0.427046878125 0.596928503125 0.498159171875 0.66727358125 0.4738227046875 0.650755465625 0.40596830781250004
1 0.6665624578125 0.47475343125 0.597119246875 0.4981362765625 0.6166610375 0.5686964156250001 0.68418869375 0.5419439015624999 0.6665624578125 0.47475343125
1 0.7451557921874999 0.5173229187499999 0.684251571875 0.542385203125 0.701417328125 0.6102462734375 0.76235133125 0.5818828625 0.7451557921874999 0.5173229187499999
1 0.6844928453125 0.5415026000000001 0.6164621265625 0.5691676484375 0.635844846875 0.6408673031250001 0.702449778125 0.6099396078125 0.6844928453125 0.5415026000000001
1 0.76259345 0.5819262921874999 0.7020508859375 0.6101235015625 0.7236585328125 0.67812461875 0.7851099796875001 0.644793228125 0.76259345 0.5819262921874999
1 0.7017831421875 0.6101903671875 0.6352684281250001 0.6416208703125 0.6609740703125 0.7111611156250001 0.726082790625 0.676327753125 0.7017831421875 0.6101903671875
1 0.5847925828125 0.751428540625 0.6603599296875 0.7113104765625 0.6354288375 0.6411695140625 0.5612899046875001 0.6760462078125 0.5847925828125 0.751428540625
1 0.561438190625 0.675865715625 0.6355266328125 0.6408886734375 0.6166184671875 0.5689721046875 0.541723090625 0.5996818984375001 0.561438190625 0.675865715625
1 0.5614867265625 0.6755784078125 0.47889469843750004 0.7148648828125 0.501470165625 0.79684625 0.5848562562499999 0.7516375078124999 0.5614867265625 0.6755784078125
1 0.5415993218749999 0.5996082390625 0.458661678125 0.633484684375 0.4787231421875 0.71507760625 0.5618041093749999 0.67570498125 0.5415993218749999 0.5996082390625
1 0.59719265 0.498059615625 0.5223095828125001 0.5237067140625 0.54231076875 0.5994285703125 0.6168379234375 0.56907571875 0.59719265 0.498059615625
1 0.5227913234375 0.5238878578125 0.43837225 0.5531783421875 0.4588465453125 0.6336759390625 0.541667315625 0.5997983375 0.5227913234375 0.5238878578125
1 0.522279825 0.5242704781249999 0.5976792046875 0.4979840203125 0.5796170593750001 0.4271461546875 0.5036662296875 0.44905712343750004 0.522279825 0.5242704781249999
1 0.4388726046875 0.553260415625 0.522603090625 0.5238502234375 0.5037794437499999 0.44888212968749996 0.419830478125 0.4731476609375 0.4388726046875 0.553260415625
1 0.5658796125000001 0.35535078124999997 0.4867916515625 0.3738160484375 0.5032015734375 0.44903548437499996 0.579795071875 0.4270166171875 0.5658796125000001 0.35535078124999997
1 0.549161175 0.2836277984375 0.47031549687499996 0.2976435859375 0.4870348546875 0.3732578125 0.5659510859375 0.35494975625 0.549161175 0.2836277984375
1 0.41968243125000004 0.4731944484375 0.5031388828125001 0.44937834062500004 0.48656473125 0.373713246875 0.40058170937500004 0.3935858 0.41968243125000004 0.4731944484375
1 0.4702501296875 0.297663003125 0.38224571875 0.3131015375 0.40099897812499996 0.393786096875 0.48590249375 0.3734316859375 0.4702501296875 0.297663003125
1 0.470238378125 0.297758628125 0.54888526875 0.2838018859375 0.5334742671875 0.21223845 0.4532086890625 0.22174987656249998 0.470238378125 0.297758628125
1 0.5203021 0.1384275328125 0.43887175625 0.14494200468750001 0.453215853125 0.22174774687499998 0.5334396390625 0.21189214843749998 0.5203021 0.1384275328125
1 0.3824653609375 0.313985090625 0.4701250453125 0.2980004765625 0.45325162187499995 0.22197273750000002 0.364711053125 0.23284205156249999 0.3824653609375 0.313985090625
1 0.4399560109375 0.1446656671875 0.3486776671875 0.1505386828125 0.3650893109375 0.23256723125 0.45362979687499994 0.221503821875 0.4399560109375 0.1446656671875
1 0.3646330109375 0.23219074062499998 0.26653849687500003 0.2410610453125 0.28532787187499997 0.3287062640625 0.38188511406250003 0.31346255 0.3646330109375 0.23219074062499998
1 0.3472345265625 0.1506698265625 0.253544771875 0.15174640781249998 0.267261478125 0.2413323 0.36511508125000003 0.2320953796875 0.3472345265625 0.1506698265625
1 0.3827228625 0.31300553125 0.2867991984375 0.3285266578125 0.30544983124999997 0.4145919171875 0.4009245453125 0.3932054515625 0.3827228625 0.31300553125
1 0.400993484375 0.393509209375 0.304726846875 0.41432066093750003 0.3243418546875 0.50074794375 0.41962532656249996 0.4733429328125 0.400993484375 0.393509209375
1 0.41985166874999996 0.47349373437500003 0.3245855578125 0.500655159375 0.345129678125 0.58632046875 0.43896826874999995 0.5532312984375001 0.41985166874999996 0.47349373437500003
1 0.4388956859375 0.5531304765625 0.344388853125 0.5865517671875 0.3654501234375 0.6735228765625 0.459220396875 0.6339207796874999 0.4388956859375 0.5531304765625
1 0.459329065625 0.63359099375 0.3646506375 0.673061940625 0.3856094375 0.7605501875 0.47856403125 0.7154294078125 0.459329065625 0.63359099375
1 0.4788683890625 0.7151195671874999 0.3857076953125 0.7603008609375 0.4125191234375 0.84637495625 0.5012781984375 0.796800584375 0.4788683890625 0.7151195671874999
1 0.3019502203125 0.9086082796875001 0.41146220468749994 0.8470581359375 0.385824253125 0.7602669421875 0.28119571250000003 0.8123043203125 0.3019502203125 0.9086082796875001
1 0.3858902265625 0.7606165953125 0.3648635296875 0.6728249828124999 0.26126868281250004 0.7177006890625 0.28078242656249996 0.81234056875 0.3858902265625 0.7606165953125
1 0.3648152734375 0.6737620828125 0.3448562859375 0.5867878015625 0.2406057046875 0.6239141828125 0.26200056250000003 0.7178342609375 0.3648152734375 0.6737620828125
1 0.34462071875 0.5874007421874999 0.3244894265625 0.5006401078125 0.21961646093749998 0.5301683234375 0.2407484234375 0.6232795921875 0.34462071875 0.5874007421874999
1 0.3248193734375 0.5008304671875 0.30486050468750003 0.4148295578125 0.19960755937500002 0.43782348437499996 0.2207282 0.5306363843749999 0.3248193734375 0.5008304671875
1 0.3056690546875 0.414496559375 0.286191925 0.3286767921875 0.1770470921875 0.345206853125 0.1987287828125 0.437977596875 0.3056690546875 0.414496559375
1 0.2662470359375 0.2418614953125 0.155206125 0.2510099453125 0.177562425 0.34471478125 0.2864818421875 0.3281053828125 0.2662470359375 0.2418614953125
1 0.1377781890625 0.1550865828125 0.155089578125 0.2517640671875 0.265885484375 0.24140974062499998 0.2539511796875 0.1520336234375 0.1377781890625 0.1550865828125
1 0.13751667031249998 0.1550503203125 0.004161378125 0.15720749375 0.0289456828125 0.25961012031249997 0.155411371875 0.25138785937499997 0.13751667031249998 0.1550503203125
1 0.154511203125 0.25108553749999996 0.029318279687499997 0.2600600015625 0.05203682187499999 0.362103509375 0.17733498125 0.3447823375 0.154511203125 0.25108553749999996
1 0.1778837375 0.34461441875 0.053898271875 0.3618235015625 0.0771329796875 0.4632269921875 0.198774309375 0.43763491718749997 0.1778837375 0.34461441875
1 0.1993389015625 0.4374946484375 0.07666425624999999 0.46242094375000004 0.099348340625 0.566258328125 0.2200924578125 0.530880078125 0.1993389015625 0.4374946484375
1 0.220660290625 0.5313394890625001 0.0985398953125 0.5664780625 0.12056883437499999 0.6674287609375 0.24143967187499998 0.624034315625 0.220660290625 0.5313394890625001
1 0.2409491484375 0.6246062296875 0.12044796875 0.667856415625 0.13993035781250002 0.7711853843750001 0.26118567656249997 0.7176592312500001 0.2409491484375 0.6246062296875
1 0.26139915625 0.717744928125 0.1393175203125 0.77054451875 0.16062431093750001 0.8731691218750001 0.2805005828125 0.8125937859375 0.26139915625 0.717744928125
1 0.280927003125 0.8118573421875 0.1606379296875 0.8725552921874999 0.18493956875 0.9757497515625 0.3005101078125 0.908832771875 0.280927003125 0.8118573421875
0 0 0.3333781390625 0.15097021875 0.9894414921875001 0.24797722812499998 0.9829743578125001 0.8740786859374999 0.6256986234374999 0.7527247328125 0.097312484375 0 0.1150979328125 0 0.3333781390625