1 0.751168971875 0.45674111249999994 0.7278014390624999 0.50788745 0.7586727140625 0.55435044375 0.782890925 0.501015565625 0.751168971875 0.45674111249999994
1 0.7509043640625 0.4563841703125 0.7342576875 0.4016767625 0.7089747109375 0.45394698125 0.7270076171875 0.5068166234375 0.7509043640625 0.4563841703125
1 0.7347869031250001 0.4023906484375 0.7149333265625 0.34521203125 0.686161190625 0.395739953125 0.7092519578125 0.453579428125 0.7347869031250001 0.4023906484375
1 0.7157334671875 0.3459206125 0.69383316875 0.281902578125 0.6639331109375 0.33498659375 0.6856067015625 0.39647506093749996 0.7157334671875 0.3459206125
1 0.69382053125 0.282627075 0.67089404375 0.21537001875 0.638870790625 0.265961603125 0.6644749640625001 0.33497598281249996 0.69382053125 0.282627075
1 0.67115865 0.21572696093750002 0.6445592234374999 0.1416631953125 0.6090025796874999 0.19304821875 0.638612503125 0.2652424125 0.67115865 0.21572696093750002
1 0.6440173703125 0.14167380624999998 0.6150756484375 0.06222576875 0.57843466875 0.1136311640625 0.6098399890625 0.191583325 0.6440173703125 0.14167380624999998
1 0.5714719406250001 0 0.55266835 0.022896823437499998 0.5784409875 0.11326891562500001 0.614514853125 0.0633222609375 0.5983292109375 0 0.5714719406250001 0
1 0.577905453125 0.112917278125 0.551559384375 0.0243661734375 0.5092365437499999 0.07552156875 0.5379640796875 0.1672851578125 0.577905453125 0.112917278125
1 0.57817638125 0.11291197187499999 0.53795145625 0.16800879062500002 0.5741696187499999 0.24948794687500003 0.6098083953125 0.1933945625 0.57817638125 0.11291197187499999
1 0.6098083953125 0.1933945625 0.5747367484375 0.24802834375 0.607036334375 0.32125624375 0.63912908125 0.26668079375 0.6098083953125 0.1933945625
1 0.6636685046874999 0.33462965 0.638870790625 0.265961603125 0.6064951265625 0.321266840625 0.6337431703124999 0.389162659375 0.6636685046874999 0.33462965
1 0.6639394296875001 0.3346243453125 0.6332013171875001 0.38917327031250004 0.6575393093749999 0.45314356718750004 0.6856256578125 0.3953883171875 0.6639394296875001 0.3346243453125
1 0.685902903125 0.3950207625 0.6578228734375 0.45241376562499996 0.68225561875 0.510952071875 0.7095102468750001 0.45429861875000005 0.685902903125 0.3950207625
1 0.7092393203125 0.4543039234375 0.6822872125 0.5091408328125 0.7046416578125 0.5626500984375 0.7270012984374999 0.5071788703125 0.7092393203125 0.4543039234375
1 0.7275557874999999 0.5064437640625 0.7040934859375 0.56302295625 0.73301836875 0.6124210578125 0.75865375625 0.5554371859375 0.7275557874999999 0.5064437640625
1 0.7338311484375 0.6124051406250001 0.704068209375 0.5644719484375 0.6776137375 0.6218331203125 0.7078932546875001 0.6712046921875 0.7338311484375 0.6124051406250001
1 0.70707415625 0.6715828562499999 0.67760741875 0.6221953671875 0.6472532140625 0.68578815 0.6769782390625 0.735894828125 0.70707415625 0.6715828562499999
1 0.6181522890625 0.8793365328125 0.5846223 0.830028609375 0.5498952578125 0.9114485171875 0.5910414921875 0.9587966796874999 0.6181522890625 0.8793365328125
1 0.6465791578125 0.8020233609374999 0.6168295015624999 0.753365659375 0.58490585 0.8292996703125001 0.6181649265625 0.8786120374999999 0.6465791578125 0.8020233609374999
1 0.6475241421875 0.6857828453125 0.6170625296875001 0.755532978125 0.6468564015625 0.8016558093749999 0.6767136328125 0.7355378875 0.6475241421875 0.6857828453125
1 0.5512498906250001 0.911421990625 0.5219304328125001 0.9806692437500001 0.584996359375 0.97833346875 0.5910288546875 0.9595211734375001 0.5512498906250001 0.911421990625
1 0.5182238421875 0.8642769453125 0.47872744687499996 0.9552028859374999 0.498872553125 0.9815232390625 0.521980628125 0.980667384375 0.5501535484375 0.91216770625 0.5182238421875 0.8642769453125
1 0.55044343125 0.911075659375 0.584363996875 0.8293102812500001 0.555735315625 0.7784578859375 0.518513725 0.8631848953124999 0.55044343125 0.911075659375
1 0.584363996875 0.8293102812500001 0.6162813296875 0.7537385171875 0.5917032625 0.7035310499999999 0.555747953125 0.7777333890625 0.584363996875 0.8293102812500001
1 0.616275009375 0.7541007671875 0.6467366234374999 0.68435063125 0.6238087453125 0.632662353125 0.5911550906249999 0.7039039093749999 0.616275009375 0.7541007671875
1 0.6472595328125 0.6854259015624999 0.6773175359375 0.623287415625 0.6538737109375 0.57016160625 0.6238024265625 0.6330246015625 0.6472595328125 0.6854259015624999
1 0.677040290625 0.62365496875 0.704068209375 0.5644719484375 0.6831063109375 0.50876266875 0.6538800296875 0.5697993593749999 0.677040290625 0.62365496875
1 0.6538863484374999 0.5694371109375 0.68252654375 0.5109467671875 0.6572999609375 0.4513384953125 0.6291447640625 0.5130775984375 0.6538863484374999 0.5694371109375
1 0.6583584078125 0.452765403125 0.633465925 0.3895302109375 0.5996155812499999 0.4517438203125 0.6288990984375 0.5116347734375 0.6583584078125 0.452765403125
1 0.63373053125 0.389887153125 0.60647616875 0.322353584375 0.5705152859375 0.38134940781250004 0.600737203125 0.4495491125 0.63373053125 0.389887153125
1 0.606753415625 0.32198603124999997 0.5747430671875 0.24766609687500002 0.5357963171875 0.30708251249999996 0.5699797515625 0.38099776875 0.606753415625 0.32198603124999997
1 0.5733631578125 0.249141615625 0.537686834375 0.1676527109375 0.49767533750000004 0.2260036015625 0.5363381703125001 0.30707190156249997 0.5733631578125 0.249141615625
1 0.538493309375 0.1679981796875 0.508946659375 0.07661361718750001 0.4580817265625 0.1362634140625 0.496856884375 0.2263817546875 0.538493309375 0.1679981796875
1 0.49658595625 0.226387059375 0.457571453125 0.1344636484375 0.4058488765625 0.19666424531249999 0.44997874375 0.2902981078125 0.49658595625 0.226387059375
1 0.49659859375000004 0.2256625640625 0.4491596453125 0.290676271875 0.49402722343749994 0.373071565625 0.5358089546875 0.3063580171875 0.49659859375000004 0.2256625640625
1 0.535519071875 0.307450065625 0.4956458171875 0.37340199375 0.532261271875 0.44763175312500003 0.5699671140625 0.3817222640625 0.535519071875 0.307450065625
1 0.600743521875 0.4491868671875 0.570256996875 0.380630215625 0.5333576140625 0.446886034375 0.5660109046875 0.5154002546875 0.600743521875 0.4491868671875
1 0.5955394265625 0.57673490625 0.628628171875 0.5116400796875 0.6001827109375 0.4502842203125 0.5668483156249999 0.5139353609375 0.5955394265625 0.57673490625
1 0.6541509578125 0.5697940531250001 0.628628171875 0.5116400796875 0.595545746875 0.576372659375 0.622725684375 0.6326835625 0.6541509578125 0.5697940531250001
1 0.623525825 0.6333921421875 0.5952811375 0.576015715625 0.5609893015625 0.6480127359375001 0.5914576125 0.7020873640625 0.623525825 0.6333921421875
1 0.592245115625 0.7035204390625001 0.559660575 0.646591121875 0.5225520671874999 0.7247985453125 0.555735315625 0.7784578859375 0.592245115625 0.7035204390625001
1 0.555999921875 0.778814828125 0.52283563125 0.72406874375 0.48264081406250003 0.8084918515625 0.518803609375 0.862092846875 0.555999921875 0.778814828125
1 0.5187720140625001 0.8639040859374999 0.48265977031249996 0.8074051078125001 0.43765135156249996 0.9038708484375 0.47818559531249993 0.9552134953125 0.5187720140625001 0.8639040859374999
1 0.4828927828125 0.8095732906249999 0.442213334375 0.7509918640625 0.39288969375 0.8464557312500001 0.43766399062500005 0.9031463499999999 0.4828927828125 0.8095732906249999
1 0.48204361718750005 0.8088656703125 0.5227746125 0.7247941859375 0.48734105312500003 0.66321304375 0.44301979375 0.751338196875 0.48204361718750005 0.8088656703125
1 0.5228293125000001 0.7244309921875 0.559899921875 0.6483961921875 0.5284742546875 0.5870995531250001 0.48785763125 0.664651425 0.5228293125000001 0.7244309921875
1 0.56044809375 0.6480233328125 0.595564703125 0.5752859140625 0.5671255609375 0.5135678078125 0.529299671875 0.5863591421875001 0.56044809375 0.6480233328125
1 0.5665331546875 0.5164764 0.5325637921874999 0.4458152078125 0.49253259375 0.5208216078125 0.5287704578125 0.5856452562500001 0.5665331546875 0.5164764
1 0.48726186718750003 0.6636862171875 0.5290643140625 0.5860628421875 0.4907962859375 0.5195502375000001 0.44457385 0.5972610265625 0.48726186718750003 0.6636862171875
1 0.486913990625 0.664147409375 0.4455778375 0.5981501265625 0.3964851390625 0.6845520578125 0.44190924374999996 0.7500149109375001 0.486913990625 0.664147409375
1 0.4425812109375 0.7504561328125 0.3964930671875 0.6840975234375 0.3420778203125 0.7833280312500001 0.3929893125 0.8459571546875001 0.4425812109375 0.7504561328125
1 0.3968013 0.68590900625 0.3464432171875 0.610999075 0.28419136875 0.7112917984375 0.3417451546875 0.7828801671875001 0.3968013 0.68590900625
1 0.3961494609375 0.6849793843749999 0.44602932656250005 0.5974420406250001 0.39978243281250003 0.522920640625 0.3463963546875 0.6112457171875 0.3961494609375 0.6849793843749999
1 0.4449734578125 0.596384965625 0.49037221875 0.5193516140625001 0.450061746875 0.443277540625 0.4000507765625 0.5229153859375 0.4449734578125 0.596384965625
1 0.4906155 0.5207832765625 0.5324830015625001 0.445973709375 0.49508498124999994 0.37235678125 0.44951187656249997 0.444006521875 0.4906155 0.5207832765625
1 0.4945413703125 0.3727269640625 0.4497572234375 0.29135260625 0.4010089359375 0.3601916703125 0.450080553125 0.442199421875 0.4945413703125 0.3727269640625
1 0.4500318296875 0.2909885546875 0.4062413859375 0.19881981875000002 0.3553381328125 0.2680597578125 0.4010089359375 0.3601916703125 0.4500318296875 0.2909885546875
1 0.450599084375 0.44326701875 0.40126539218749996 0.36090486093749996 0.34644280781250003 0.4392005015625 0.3992388203125 0.5232908234375 0.450599084375 0.44326701875
1 0.3989886359375 0.5222179734375 0.3469550796875 0.440626896875 0.2866199390625 0.5269325499999999 0.34587782499999997 0.610178121875 0.3989886359375 0.5222179734375
1 0.34691083906250003 0.61195385625 0.2857782078125 0.5283863203125 0.218487215625 0.6284768125 0.2847546484375 0.71086605 0.34691083906250003 0.61195385625
1 0.28608259999999996 0.526943071875 0.2261569046875 0.43580937343750004 0.14678609375 0.5354181984374999 0.2179602 0.62848713125 0.28608259999999996 0.526943071875
1 0.39991546875 0.3612899703125 0.3555939453125 0.26877296093749997 0.29704695000000003 0.34498689374999997 0.3469926765625 0.43847152187500005 0.39991546875 0.3612899703125
1 0.3470114828125 0.4373934046875 0.29675289375 0.346429078125 0.22696950624999998 0.4354339234375 0.28529506250000003 0.525881603125 0.3470114828125 0.4373934046875
0 0.565826515625 0 0.097614146875 0.5448142640625 0.5349162734374999 0.9801882859375001 0.5726157 0.9787920109374999 0.796478871875 0.498512078125 0.5989295859375 0 0.565826515625 0