1 0.1314996015625 0.7761568109375 0.016742625 0.7965040046875 0.002602053125 0.91375890625 0.12408264843750001 0.8793588343750001 0.1314996015625 0.7761568109375
1 0.1547790359375 0.675735175 0.0397949171875 0.6821593328125 0.01718086875 0.7965490421875 0.13140005 0.776032928125 0.1547790359375 0.675735175
1 0.17431221562500002 0.57419596875 0.0633559453125 0.57052748125 0.0401408203125 0.6828596734375 0.15607584375 0.67548846875 0.17431221562500002 0.57419596875
1 0.2661992359375 0.57727675 0.17450886875 0.5732248109375 0.15539211875 0.67506355625 0.24961715468749998 0.6681909125 0.2661992359375 0.57727675
1 0.24847199843749998 0.6688619375 0.1550103984375 0.67528723125 0.13216214843750002 0.776216684375 0.2281795671875 0.7590161796875 0.24847199843749998 0.6688619375
1 0.2277978484375 0.7592398546875 0.1318889171875 0.7756627968750001 0.12334256406249999 0.8796387921875001 0.222389846875 0.8532899046875 0.2277978484375 0.7592398546875
1 0.46557153281249997 0.5860320203125 0.4088201546875 0.5831306703125 0.39520170781249997 0.65882230625 0.45201221406250003 0.6561183703125 0.46557153281249997 0.5860320203125
1 0.45118719531249996 0.6563136046875 0.3942214828125 0.6597636015624999 0.373607965625 0.735778390625 0.4340480453125 0.7269878234375 0.45118719531249996 0.6563136046875
1 0.43316819687499997 0.7273143515625 0.3733344 0.735750275 0.35935550781250003 0.8120299515625 0.4248389515625 0.7989658484375 0.43316819687499997 0.7273143515625
1 0.3942093015625 0.6593994859375 0.32777825625 0.663769784375 0.3070988140625 0.74623675 0.37481963125 0.7350690125 0.3942093015625 0.6593994859375
1 0.4082263640625 0.5825322 0.3432768484375 0.5798166703125001 0.327719071875 0.6634350703125 0.3944072359375 0.6596621953125 0.4082263640625 0.5825322
1 0.344056759375 0.580651303125 0.2660969828125 0.5770937093749999 0.24854081875 0.669049071875 0.3284834125 0.6639298874999999 0.344056759375 0.580651303125
1 0.22786011875 0.7591729984375 0.3068912109375 0.7462592328125 0.3283891234375 0.6642851140625 0.2488643265625 0.6684052031250001 0.22786011875 0.7591729984375
1 0.307160225 0.7465162359375 0.2965361515625 0.8308210515625 0.3610180890625 0.810986934375 0.37381413281250003 0.735210096875 0.307160225 0.7465162359375
1 0.3077631515625 0.7465781984375 0.22873996562499999 0.7588464687500001 0.2212099265625 0.8526661125 0.29747235625 0.83008405 0.3077631515625 0.7465781984375
1 0.6263966078125 0.41644496562500005 0.5906874125 0.40300660625000007 0.5783834375 0.465122596875 0.6177998828125 0.473716728125 0.6263966078125 0.41644496562500005
1 0.59031686875 0.40316981093750004 0.5484037265625 0.388937775 0.5365181046874999 0.455206009375 0.5779190234375 0.4653959703125 0.59031686875 0.40316981093750004
1 0.5493279734375001 0.389522965625 0.5011370875 0.37242888125 0.4899416625 0.44426370625 0.5377350109375 0.4548908421875 0.5493279734375001 0.389522965625
1 0.5022789515625 0.3730768328125 0.44890824062499995 0.3536518515625 0.43377578906250003 0.430577728125 0.49083938437499997 0.4441361921875 0.5022789515625 0.3730768328125
1 0.4775722734375 0.5139992546875 0.49077442187500003 0.44398026249999994 0.4352815609375 0.430292246875 0.422613865625 0.5063725671875 0.4775722734375 0.5139992546875
1 0.5261382515624999 0.521188765625 0.5376006671875 0.4550817453125 0.49035144375 0.4434267328125 0.477830909375 0.5142456046875 0.5261382515624999 0.521188765625
1 0.5677679734375001 0.5273443390625 0.5777962296875 0.46540594375 0.5368295468750001 0.45510656562499996 0.5266392796875 0.52103896875 0.5677679734375001 0.5273443390625
1 0.6080000421875 0.5329646593749999 0.617816046875 0.4739737625 0.5780119406249999 0.46527954375 0.5681585234375001 0.5273844750000001 0.6080000421875 0.5329646593749999
1 0.5974607125 0.5907611375 0.6081109484375 0.5328959531249999 0.5682888703125 0.5271698828125 0.5585162015625 0.588689525 0.5974607125 0.5907611375
1 0.568000728125 0.5271546500000001 0.5257524734375 0.521016296875 0.514987828125 0.588226103125 0.5580235671875 0.589381053125 0.568000728125 0.5271546500000001
1 0.5261486109375 0.5210556375000001 0.47729380312499997 0.5146997843750001 0.46651209062500004 0.5848778328125 0.5156562953125 0.5877005265624999 0.5261486109375 0.5210556375000001
1 0.5978041265625 0.5913092296875 0.5580497281250001 0.5894029125 0.5445106562500001 0.651127015625 0.587467984375 0.6498345140625 0.5978041265625 0.5913092296875
1 0.5874449125 0.6499998796875001 0.5448234171874999 0.65048820625 0.5330046796875 0.7127245828125 0.5744830234375 0.7075871046875 0.5874449125 0.6499998796875001
1 0.5751560234374999 0.7077486953125 0.5322730499999999 0.71315329375 0.5332143671875 0.7770371828125 0.576502240625 0.7685604203125 0.5751560234374999 0.7077486953125
1 0.53243541875 0.7138868046875 0.484730228125 0.7200172375 0.4845704765625 0.7869777359375 0.5337485953125001 0.7764204453125 0.53243541875 0.7138868046875
1 0.5449186484374999 0.6508916625000001 0.49960208437500003 0.6535622671875 0.48528752812500003 0.7192351343750001 0.5324243078124999 0.713672053125 0.5449186484374999 0.6508916625000001
1 0.557584809375 0.5895228718750001 0.5153096828125 0.5875286609375 0.5007284171874999 0.6535102796875 0.5454165171875001 0.6510523734375 0.557584809375 0.5895228718750001
1 0.451161109375 0.655970653125 0.5012871734375001 0.6530644890625 0.5158684390625 0.58708286875 0.4660991796875 0.5858288203125 0.451161109375 0.655970653125
1 0.4998701546875 0.6535905 0.45129019374999996 0.6566548734375 0.434167771875 0.7264044843749999 0.4860666625 0.718812675 0.4998701546875 0.6535905
1 0.48557957187499995 0.71909809375 0.4331559921875 0.725628865625 0.4249606359375 0.7988133546875 0.48574540468749994 0.7869307453125 0.48557957187499995 0.71909809375
1 0.47728064843749995 0.5142445109375 0.42311020781249997 0.5062825375 0.409286378125 0.5824583375 0.46613725625 0.5849474859375 0.47728064843749995 0.5142445109375
1 0.4485316703125 0.3540348953125 0.38521225000000003 0.33155614375 0.3714216 0.4148673140625 0.4349973953125 0.43033356093749997 0.4485316703125 0.3540348953125
1 0.43426930312499995 0.430507946875 0.370316234375 0.4150241515625 0.3599162609375 0.49733023593750003 0.4229611390625 0.506245309375 0.43426930312499995 0.430507946875
1 0.42326640156249995 0.5065238390625 0.3592416484375 0.49699047187499995 0.3458810375 0.5798035968749999 0.408602371875 0.5832719187500001 0.42326640156249995 0.5065238390625
1 0.35912836718749996 0.496696753125 0.2825562078125 0.485934825 0.2658681734375 0.5778897171875 0.344773121875 0.580436684375 0.35912836718749996 0.496696753125
1 0.283334778125 0.4861640921875 0.19070613281249998 0.473233765625 0.174349415625 0.5741648734375 0.2675196109375 0.5777705140625 0.283334778125 0.4861640921875
1 0.1917229421875 0.4731424546875 0.081783878125 0.45749243906250003 0.0641195390625 0.5705107875000001 0.1746837859375 0.5744833671875 0.1917229421875 0.4731424546875
1 0.204017696875 0.3730687109375 0.0979136171875 0.34459982031249997 0.081666634375 0.45833277343749995 0.190254421875 0.473756284375 0.204017696875 0.3730687109375
1 0.296719803125 0.3960448734375 0.2055289625 0.37242983125 0.1903717609375 0.4729152734375 0.283295603125 0.48644487812500004 0.296719803125 0.3960448734375
1 0.370967209375 0.41529781562499996 0.296719803125 0.3960448734375 0.2848694734375 0.48603768281250004 0.357564365625 0.49777249375 0.370967209375 0.41529781562499996
1 0.3840611390625 0.331360478125 0.3098904640625 0.3047274 0.2958025546875 0.3946833265625 0.3709241796875 0.414500571875 0.3840611390625 0.331360478125
1 0.3114784921875 0.304905665625 0.2225099203125 0.272094846875 0.2047948859375 0.3731704890625 0.296016028125 0.395482340625 0.3114784921875 0.304905665625
1 0.235144240625 0.17290427656250001 0.131150021875 0.1212989234375 0.11519375937500001 0.23278461875 0.22203119375 0.27264745156250003 0.235144240625 0.17290427656250001
1 0.2228970515625 0.27229689375 0.1144027578125 0.232703328125 0.0971767671875 0.3446603390625 0.20575144375 0.37206518593750004 0.2228970515625 0.27229689375
1 0.27332813906250003 0.07567874531249999 0.17548586875 0.014418810937500002 0.13028883125 0.12156369687499999 0.23446735625 0.1729209796875 0.27332813906250003 0.07567874531249999
1 0.321186740625 0.2148392265625 0.3943148171875 0.24952066718750002 0.41422030625 0.1666114703125 0.350204725 0.12459855625 0.321186740625 0.2148392265625
1 0.34946045312499996 0.12432625625 0.273303509375 0.07584874375 0.23483447812499997 0.172154246875 0.32183585937500003 0.2139289453125 0.34946045312499996 0.12432625625
1 0.310202034375 0.30478406874999997 0.3221912921875 0.2138216984375 0.2350371734375 0.1725660125 0.22293887343750002 0.27236349375 0.310202034375 0.30478406874999997
1 0.38510935 0.33186187500000003 0.3940984359375 0.2491677453125 0.3212537984375 0.213900621875 0.310188484375 0.3044232359375 0.38510935 0.33186187500000003
1 0.4592356421875 0.2776035109375 0.3933418703125 0.2485648703125 0.384606815625 0.33184583125 0.4495486578125 0.35381146406249997 0.4592356421875 0.2776035109375
1 0.45968288749999997 0.277649475 0.4767077171875 0.20199160468750002 0.413249925 0.1664321546875 0.39386615156250004 0.2492363015625 0.45968288749999997 0.277649475
1 0.5152620796875 0.3015462265625 0.458545909375 0.2768945359375 0.4488329953125 0.3538967546875 0.501924928125 0.3721730015625 0.5152620796875 0.3015462265625
1 0.5343225984375 0.233142578125 0.47768091406249996 0.20178763593750002 0.4587067171875 0.2772205234375 0.5146485453125 0.30165844375 0.5343225984375 0.233142578125
1 0.56140239375 0.3228174734375 0.5144375921875 0.30093294843749996 0.5017693984375 0.3735167265625 0.5488091703125 0.389649709375 0.56140239375 0.3228174734375
1 0.582096459375 0.258590309375 0.535184928125 0.23235279687500002 0.5142527921875 0.3010406140625 0.56162338125 0.3233009515625 0.582096459375 0.258590309375
1 0.6253437609375 0.2830045921875 0.5817769578124999 0.258976478125 0.5608580671875 0.322714978125 0.5987075609375 0.3415848265625 0.6253437609375 0.2830045921875
1 0.5902835843750001 0.40317939843749995 0.5984363 0.3417103078125 0.561139565625 0.32312457031249997 0.5490813609375 0.388915671875 0.5902835843750001 0.40317939843749995
1 0.6339794296875 0.35793522968749997 0.598814534375 0.3413349671875 0.5901882374999999 0.403162753125 0.6263017 0.41626815781250004 0.6339794296875 0.35793522968749997
1 0.661659846875 0.3048833390625 0.6237456984375 0.282832828125 0.598814534375 0.3413349671875 0.6341575546875 0.357535215625 0.661659846875 0.3048833390625
0 0 0.9586886031249999 0.5998566484375 0.7863637234375 0.687567240625 0.29976961874999997 0.22344099218750002 0.0033102375000000003 0.15784693593750002 0.0023384734375 0 0.80152775625 0 0.9586886031249999