1 0.31043625 0.1603007515625 0.23961812500000002 0.15884377656249998 0.23757562499999998 0.2357443609375 0.311515625 0.23610526250000002 0.31043625 0.1603007515625
1 0.380328125 0.15993985 0.310299375 0.1603926484375 0.311785 0.235383459375 0.38329625 0.23357894687499997 0.380328125 0.15993985
1 0.380375625 0.15999582343750002 0.38329625 0.23321804531249998 0.45129937499999995 0.23430075156250002 0.4456325 0.158134503125 0.380375625 0.15999582343750002
1 0.237846875 0.23620217187499998 0.235030625 0.31396240625 0.31247875 0.3132406015625 0.31220875000000003 0.23599081093750002 0.237846875 0.23620217187499998
1 0.235030625 0.3143233078125 0.23179249999999998 0.394099415625 0.31166875 0.39229406875 0.31247875 0.3132406015625 0.235030625 0.3143233078125
1 0.38560875 0.308908103125 0.311819375 0.311614034375 0.310859375 0.3926549703125 0.388576875 0.387601503125 0.38560875 0.308908103125
1 0.38237062499999996 0.234908103125 0.311225625 0.23580534687500002 0.31193875000000004 0.312157059375 0.38587875 0.308908103125 0.38237062499999996 0.234908103125
1 0.4577775 0.307536340625 0.451343125 0.23421720937499999 0.38248875 0.23389724374999998 0.385456875 0.3097025890625 0.4577775 0.307536340625
1 0.386314375 0.308835421875 0.388965 0.39020050156249997 0.464254375 0.3869515453125 0.45669812500000007 0.3082581453125 0.386314375 0.308835421875
1 0.23161125 0.393376775 0.22688999999999998 0.4842155390625 0.312163125 0.48241102812500003 0.31162375 0.391805346875 0.23161125 0.393376775
1 0.31118999999999997 0.3917894734375 0.31135375 0.48096741875 0.393119375 0.47699665781249995 0.38934125 0.38927903124999996 0.31118999999999997 0.3917894734375
1 0.38928375000000004 0.38861403437500003 0.392849375 0.47771846250000005 0.471376875 0.47158145312500005 0.464090625 0.3881963234375 0.38928375000000004 0.38861403437500003
1 0.312080625 0.48228404375 0.31189374999999997 0.5813182953125 0.39608750000000004 0.5730158734375 0.393119375 0.47699665781249995 0.312080625 0.48228404375
1 0.227454375 0.48466499531249996 0.223381875 0.5834594828124999 0.31189374999999997 0.58093233125 0.312163125 0.4820242265625 0.227454375 0.48466499531249996
1 0.393144375 0.47752046718749996 0.39646625 0.57293233125 0.479850625 0.5660735171875 0.47121500000000005 0.47258061875 0.393144375 0.47752046718749996
1 0.22358562499999998 0.58328905625 0.21834875 0.6978788640625 0.31224124999999997 0.6888713453124999 0.312615 0.57978613125 0.22358562499999998 0.58328905625
1 0.311595625 0.5799665828125 0.31149312500000004 0.6883709265625 0.40201875 0.6798646609375 0.396781875 0.5722807015625 0.311595625 0.5799665828125
1 0.3968 0.57226399375 0.40201875 0.67936424375 0.487681875 0.6708571421875 0.47982625 0.565274853125 0.3968 0.57226399375
1 0.21815875 0.6977084375 0.21236312499999999 0.8244778609375001 0.31149312500000004 0.8119682546875 0.31224124999999997 0.6888713453124999 0.21815875 0.6977084375
1 0.312006875 0.688905596875 0.31149312500000004 0.8099665828125 0.406881875 0.7979565578125001 0.402393125 0.6788638265625 0.312006875 0.688905596875
1 0.40215125 0.6790016703124999 0.407255625 0.7964561406249999 0.49853 0.7864477859375001 0.48955187499999997 0.670356725 0.40215125 0.6790016703124999
1 0.213219375 0.823703425 0.20413375 0.957581453125 0.311866875 0.9465731 0.31111875 0.81096741875 0.213219375 0.823703425
1 0.3107725 0.810498746875 0.311866875 0.9450718468750001 0.412866875 0.9310609859375001 0.40763 0.7979565578125001 0.3107725 0.810498746875
1 0.40709062500000004 0.7961938171875 0.412493125 0.9310609859375001 0.509751875 0.9165497078125 0.49853 0.78594736875 0.40709062500000004 0.7961938171875
1 0.4796425 0.5657961578124999 0.48787250000000004 0.66887719375 0.570916875 0.6623717625000001 0.5585725 0.56229406875 0.4796425 0.5657961578124999
1 0.48900187500000003 0.6696482875 0.49834625 0.7859682546875 0.585131875 0.77796240625 0.57016875 0.6633725984375001 0.48900187500000003 0.6696482875
1 0.4992925 0.785740184375 0.5099425 0.9150693406249999 0.602713125 0.90356056875 0.58588 0.7769615703125 0.4992925 0.785740184375
1 0.66855 0.76745446875 0.58588 0.7759607359375 0.60233875 0.90356056875 0.690994375 0.8905505437500001 0.66855 0.76745446875
1 0.6513424999999999 0.657868003125 0.57009 0.663596490625 0.5866281250000001 0.776461153125 0.6696725 0.76745446875 0.6513424999999999 0.657868003125
1 0.63505625 0.5578329156249999 0.5586193749999999 0.562556390625 0.57066625 0.6631378453125001 0.6514656249999999 0.6573032578125 0.63505625 0.5578329156249999
1 0.546793125 0.4687869671875 0.47108062500000003 0.4716883875 0.479345625 0.5660292390625 0.558625625 0.5621762734375 0.546793125 0.4687869671875
1 0.54703 0.46915872968750005 0.5588381250000001 0.562189640625 0.63364625 0.5571654140625 0.61921 0.46694235624999997 0.54703 0.46915872968750005
1 0.70677375 0.554 0.635138125 0.5576641609374999 0.650685625 0.6572021718750001 0.72641625 0.652770259375 0.70677375 0.554
1 0.68926125 0.46504260625000005 0.61977375 0.466815371875 0.633883125 0.5584319125 0.7072468749999999 0.5527335 0.68926125 0.46504260625000005
1 0.668671875 0.7678320796875 0.748661875 0.75960066875 0.726179375 0.6519665828125001 0.650685625 0.6576641609375 0.668671875 0.7678320796875
1 0.77408875 0.8774319125 0.748415625 0.7602481203125 0.669013125 0.767581453125 0.6905487499999999 0.890727653125 0.77408875 0.8774319125
1 0.8252068749999999 0.751436090625 0.7485299999999999 0.7593500421875 0.77408875 0.8777485374999999 0.8538425000000001 0.8654018375 0.8252068749999999 0.751436090625
1 0.799763125 0.6468512953125 0.7260206250000001 0.6523425234375 0.7491187499999999 0.75955054375 0.825085625 0.7503700921875 0.799763125 0.6468512953125
1 0.7764525 0.5507719296875 0.70640125 0.55393734375 0.726280625 0.651757728125 0.79917125 0.645743525 0.7764525 0.5507719296875
1 0.901264375 0.7393049296875 0.824715625 0.7501537171875 0.8539325 0.8661946531250001 0.9360531249999999 0.8516883875 0.901264375 0.7393049296875
1 0.8705225000000001 0.6385121140625001 0.79971625 0.6464252296875 0.8260306249999999 0.750262321875 0.9008143750000001 0.741081871875 0.8705225000000001 0.6385121140625001
1 0.77654 0.5517468671875 0.799761875 0.64540434375 0.870285625 0.6384394312499999 0.846146875 0.5456833750000001 0.77654 0.5517468671875
1 0.755506875 0.464269840625 0.688521875 0.46577109375000003 0.70722875 0.5538596484375 0.77680625 0.5519607359375 0.755506875 0.464269840625
1 0.823190625 0.458254803125 0.755446875 0.4640309109375 0.7763325 0.5516441109375 0.8454368750000001 0.5453124484375 0.823190625 0.458254803125
1 0.656801875 0.3100651625 0.6731581249999999 0.3825797828125 0.73702875 0.38287719375 0.72022625 0.3100651625 0.656801875 0.3100651625
1 0.6728975 0.383623225 0.688276875 0.4653926484375 0.7554881250000001 0.4644427734375 0.737501875 0.3837167921875 0.6728975 0.383623225
1 0.802109375 0.3786516296875 0.737999375 0.38413867968750004 0.755724375 0.46380952343750004 0.8229356250000001 0.4577944859375 0.802109375 0.3786516296875
1 0.7208125 0.3096491234375 0.737265625 0.3837167921875 0.8016362499999999 0.3783350046875 0.78270375 0.303940684375 0.7208125 0.3096491234375
1 0.5265475000000001 0.3070459484375 0.5360406249999999 0.383403509375 0.605618125 0.3840367578125 0.593311875 0.308375940625 0.5265475000000001 0.3070459484375
1 0.5263375 0.307110275 0.45723375 0.307110275 0.46457 0.3868863828125 0.535804375 0.3853032578125 0.5263375 0.307110275
1 0.46433375000000005 0.3875196328125 0.47119625000000004 0.471411028125 0.54645375 0.46887802812499996 0.5362775 0.38561988281250004 0.46433375000000005 0.3875196328125
1 0.535661875 0.38466750156249996 0.546690625 0.46887802812499996 0.6198175 0.46761236406249995 0.60538125 0.383403509375 0.535661875 0.38466750156249996
1 0.673065625 0.38372013437499997 0.605451875 0.3832756890625 0.6198175 0.4660292390625 0.688921875 0.464762740625 0.673065625 0.38372013437499997
1 0.59354875 0.308059315625 0.605451875 0.3843199671875 0.67353875 0.383086884375 0.65815625 0.3090091890625 0.59354875 0.308059315625
1 0.5181862500000001 0.23644695 0.451289375 0.23394820312500003 0.45760187500000005 0.30704260625 0.5267062499999999 0.30862573125 0.5181862500000001 0.23644695
1 0.511323125 0.16173600625 0.44608125000000004 0.15911111093750002 0.450975625 0.2335981625 0.5179493749999999 0.23486466093749997 0.511323125 0.16173600625
1 0.511704375 0.16119966562500002 0.518659375 0.23486466093749997 0.582320625 0.23739682499999998 0.573800625 0.1658512953125 0.511704375 0.16119966562500002
1 0.5939006250000001 0.30739431875 0.58305625 0.2367335 0.51793375 0.23489891406250002 0.52669 0.3058111953125 0.5939006250000001 0.30739431875
1 0.645255625 0.2396474515625 0.58305625 0.23708103593750002 0.5941375 0.30865998281249996 0.658508125 0.30897660781249997 0.645255625 0.2396474515625
1 0.6348425 0.167785296875 0.57342125 0.165376775 0.5827775 0.23774770312500002 0.64572875 0.2393308265625 0.6348425 0.167785296875
1 0.7066874999999999 0.24120300781249998 0.646075625 0.23916959062499998 0.657699375 0.30989975 0.72136 0.310216375 0.7066874999999999 0.24120300781249998
1 0.63539875 0.167812865625 0.6463393749999999 0.23962071875 0.70550375 0.24120300781249998 0.6920143750000001 0.1725071015625 0.63539875 0.167812865625
1 0.7665618750000001 0.23772096875 0.706750625 0.240909775 0.720413125 0.30958312499999996 0.78289125 0.30356808750000003 0.7665618750000001 0.23772096875
1 0.692724375 0.17314035156250002 0.706750625 0.2395179609375 0.76395875 0.23898746875 0.7502325 0.1756725140625 0.692724375 0.17314035156250002
0 0.7664831249999999 0.151717628125 0.2139325 0.127086884375 0.162766875 0.999164578125 0.9781675 0.8810158734375 0.7664831249999999 0.151717628125