1 0.7237966171875 0.8077020671874999 0.7082500921875 0.90210755 0.7703315765625 0.915241340625 0.7876269203125 0.8201324359375001 0.7237966171875 0.8077020671874999
1 0.788402821875 0.8202965843750001 0.7990778609375 0.7345227796875 0.738940975 0.71965359375 0.7243765875 0.80889901875 0.788402821875 0.8202965843750001
1 0.7975260578125 0.734194484375 0.8126697937499999 0.6461458796875 0.7546648375 0.6328011140625 0.7385580218750001 0.7174249265625 0.7975260578125 0.734194484375
1 0.8124733984375 0.6471777265624999 0.8301327984375 0.5628815171875 0.7723236171875 0.548504771875 0.7564131953125 0.6320967375000001 0.8124733984375 0.6471777265624999
1 0.82974000625 0.564945209375 0.8489512109374999 0.48097729375 0.788430590625 0.463880134375 0.77174426875 0.547307953125 0.82974000625 0.564945209375
1 0.8477817390625001 0.48287753437500003 0.865637534375 0.3975494765625 0.806473103125 0.3818117640625 0.78920649375 0.4640442828125 0.8477817390625001 0.48287753437500003
1 0.8214204437499999 0.29479500625 0.8043411703125001 0.38028734218750004 0.8644780593749999 0.39515652968750004 0.881165003125 0.31172884375 0.8214204437499999 0.29479500625
1 0.838873609375 0.215823003125 0.823748771875 0.29528758125 0.8829133609375001 0.31102446562499997 0.899020178125 0.2264006546875 0.838873609375 0.215823003125
1 0.723207271875 0.8107984328125 0.6661649328125 0.8008775015625 0.650038903125 0.8940869906250001 0.7074741906249999 0.901943403125 0.723207271875 0.8107984328125
1 0.7234036671874999 0.8097665859375001 0.738940975 0.71965359375 0.6838432296875 0.707997265625 0.667717359375 0.801205928125 0.7234036671874999 0.8097665859375001
1 0.740296384375 0.7210137359375001 0.756020246875 0.63416125625 0.700735946875 0.6192444140625 0.6844227375 0.709193259375 0.740296384375 0.7210137359375001
1 0.756020246875 0.63416125625 0.77174426875 0.547307953125 0.7162634156250001 0.53342378125 0.701315453125 0.6204404078125 0.756020246875 0.63416125625
1 0.7723236171875 0.548504771875 0.7886269875 0.46284828750000007 0.73315613125 0.44467093281250003 0.7166562062499999 0.5313600890625 0.7723236171875 0.548504771875
1 0.78920649375 0.4640442828125 0.8066694984374999 0.38077991718750004 0.75003900625 0.3602104421875 0.73315613125 0.44467093281250003 0.78920649375 0.4640442828125
1 0.80531346875 0.37941964375000004 0.8241318796874999 0.2975154203125 0.7690634968750001 0.2729828390625 0.7508149093750001 0.360374590625 0.80531346875 0.37941964375000004
1 0.8223836796875 0.298218971875 0.8382941031250001 0.21462700625000003 0.7855535812500001 0.1905860421875 0.7680911984375001 0.2738505375 0.8223836796875 0.298218971875
1 0.6498044562499999 0.8939402796874999 0.667464828125 0.801154221875 0.6047732390625 0.789850803125 0.5869290359375 0.8855379890625 0.6498044562499999 0.8939402796874999
1 0.6667566390624999 0.8010044000000001 0.683260525 0.7104238406250001 0.6232314296875 0.69674366875 0.6054814281249999 0.790000625 0.6667566390624999 0.8010044000000001
1 0.682287246875 0.7097280765625 0.7007372234375 0.6205380875000001 0.6398249421875 0.6056922109375 0.62314164375 0.6972153953125 0.682287246875 0.7097280765625
1 0.7001186625 0.6199173671875 0.716438715625 0.5322379359375 0.657480740625 0.5148654875 0.6401790390625 0.605767121875 0.7001186625 0.6199173671875
1 0.7167031828125 0.5327837468750001 0.7339062625 0.4462708484375 0.675926140625 0.4276348296875 0.6575703703125 0.5143945875 0.7167031828125 0.5327837468750001
1 0.7331980734375 0.44612102656249997 0.750840459375 0.361170646875 0.6929543828125 0.340105221875 0.6763698640625 0.4272388421875 0.7331980734375 0.44612102656249997
1 0.7509300890625 0.36069974843749997 0.767689603125 0.2745820109375 0.7098035265625 0.25351658593750004 0.692690075 0.3395585859375 0.7509300890625 0.36069974843749997
1 0.7683977921875 0.2747318328125 0.78568213125 0.19166600625000002 0.7299341890625 0.1651728796875 0.7099827828125 0.25257478906249997 0.7683977921875 0.2747318328125
1 0.6048582921875 0.7913392359375 0.5415475203125 0.7794149625 0.5215699125000001 0.8785696953125001 0.5864853109375 0.8859339765625001 0.6048582921875 0.7913392359375
1 0.604593825 0.7907934265625001 0.622433453125 0.697065571875 0.56009975625 0.683878425 0.541193425 0.7793400515625 0.604593825 0.7907934265625001
1 0.6232314296875 0.69674366875 0.6402686656250001 0.6052962234375 0.5783838875 0.5897538875 0.5598354484375 0.6833317875 0.6232314296875 0.69674366875
1 0.6406227609374999 0.605371134375 0.6580993015625001 0.5154862078125 0.5963085687499999 0.49751446718750003 0.5781188 0.5892079453125 0.6406227609374999 0.605371134375
1 0.6580993015625001 0.5154862078125 0.676280234375 0.4277097421875 0.6144934578125001 0.4077785359375 0.597016759375 0.49766428906250004 0.6580993015625001 0.5154862078125
1 0.675926140625 0.4276348296875 0.69304416875 0.339633496875 0.6329426546875 0.318589240625 0.6144934578125001 0.4077785359375 0.675926140625 0.4276348296875
1 0.6928647546875 0.3405761203125 0.7108658109375 0.25374132031249996 0.6509485921875 0.22979689374999998 0.6327678156250001 0.3175725328125 0.6928647546875 0.3405761203125
1 0.710654271875 0.25315170625 0.7311416625 0.16702166406250002 0.6704735687500001 0.13994656249999998 0.6505071109375 0.2299570171875 0.710654271875 0.25315170625
1 0.6706234125 0.1408161828125 0.6089703625 0.113952096875 0.58885075 0.2047672109375 0.650587778125 0.227879715625 0.6706234125 0.1408161828125
1 0.6505836875 0.22955468906249998 0.5889273265625 0.2043648796875 0.569715778125 0.2953729609375 0.632816871875 0.317936125 0.6505836875 0.22955468906249998
1 0.6334225625000001 0.3180642640625 0.569715778125 0.2953729609375 0.5503510765625 0.38718569999999997 0.614061790625 0.40820285624999997 0.6334225625000001 0.3180642640625
1 0.6141383671875 0.40780052656250004 0.5502745 0.3875880296875 0.5311355953125 0.4798679265625 0.5958351984375 0.49899992187500003 0.6141383671875 0.40780052656250004
1 0.5963676203125 0.4978561109375 0.5311355953125 0.4798679265625 0.5116908484375 0.5737580984374999 0.5785934046875 0.5895867984375001 0.5963676203125 0.4978561109375
1 0.5599796796875001 0.6840713093749999 0.5788959390625 0.5896508015624999 0.511464428125 0.5732908078125 0.49216497031250006 0.6697246140625001 0.5599796796875001 0.6840713093749999
1 0.5599029453125001 0.6844744656249999 0.49163648125000003 0.6691942796875 0.4722563578125 0.7677053875000001 0.5412892234375 0.7789589765625 0.5599029453125001 0.6844744656249999
1 0.5409101109375001 0.7792973015625 0.4724823140625 0.76817171875 0.45196076874999996 0.8693727796875 0.52167983125 0.8786780296875 0.5409101109375001 0.7792973015625
1 0.4726321578125 0.7690413375 0.4004222515625 0.7562777046875 0.378455509375 0.8601044484375 0.4523398796875 0.8690344515625 0.4726321578125 0.7690413375
1 0.400950740625 0.756808040625 0.3235946578125 0.7429556953125 0.30101482812499997 0.8500035531250001 0.379137775 0.8598302578125001 0.400950740625 0.756808040625
1 0.4926212796875 0.6689840890625 0.4206412609375 0.65501264375 0.4007247828125 0.7563417078125 0.47301142343749997 0.7687021875 0.4926212796875 0.6689840890625
1 0.5118402265625 0.574626759375 0.44183782968749996 0.5568858156250001 0.4212463296875 0.65514065 0.4925447015625 0.6693864203125 0.5118402265625 0.574626759375
1 0.51237265 0.57348295 0.5316647078125001 0.4803983921875 0.46257399687499995 0.46117448593750004 0.44183782968749996 0.5568858156250001 0.51237265 0.57348295
1 0.530453953125 0.48014224843750003 0.5505776546875001 0.3876521640625 0.48217252187500004 0.3664797875 0.46257399687499995 0.46117448593750004 0.530453953125 0.48014224843750003
1 0.5505776546875001 0.3876521640625 0.5703982015625 0.29509794375 0.502905378125 0.2724427359375 0.48278167656250004 0.3649328203125 0.5505776546875001 0.3876521640625
1 0.569715778125 0.2953729609375 0.5893797046875 0.205298503125 0.5224233921875 0.1798245125 0.5032079125 0.2725067390625 0.569715778125 0.2953729609375
1 0.5893797046875 0.205298503125 0.6087445625 0.11348493906249998 0.5427768265624999 0.0861274375 0.5226532796875001 0.17861669687499998 0.5893797046875 0.205298503125
1 0.542853559375 0.0857242828125 0.4739347359375 0.0573230703125 0.452972146875 0.152567109375 0.52325896875 0.178744834375 0.542853559375 0.0857242828125
1 0.50222295625 0.272717753125 0.522725925 0.179888515625 0.45289541250000004 0.152970265625 0.432082046875 0.24908379374999998 0.50222295625 0.272717753125
1 0.5025261109375 0.2727818875 0.4320094 0.247811975 0.41036107812499995 0.34500531093750003 0.4830080984375 0.36540011093749997 0.5025261109375 0.2727818875
1 0.48247505312500005 0.36654378906249996 0.41074034687500005 0.344666159375 0.38878886874999996 0.4417953609375 0.4626505734375 0.46077215625 0.48247505312500005 0.36654378906249996
1 0.46310295156250003 0.4617057796875 0.3890920234375 0.4418594953125 0.3683513015625 0.5392448390625 0.441991140625 0.55608033125 0.46310295156250003 0.4617057796875
1 0.44153467500000004 0.55682168125 0.3669872359375 0.5397941796875 0.3460133140625 0.640061615625 0.42056468437500005 0.655414971875 0.44153467500000004 0.55682168125
1 0.42086721875000005 0.6554789750000001 0.346469 0.6393209609375 0.3241231484375 0.74348603125 0.399514028125 0.7560855640625 0.42086721875000005 0.6554789750000001
1 0.324426303125 0.743550165625 0.24464006875000002 0.7325345203125 0.2185697953125 0.843032684375 0.30033302812499996 0.8502787015625 0.324426303125 0.743550165625
1 0.32472883750000003 0.74361416875 0.34578673437499996 0.6395951531249999 0.2695687640625 0.6247271343749999 0.2447933796875 0.7317290359374999 0.32472883750000003 0.74361416875
1 0.3676695 0.5395199890625 0.29153488437499997 0.5209002593750001 0.2689630765625 0.624598996875 0.3460133140625 0.640061615625 0.3676695 0.5395199890625
1 0.3886394875 0.44092669687499997 0.3138734921875 0.42008361250000004 0.29183741875 0.5209642624999999 0.3670638125 0.5393918515625 0.3886394875 0.44092669687499997
1 0.4112693 0.3451974515625 0.3365107046875 0.3210051171875 0.3137969171875 0.42048594218749996 0.38878886874999996 0.4417953609375 0.4112693 0.3451974515625
1 0.4109661453125 0.3451333171875 0.4314769796875 0.2489557875 0.3604391796875 0.2201062890625 0.33688981406249996 0.320666790625 0.4109661453125 0.3451333171875
1 0.4315537140625 0.24855263125 0.45191061406250005 0.153180453125 0.38368145781249996 0.12115579843749999 0.3601360234375 0.2200421546875 0.4315537140625 0.24855263125
1 0.4528188359375 0.1533725953125 0.47325247187499997 0.057597260937500006 0.40389715624999994 0.0215650140625 0.38383476875 0.1203503140625 0.4528188359375 0.1533725953125
0 0.393848715625 0 0.1842520125 0.87459951875 0.7818412140625 0.95086990625 0.918732903125 0.1962438515625 0.44496277656250005 0 0.393848715625 0