1 0.8189534937499999 0.6787961671875 0.8325171875 0.7555538953125 0.9111626640624999 0.7449955375 0.8970298609375 0.671600578125 0.8189534937499999 0.6787961671875
1 0.808741503125 0.6039644953125001 0.8196470328125001 0.6784371921875 0.896959865625 0.671752825 0.8849300640625 0.59896821875 0.808741503125 0.6039644953125001
1 0.8751328656249999 0.5309421640624999 0.7958663078125 0.5334126625 0.8091123046875 0.6039249 0.8848640812499999 0.5989250234375 0.8751328656249999 0.5309421640624999
1 0.8189474140625 0.6780636984374999 0.739530540625 0.6862585046875 0.7526077718749999 0.7667787125000001 0.831998421875 0.7553223906250001 0.8189474140625 0.6780636984374999
1 0.739530540625 0.6862585046875 0.65845321875 0.6957729328125 0.6708504296875 0.778933971875 0.752236971875 0.76681830625 0.739530540625 0.6862585046875
1 0.6495520109374999 0.615377953125 0.6582268296875 0.6966531781249999 0.741319371875 0.68676490625 0.730933509375 0.60982715625 0.6495520109374999 0.615377953125
1 0.730885334375 0.6095467218749999 0.7407401546875 0.6867004953125 0.8193133796875 0.67906446875 0.8075410453125 0.6050717156250001 0.730885334375 0.6095467218749999
1 0.730144328125 0.6100720640625 0.8085585562500001 0.6048381203125001 0.7959443328125 0.5333580546875 0.71946604375 0.5347190296875 0.730144328125 0.6100720640625
1 0.71891703125 0.5359193078125 0.6367168859375 0.536704675 0.646812471875 0.61525996875 0.73088228125 0.6090862890625 0.71891703125 0.5359193078125
1 0.658963375 0.6957660515625 0.565776203125 0.7051463765625 0.579137221875 0.79391275625 0.6716252328125 0.77904294375 0.658963375 0.6957660515625
1 0.647692084375 0.6147680828125 0.556894303125 0.6204676453125 0.567403825 0.7058286453125 0.659057075 0.6962148218750001 0.647692084375 0.6147680828125
1 0.6354671828125 0.537011321875 0.5484947921875001 0.5385918640625 0.5562008765625001 0.6208272703125 0.6483855796875 0.614754846875 0.6354671828125 0.537011321875
1 0.556894303125 0.6204676453125 0.45771175625 0.62791929375 0.46420404218750005 0.7162774890625 0.565921390625 0.70521813125 0.556894303125 0.6204676453125
1 0.5661736140625 0.705103940625 0.46460059375 0.7162351421875 0.47779703125 0.8084447125 0.5785747390625 0.79337588125 0.5661736140625 0.705103940625
1 0.5474971046875 0.5388696140625 0.44989893125 0.54015758125 0.45773000937499997 0.6275167421875001 0.556351665625 0.6204991484375 0.5474971046875 0.5388696140625
1 0.465649540625 0.71536026875 0.3536388828125 0.727716434375 0.3611372515625 0.8262255328125001 0.477935778125 0.8082143921875 0.465649540625 0.71536026875
1 0.458343196875 0.627117428125 0.346873884375 0.6334814468750001 0.3542865140625 0.72843856875 0.46564602343750006 0.716438834375 0.458343196875 0.627117428125
1 0.45072385156249994 0.540095275 0.34084385781250004 0.5435197375 0.347388028125 0.63342654375 0.45835712968750003 0.6270967703125 0.45072385156249994 0.540095275
1 0.3536388828125 0.727716434375 0.2272989984375 0.7419986953125 0.23213372968749998 0.8463319125 0.361346253125 0.8264041765625001 0.3536388828125 0.727716434375
1 0.34783537343750004 0.6329828 0.22467509687499998 0.64138650625 0.2293555734375 0.7417790859375 0.35364551093749996 0.7279636234375 0.34783537343750004 0.6329828
1 0.34102434375 0.5415225718750001 0.22014704531249998 0.5449340968749999 0.22614998281249998 0.6408336984375 0.34773690468749996 0.633249146875 0.34102434375 0.5415225718750001
1 0.228394084375 0.74227773125 0.08893534843749999 0.7563782859375 0.09684754062499999 0.8694823812499999 0.23277662968750001 0.84535760625 0.228394084375 0.74227773125
1 0.22454160937499998 0.6406094718750001 0.086851821875 0.64977339375 0.09047777968750001 0.7562135796875 0.22893739218750003 0.74258594375 0.22454160937499998 0.6406094718750001
1 0.220661190625 0.5448791953125001 0.084474234375 0.5475523250000001 0.0869185078125 0.6501615859375 0.2264489421875 0.6409762953125 0.220661190625 0.5448791953125001
1 0.439735940625 0.45797894218749996 0.33471061562500004 0.45613727031250006 0.342844103125 0.5431045218749999 0.45022103593749996 0.5403433203125 0.439735940625 0.45797894218749996
1 0.33381581250000003 0.457024109375 0.2134130609375 0.45405464531249995 0.2206725171875 0.5450723359375 0.34185034999999997 0.542016103125 0.33381581250000003 0.457024109375
1 0.21430786406250002 0.45316780625 0.081232859375 0.44957363125 0.0859611953125 0.5471919187500001 0.22073800625 0.544064496875 0.21430786406250002 0.45316780625
1 0.07884798125 0.3564535 0.08129965781250001 0.44996247343749995 0.2153361515625 0.4530580015625 0.20932517968750003 0.36626007656250004 0.07884798125 0.3564535
1 0.20912489375 0.36509420000000004 0.214688521875 0.45233586875 0.33359983125000003 0.45713046718749994 0.32498780781250003 0.3721095765625 0.20912489375 0.36509420000000004
1 0.325546075 0.3719197328125 0.333968240625 0.456481628125 0.439458059375 0.45795903437499996 0.43067269374999995 0.3780501265625 0.325546075 0.3719197328125
1 0.4398474859375 0.457910840625 0.45003453125000004 0.540677240625 0.5484377859375 0.53891129375 0.537909634375 0.4599546515625 0.4398474859375 0.457910840625
1 0.52688371875 0.3845369375 0.4316100875 0.37944137968749997 0.4397958375 0.4576915953125 0.537485409375 0.4597494125 0.52688371875 0.3845369375
1 0.3168301953125 0.2935754046875 0.3257891046875 0.372718784375 0.4308314703125 0.377946571875 0.42181440625000005 0.3031406703125 0.3168301953125 0.2935754046875
1 0.423031225 0.30251031093749997 0.430266584375 0.379334303125 0.526913596875 0.3839374703125 0.516336540625 0.311570215625 0.423031225 0.30251031093749997
1 0.3253144453125 0.3727694703125 0.31769818125 0.29373326093749996 0.2031002828125 0.2821907171875 0.2089154640625 0.3661749203125 0.3253144453125 0.3727694703125
1 0.0787455265625 0.356935775 0.2091120765625 0.3657929875 0.20247900937500002 0.2825175140625 0.0775001671875 0.26870876718750003 0.0787455265625 0.356935775
1 0.07562999687500001 0.1845531828125 0.077174859375 0.2687435046875 0.20338131406249998 0.282300190625 0.197831115625 0.201791971875 0.07562999687500001 0.1845531828125
1 0.19894798593750002 0.2018009546875 0.2030702625 0.2817106859375 0.3173402546875 0.29393939062499996 0.3098244484375 0.21674474375 0.19894798593750002 0.2018009546875
1 0.3110682109375 0.21723795625000003 0.3178947 0.293605184375 0.4219452453125 0.303520690625 0.4126984484375 0.2304151078125 0.3110682109375 0.21723795625000003
1 0.075051003125 0.0976610953125 0.07479937656249999 0.1845466875 0.1992363140625 0.2021615140625 0.1967243140625 0.1214643859375 0.075051003125 0.0976610953125
1 0.1949789234375 0.12212672656250001 0.1988900984375 0.2008076125 0.310270565625 0.21674668593750002 0.30576698593749996 0.1423360484375 0.1949789234375 0.12212672656250001
1 0.4054912203125 0.1574692015625 0.3058839265625 0.1425741015625 0.3113113125 0.2165872953125 0.4116811578125 0.230431190625 0.4054912203125 0.1574692015625
1 0.41141391718750003 0.23017811406250002 0.421877421875 0.3026526890625 0.5157199968749999 0.3124180859375 0.5053104937499999 0.24267982500000002 0.41141391718750003 0.23017811406250002
1 0.4059990078125 0.1581659421875 0.41182375625 0.23063543437499998 0.5055666859375 0.24271592812499998 0.4994139140625 0.17172059374999998 0.4059990078125 0.1581659421875
1 0.670039915625 0.2624057015625 0.5922326828125 0.25294225312499996 0.60393449375 0.319248453125 0.6813565359375 0.3282810375 0.670039915625 0.2624057015625
1 0.5912856375 0.25254295781249997 0.505136165625 0.2427182703125 0.5161525375 0.31263103281250004 0.6029089359375 0.31963362812499996 0.5912856375 0.25254295781249997
1 0.499932353125 0.1719349453125 0.50574463125 0.24240341718749997 0.5907634093749999 0.2520725203125 0.5849620109375 0.18488306875 0.499932353125 0.1719349453125
1 0.6651847125 0.1968419046875 0.5853717374999999 0.1853397390625 0.5913277906250001 0.2527883390625 0.670362765625 0.2617511515625 0.6651847125 0.1968419046875
1 0.6944204265625 0.3940392046875 0.614488515625 0.3895583046875 0.6275536390625 0.4617550671875 0.7076994640625001 0.46323769375 0.6944204265625 0.3940392046875
1 0.625643934375 0.46220887343749995 0.6367275218749999 0.5363697046875 0.7200008171875 0.5352370484375 0.707670840625 0.46346286562500005 0.625643934375 0.46220887343749995
1 0.6252342046875 0.461752203125 0.53787663125 0.4603171328125 0.548702121875 0.538760771875 0.6361190546875 0.536684559375 0.6252342046875 0.461752203125
1 0.6151814 0.38973485625 0.5260869375 0.3839794703125 0.537834365625 0.4600711046875 0.626322553125 0.46228713125 0.6151814 0.38973485625
1 0.5166846375 0.311892 0.5277134859375 0.38380578125000003 0.6153001234375 0.3896474796875 0.6027793703125 0.3194696375 0.5166846375 0.311892
1 0.6821998171875 0.3267584703125 0.6033455703125 0.318908753125 0.614227203125 0.3897620484375 0.69470346875 0.3937584375 0.6821998171875 0.3267584703125
1 0.7060480234375001 0.4632461296875 0.7200046578125 0.5348472734375 0.7962303078125 0.53338436875 0.781726815625 0.46417648749999996 0.7060480234375001 0.4632461296875
1 0.7833947703125 0.46424891874999996 0.7966459343750001 0.5336718406250001 0.8740494015625 0.53058321875 0.859711596875 0.46310813125 0.7833947703125 0.46424891874999996
1 0.8443357546874999 0.3986677609375 0.76930758125 0.397667928125 0.7832680875 0.46351148281250004 0.860194621875 0.46265330625 0.8443357546874999 0.3986677609375
1 0.708942659375 0.46295421875000003 0.7833623656250001 0.46426890624999995 0.769857846875 0.3968311015625 0.695323921875 0.39332000625 0.708942659375 0.46295421875000003
1 0.6821705078125 0.3263894234375 0.693981275 0.3932128359375 0.7695007781250001 0.3968692296875 0.75576591875 0.3325478 0.6821705078125 0.3263894234375
1 0.7560068109375 0.3320216546875 0.7688655609375 0.39723189375 0.8448909796875 0.399009734375 0.8314571859375001 0.3354791765625 0.7560068109375 0.3320216546875
1 0.669682265625 0.2612447296875 0.68136635 0.32733070625 0.756110578125 0.3316436859375 0.743206590625 0.26891262656250003 0.669682265625 0.2612447296875
1 0.816404859375 0.2766160015625 0.743417803125 0.2701421234375 0.755600015625 0.3314192359375 0.8313296109375001 0.3349044578125 0.816404859375 0.2766160015625
1 0.665534075 0.1966062796875 0.6705018328125 0.26215871874999996 0.7434966046875 0.2688148921875 0.736100934375 0.20634245468749998 0.665534075 0.1966062796875
1 0.8027649359375 0.216495390625 0.7352641625 0.209185125 0.7449265921875 0.26866219375 0.8156275562499999 0.275948040625 0.8027649359375 0.216495390625
0 0.8244773390625 0.1969886375 0.0793918625 0.064597365625 0.03773850625 0.069045240625 0.059289459375 0.8379686015625 0.072549475 0.91515665625 0.9483736374999999 0.7681896359375 0.8244773390625 0.1969886375