1 0.8113372515625 0.22860156874999998 0.76114368125 0.219178984375 0.75648545625 0.2853385578125 0.81273195625 0.2904807171875 0.8113372515625 0.22860156874999998
1 0.755709375 0.2853866453125 0.7591253734375 0.350171653125 0.8138014828125 0.3520299203125 0.8124935203125 0.2914286421875 0.755709375 0.2853866453125
1 0.7588777703125 0.3504422046875 0.7610016484375 0.41422427187500005 0.816957703125 0.4133856921875 0.814500359375 0.352114875 0.7588777703125 0.3504422046875
1 0.7603362328125 0.4145979296875 0.7646999937500001 0.478656084375 0.8198393062499999 0.47440969375 0.8172889890624999 0.413476409375 0.7603362328125 0.4145979296875
1 0.76979374375 0.5420885671875 0.825837109375 0.5351568453125 0.8198713796874999 0.4740759328125 0.764358465625 0.4785116875 0.76979374375 0.5420885671875
1 0.7058837453125 0.4827985375 0.7645197734375 0.478335478125 0.760177165625 0.41455281875 0.7011144453125 0.4158607015625 0.7058837453125 0.4827985375
1 0.7604166484375 0.4143586765625 0.758930153125 0.3503388390625 0.6981977890625 0.348151721875 0.700831740625 0.4157879125 0.7604166484375 0.4143586765625
1 0.7644499406249999 0.47815461406250004 0.705909275 0.48268701875 0.7130572984375 0.549523265625 0.7696307140624999 0.5420829640625 0.7644499406249999 0.47815461406250004
1 0.8325558390625 0.5961623046875 0.8256332984375 0.534893325 0.7696434140624999 0.5422483890625001 0.776403653125 0.6055252624999999 0.8325558390625 0.5961623046875
1 0.7697207984375 0.542129078125 0.7128051375 0.549426990625 0.718995278125 0.6169265890625 0.77694213125 0.60553639375 0.7697207984375 0.542129078125
1 0.83238585 0.5963279265625 0.7766001546875 0.605215340625 0.7813670953125 0.6699362703125 0.8376503218750001 0.6568829734375 0.83238585 0.5963279265625
1 0.7770358484375001 0.6056411765624999 0.7196052921875 0.616742209375 0.7249817000000001 0.6841410671875 0.7816549609375001 0.669814384375 0.7770358484375001 0.6056411765624999
1 0.7889443359375 0.73448371875 0.8453932765625 0.7184649578125 0.837637671875 0.6567181984375 0.7809429515625 0.66966088125 0.7889443359375 0.73448371875
1 0.7309947328125 0.7519526546875 0.7890876640625 0.73372033125 0.78143396875 0.669828078125 0.724414178125 0.6846284109375 0.7309947328125 0.7519526546875
1 0.6495256875 0.628429396875 0.719860084375 0.617282646875 0.712984015625 0.5494113281249999 0.64427458125 0.5574020703125 0.6495256875 0.628429396875
1 0.6547651953125 0.6993056265625001 0.7252240734375001 0.6845311125 0.7192747140625 0.6169112390625 0.649158278125 0.62890434375 0.6547651953125 0.6993056265625001
1 0.6640848484374999 0.77078955 0.7313539828125 0.7512347859374999 0.7249540078125001 0.6851125796875001 0.654977725 0.6994436203125 0.6640848484374999 0.77078955
1 0.6444248796875 0.557401265625 0.7131951171875001 0.5495193078125 0.705860921875 0.4826265390625 0.6368576859374999 0.48772413593749997 0.6444248796875 0.557401265625
1 0.6363374078125 0.48772234531249997 0.705773896875 0.4832693015625 0.7016190734375 0.41582943281249996 0.6323135468750001 0.41692129843750003 0.6363374078125 0.48772234531249997
1 0.63248950625 0.416878984375 0.7007283265625001 0.415215190625 0.6977431546874999 0.348014334375 0.6302718609375 0.34596601875 0.63248950625 0.416878984375
1 0.697676521875 0.347590496875 0.7587892046875 0.35029064062500004 0.756151528125 0.28563474375000003 0.6940957 0.2799298703125 0.697676521875 0.347590496875
1 0.629964146875 0.34560161875 0.6981361359375 0.348316521875 0.6950988625 0.27986771093749996 0.6272886375 0.2737007640625 0.629964146875 0.34560161875
1 0.694693121875 0.2798319921875 0.7563547484375001 0.28551483437499997 0.75891838125 0.220641346875 0.6950229421875 0.2105712015625 0.694693121875 0.2798319921875
1 0.6265668609375 0.2732036578125 0.6944364875 0.27985967500000003 0.6976774406249999 0.21140858125 0.6301130453125 0.20117904062499997 0.6265668609375 0.2732036578125
1 0.629525503125 0.2012462015625 0.55119429375 0.1896571828125 0.5512291328125001 0.26628664375 0.6268348234375 0.27356266875 0.629525503125 0.2012462015625
1 0.6269997609375 0.27378671875 0.551411103125 0.26640231875 0.5550362468750001 0.34250829375 0.63015745625 0.34572836875 0.6269997609375 0.27378671875
1 0.4671877125 0.2581473390625 0.5515340390625 0.2666486015625 0.5511928828125 0.1894452484375 0.464496 0.1757989453125 0.4671877125 0.2581473390625
1 0.471795290625 0.3391703390625 0.55494665 0.34261658281249996 0.5517810921875 0.26642781718749997 0.4669761015625 0.25800994374999997 0.471795290625 0.3391703390625
1 0.55887161875 0.41832378437499995 0.6325760609375 0.41692466250000004 0.630323815625 0.345561009375 0.5556291265625 0.3425448484375 0.55887161875 0.41832378437499995
1 0.47605452187499997 0.4192313828125 0.559249659375 0.4179986875 0.554954321875 0.342420446875 0.47190655625 0.3389344078125 0.47605452187499997 0.4192313828125
1 0.6330296765625001 0.4168324265625 0.558688609375 0.4178188140625 0.5630236843749999 0.4926734640625 0.6366400765625 0.487508584375 0.6330296765625001 0.4168324265625
1 0.5590927421874999 0.41809544374999996 0.476476625 0.4189905890625 0.4817911421875 0.498461428125 0.563172940625 0.4927957453125 0.5590927421874999 0.41809544374999996
1 0.5689127078125 0.5669770265625 0.6443616859375 0.557625709375 0.6368343249999999 0.487567875 0.5626165390625 0.4928472359375 0.5689127078125 0.5669770265625
1 0.5754146265625 0.6419990796875 0.6494126312499999 0.6286647828125 0.64453659375 0.5579682375 0.5692839671875001 0.5674062015625 0.5754146265625 0.6419990796875
1 0.5624655921875 0.49255491874999996 0.4816465140625 0.498467771875 0.486768953125 0.5774976796875 0.568739490625 0.56714611875 0.5624655921875 0.49255491874999996
1 0.4928145 0.65707373125 0.5753511140625001 0.6420030140625 0.568228840625 0.5676227421875 0.48708435000000005 0.5771764671875 0.4928145 0.65707373125
1 0.649118965625 0.62859725625 0.5753141125 0.6419195828125 0.581278390625 0.7169756046875 0.655288121875 0.699057278125 0.649118965625 0.62859725625
1 0.5898588499999999 0.7918688625 0.6640720375 0.77082764375 0.655353496875 0.699385 0.5812853515625 0.7169751718749999 0.5898588499999999 0.7918688625
1 0.5751461828125 0.641736290625 0.49276445 0.6561940671875 0.4995101328125 0.7361789140624999 0.58125468125 0.7167578531250001 0.5751461828125 0.641736290625
1 0.5081081843749999 0.8166529765625 0.59089965625 0.791761834375 0.5817211437500001 0.7170607234374999 0.4999227734375 0.7363045078125 0.5081081843749999 0.8166529765625
1 0.40993719687499997 0.7612127984375 0.49962159687499996 0.7367995609375 0.49239361718749997 0.6568635781250001 0.40230630781250004 0.674947059375 0.40993719687499997 0.7612127984375
1 0.423184890625 0.8470820781249999 0.50678859375 0.8170115484375 0.5000767125000001 0.7367268625000001 0.41050471875000005 0.7607254546875 0.423184890625 0.8470820781249999
1 0.40366441875000003 0.6746234015625 0.4932654125 0.6570032546875 0.487179403125 0.5777313828125 0.39634889218749997 0.5898464765625 0.40366441875000003 0.6746234015625
1 0.3957813703125 0.590333821875 0.48715635312499994 0.577431140625 0.481554509375 0.4983511046875 0.38922279375 0.5049066468750001 0.3957813703125 0.590333821875
1 0.389465246875 0.504910603125 0.48171388750000005 0.4981383703125 0.47656976875 0.418985471875 0.38394438750000004 0.41987130937500006 0.389465246875 0.504910603125
1 0.3832214484375 0.41990563593749997 0.476533228125 0.4191016 0.47217098125 0.33858690468749997 0.37779781562500003 0.3335024734375 0.3832214484375 0.41990563593749997
1 0.37721494375 0.3341883921875 0.47235917968749996 0.3388520484375 0.46673693906249997 0.2577414140625 0.371556596875 0.2473469375 0.37721494375 0.3341883921875
1 0.37171319375 0.2475420578125 0.46709359843750003 0.257923484375 0.464337990625 0.17590427343749998 0.37165143125 0.160052146875 0.37171319375 0.2475420578125
1 0.3705219609375 0.15977858125 0.25605737031250003 0.139868725 0.264345334375 0.23469300781250002 0.37182624999999997 0.24753439687499998 0.3705219609375 0.15977858125
1 0.3774700359375 0.33433421874999997 0.37178781875 0.24719322500000002 0.26396779375 0.23479689062500003 0.27289690625 0.3276902765625 0.3774700359375 0.33433421874999997
1 0.383571528125 0.41953515625 0.3771669125 0.3334944484375 0.27351056875 0.327325715625 0.2805672015625 0.42018527343749995 0.383571528125 0.41953515625
1 0.3893839546875 0.5049562125 0.3831918671875 0.41905349843749995 0.2808703171875 0.42071748124999997 0.287936109375 0.5127512953125 0.3893839546875 0.5049562125
1 0.3957589015625 0.58982479375 0.3896244671875 0.504673009375 0.288794646875 0.511955371875 0.29578765625000003 0.6037129640625001 0.3957589015625 0.58982479375
1 0.40308276718749997 0.67468758125 0.39657029375 0.5898608953125 0.2949634921875 0.6038634968750001 0.301445934375 0.6957685515625001 0.40308276718749997 0.67468758125
1 0.3081827765625 0.789028775 0.4094557734375 0.76057843125 0.40349921875000005 0.6751133015625 0.3020407859375 0.696047103125 0.3081827765625 0.789028775
1 0.30786974218749996 0.7883787390625 0.31932289687500004 0.8824028984375 0.423466496875 0.846685084375 0.40925974218750005 0.7611108125 0.30786974218749996 0.7883787390625
1 0.19992784218749998 0.9247536500000001 0.3191004359375 0.88252269375 0.3082603328125 0.7886156343749999 0.19352950156249998 0.8230243546875 0.19992784218749998 0.9247536500000001
1 0.19373587187500002 0.8224900234374999 0.30754389375 0.7891900781250001 0.3018197921875 0.6960607984375 0.1856004640625 0.7217733765625 0.19373587187500002 0.8224900234374999
1 0.1873333375 0.7214121015625 0.3023543515625 0.69603225625 0.295099128125 0.60416134375 0.179834603125 0.6211088359375 0.1873333375 0.7214121015625
1 0.1796416609375 0.622000284375 0.2956400890625 0.6041023046875 0.288161703125 0.5119435484375 0.17097748906250002 0.519656884375 0.1796416609375 0.622000284375
1 0.17019763593749998 0.5197241828125 0.2885390234375 0.5113358046875 0.28127536875 0.41979914999999995 0.1617525203125 0.42023406718749995 0.17019763593749998 0.5197241828125
1 0.1615262984375 0.419883590625 0.2806804078125 0.4194394578125 0.27283461249999996 0.32775565 0.150156496875 0.3190656890625 0.1615262984375 0.419883590625
1 0.14978954687499998 0.3198540546875 0.27300063125 0.3276066328125 0.263646878125 0.2346590703125 0.1402375140625 0.219074678125 0.14978954687499998 0.3198540546875
1 0.140420071875 0.219630715625 0.26423052812500003 0.23519025624999998 0.25471455 0.1401410484375 0.1333726859375 0.11733829843750002 0.140420071875 0.219630715625
0 0.09620885312500001 0.073334940625 0.1631726375 0.9800682890625 0.8821488203125 0.7313370921875 0.84332763125 0.20858974843750003 0.09620885312500001 0.073334940625