1 0.705880625 0.2380167078125 0.768715625 0.2428337515625 0.753714375 0.1921035921875 0.6945537500000001 0.19187802812500002 0.705880625 0.2380167078125
1 0.70584625 0.23854970781249998 0.718150625 0.28927903125 0.78607625 0.2883776109375 0.76922125 0.243735171875 0.70584625 0.23854970781249998
1 0.6417843750000001 0.23396157031249998 0.705595 0.23801420156250003 0.694696875 0.19250960781249998 0.632429375 0.1899682546875 0.6417843750000001 0.23396157031249998
1 0.573869375 0.1834076859375 0.578055 0.22946449531250002 0.64207625 0.23376608124999998 0.6325756250000001 0.1893817875 0.573869375 0.1834076859375
1 0.578050625 0.22941520468749999 0.582744375 0.279888053125 0.651296875 0.2853625734375 0.64179625 0.233743525 0.578050625 0.22941520468749999
1 0.651714375 0.28531161250000003 0.7185343750000001 0.2900551375 0.7053793749999999 0.2376541359375 0.64179625 0.234526315625 0.651714375 0.28531161250000003
1 0.512678125 0.1814377609375 0.51354875 0.22873099375 0.5782762499999999 0.22925898125000002 0.5737375 0.18306265625 0.512678125 0.1814377609375
1 0.513329375 0.2290392640625 0.51493 0.2804703421875 0.583209375 0.28020634843750003 0.57807875 0.22925898125000002 0.513329375 0.2290392640625
1 0.449271875 0.228458646875 0.44645375 0.2788863828125 0.51493 0.27941436875000003 0.5139437499999999 0.2282030078125 0.449271875 0.228458646875
1 0.45122625000000005 0.1814377609375 0.448821875 0.2282030078125 0.514338125 0.2295229734375 0.51197 0.181478696875 0.45122625000000005 0.1814377609375
1 0.38491125 0.2289883046875 0.37774562500000003 0.279790309375 0.44652375 0.2791311609375 0.44849562499999995 0.2283483703125 0.38491125 0.2289883046875
1 0.38491125 0.2288070171875 0.449235 0.2283483703125 0.45133062500000004 0.18119298281250001 0.39081125 0.1818521296875 0.38491125 0.2288070171875
1 0.329033125 0.18112782031250002 0.31926375 0.229284878125 0.38471375 0.2296148703125 0.39087625 0.181800334375 0.329033125 0.18112782031250002
1 0.31953875 0.2289883046875 0.308624375 0.280421053125 0.37814187499999996 0.28009106093749997 0.38430437500000003 0.22864912343750002 0.31953875 0.2289883046875
1 0.24046812499999998 0.2772113625 0.3092325 0.2799857984375 0.31958625 0.22903842968750002 0.25253375 0.22689473750000003 0.24046812499999998 0.2772113625
1 0.3288975 0.1809465328125 0.265229375 0.1772665 0.253026875 0.22673015937500002 0.319709375 0.22788387656250003 0.3288975 0.1809465328125
1 0.241028125 0.2769665828125 0.223458125 0.33058479531249996 0.29727000000000003 0.3369849625 0.308546875 0.2803024234375 0.241028125 0.2769665828125
1 0.296866875 0.336777778125 0.370398125 0.33608354218750003 0.37842875 0.2798588140625 0.30803375 0.2803157890625 0.296866875 0.336777778125
1 0.44345937500000004 0.33675856249999997 0.44636437500000004 0.279390978125 0.37801999999999997 0.2787050953125 0.36981875 0.3363015875 0.44345937500000004 0.33675856249999997
1 0.44351312500000006 0.336777778125 0.516075625 0.33675856249999997 0.5147087499999999 0.2803049296875 0.44602250000000004 0.2787050953125 0.44351312500000006 0.336777778125
1 0.588905625 0.33653132812500003 0.58320375 0.2804853796875 0.51441 0.2803057640625 0.515435 0.337217209375 0.588905625 0.33653132812500003
1 0.58884375 0.3360233921875 0.661691875 0.342473684375 0.65109875 0.2851060984375 0.582754375 0.2798487890625 0.58884375 0.3360233921875
1 0.732520625 0.347797828125 0.7187574999999999 0.29003425156249996 0.65102 0.28562990781250003 0.6614424999999999 0.3423124484375 0.732520625 0.347797828125
1 0.719321875 0.289783625 0.73269125 0.347111946875 0.8053075 0.34436925625 0.785658125 0.28837259843749996 0.719321875 0.289783625
1 0.7324824999999999 0.347835421875 0.749606875 0.4115647453125 0.828031875 0.4083650796875 0.805649375 0.34436925625 0.7324824999999999 0.347835421875
1 0.6616131249999999 0.34299749375 0.6725481249999999 0.40676524687500004 0.7497775 0.4117936515625 0.732520625 0.347568921875 0.6616131249999999 0.34299749375
1 0.58922 0.3370292390625 0.595351875 0.40083375156249995 0.6727525 0.4054051796875 0.6607918749999999 0.3418663328125 0.58922 0.3370292390625
1 0.5158962500000001 0.337279865625 0.517439375 0.40106265625 0.595351875 0.40151963281249997 0.588859375 0.336380953125 0.5158962500000001 0.337279865625
1 0.442949375 0.3370292390625 0.439390625 0.39940434375 0.517645 0.400090225 0.5161075 0.3374653296875 0.442949375 0.3370292390625
1 0.37019 0.33577276562499997 0.36099312499999997 0.4004670015625 0.439930625 0.4004670015625 0.4431775 0.336928153125 0.37019 0.33577276562499997
1 0.29724249999999997 0.337279865625 0.28291125 0.3990292390625 0.361336875 0.400172096875 0.3703925 0.3354903921875 0.29724249999999997 0.337279865625
1 0.22241499999999997 0.3315004171875 0.20423249999999998 0.3932531328125 0.28282875 0.4003383453125 0.296839375 0.337256475 0.22241499999999997 0.3315004171875
1 0.204554375 0.39332163750000004 0.180726875 0.4644753546875 0.26649875 0.472703425 0.28256000000000003 0.40002172031249994 0.204554375 0.39332163750000004
1 0.350025625 0.47464243906250003 0.36154125000000004 0.400860484375 0.282535625 0.40081787812499997 0.2661325 0.47349958281250004 0.350025625 0.47464243906250003
1 0.35044875000000003 0.47399081093750006 0.4357875 0.4738187140625 0.43971687499999995 0.3999949875 0.361804375 0.3995380109375 0.35044875000000003 0.47399081093750006
1 0.519028125 0.4741378453125 0.517776875 0.400106934375 0.43957750000000007 0.3991704265625 0.43581875 0.47322305781249996 0.519028125 0.4741378453125
1 0.602899375 0.47723642499999996 0.595424375 0.4013634078125 0.51746875 0.40021303281250004 0.518835625 0.474722640625 0.602899375 0.47723642499999996
1 0.68599125 0.47997911406249993 0.67288375 0.40638930625 0.5954349999999999 0.4013558890625 0.603294375 0.47655137812500004 0.68599125 0.47997911406249993
1 0.76891625 0.48453216406250005 0.749403125 0.41166666718749995 0.6730637500000001 0.406822890625 0.6862199999999999 0.48041771093749996 0.76891625 0.48453216406250005
1 0.7499675 0.41191812812500006 0.768745625 0.48407518749999995 0.851955 0.486131996875 0.8276925 0.40842272343749997 0.7499675 0.41191812812500006
1 0.769326875 0.4843550546875 0.79103625 0.571204678125 0.8812887500000001 0.5768512953125 0.8521425 0.4867744359375 0.769326875 0.4843550546875
1 0.6869925 0.4804603171875 0.702558125 0.5664720140624999 0.791203125 0.57104260625 0.76889125 0.48473099375000006 0.6869925 0.4804603171875
1 0.602943125 0.47691228125 0.61204125 0.5609599000000001 0.70209375 0.566069340625 0.686415 0.480563909375 0.602943125 0.47691228125
1 0.51933625 0.4751386796875 0.5213325 0.560126984375 0.6119875 0.561202171875 0.602941875 0.4756967421875 0.51933625 0.4751386796875
1 0.435819375 0.47343776093749995 0.430593125 0.560287384375 0.522051875 0.5597493734375 0.519238125 0.47505096093750004 0.435819375 0.47343776093749995
1 0.350574375 0.47366081875 0.339534375 0.558609021875 0.42998875 0.5596842109375 0.435616875 0.473909775 0.350574375 0.47366081875
1 0.266968125 0.47336507968749997 0.24749500000000002 0.5576649953125 0.338551875 0.559815371875 0.351215625 0.4743099421875 0.266968125 0.47336507968749997
1 0.18055812499999999 0.46624394375 0.15382374999999998 0.5495981624999999 0.24749374999999998 0.5592781953125 0.266188125 0.474578946875 0.18055812499999999 0.46624394375
1 0.247548125 0.5592355890625 0.154165 0.549938178125 0.12071125 0.6552272343750001 0.223426875 0.658722640625 0.247548125 0.5592355890625
1 0.193920625 0.7730810359375 0.22361625 0.6590317453125001 0.120264375 0.65692230625 0.081670625 0.7738880531250001 0.193920625 0.7730810359375
1 0.324415 0.6598805343749999 0.22361625 0.6593274859375 0.194563125 0.7733500421875 0.30471625 0.7730810359375 0.324415 0.6598805343749999
1 0.32406875 0.6593358390625 0.339515625 0.5588070171874999 0.2470825 0.5579657484375 0.2231625 0.659066834375 0.32406875 0.6593358390625
1 0.42399437500000003 0.6612314125000001 0.43019999999999997 0.559398496875 0.3389675 0.5593233078125001 0.323690625 0.6606934 0.42399437500000003 0.6612314125000001
1 0.416758125 0.77308771875 0.42467062499999997 0.6605104421875 0.32429375 0.6598863828125 0.30539937500000003 0.771742690625 0.416758125 0.77308771875
1 0.524834375 0.6605847953125 0.522211875 0.5602857140624999 0.430159375 0.5602907265625 0.424129375 0.6608538015625001 0.524834375 0.6605847953125
1 0.5266437500000001 0.7737852968750001 0.5235387499999999 0.661101921875 0.42453124999999997 0.660046784375 0.41749562500000004 0.772441103125 0.5266437500000001 0.7737852968750001
1 0.62236 0.6604327484375 0.6122325 0.561172096875 0.5218556249999999 0.5590634921875 0.52406625 0.6623149546875 0.62236 0.6604327484375
1 0.6387031249999999 0.7735797828125001 0.622406875 0.661396825 0.523525 0.6609164578125 0.526138125 0.772234753125 0.6387031249999999 0.7735797828125001
1 0.7220443750000001 0.66644945625 0.70225375 0.5664937343750001 0.611891875 0.5610459484375 0.621941875 0.6616098578125 0.7220443750000001 0.66644945625
1 0.7471706250000001 0.7780367578125 0.72193875 0.6658320796874999 0.6231481249999999 0.6618780281250001 0.637821875 0.7723901421875 0.7471706250000001 0.7780367578125
1 0.819119375 0.6722264 0.7913806250000001 0.5722005015625 0.702534375 0.567091896875 0.7218312499999999 0.6649657484375 0.819119375 0.6722264
1 0.854496875 0.7838137015625 0.8194800000000001 0.6720409359375 0.7218312499999999 0.666041771875 0.746354375 0.7792422718750001 0.854496875 0.7838137015625
1 0.819038125 0.6711537171875 0.9179393749999999 0.6744778609375001 0.8767324999999999 0.5763350046875 0.790098125 0.5714945703125001 0.819038125 0.6711537171875
1 0.8194800000000001 0.671745196875 0.854621875 0.7839139515625 0.964774375 0.7884853796875 0.91633125 0.67420885625 0.8194800000000001 0.671745196875
0 0.774203125 0.1688546359375 0.2510475 0.1379949875 0.022554374999999998 0.804551378125 0.997615 0.8134152046875001 0.774203125 0.1688546359375