1 0.10143776093750001 0.7283000000000001 0.1400050125 0.662700625 0.022852965625 0.668841875 0 0.731413125 0.10143776093750001 0.7283000000000001
1 0.1400050125 0.663385 0.10143776093750001 0.7283000000000001 0.23615538906250003 0.72145125 0.2594402671875 0.65732375 0.1400050125 0.663385
1 0.382099415625 0.65140875 0.2611035921875 0.6570125 0.234908103125 0.72114 0.36920969062500003 0.7161593749999999 0.382099415625 0.65140875
1 0.4998847125 0.64857625 0.3806624890625 0.6510631250000001 0.3693249796875 0.714883125 0.5027944859375 0.708968125 0.4998847125 0.64857625
1 0.6209732671875 0.64229125 0.5000760234375 0.64764 0.5033032578125 0.709220625 0.6376048453125 0.701749375 0.6209732671875 0.64229125
1 0.49778863749999996 0.589451875 0.4987293234375 0.646649375 0.618478696875 0.64229125 0.6047568921875001 0.584700625 0.49778863749999996 0.589451875
1 0.6057644109375 0.584659375 0.6193099421875 0.6432249999999999 0.738643275 0.6394893749999999 0.7128638265625 0.58221 0.6057644109375 0.584659375
1 0.38798245625 0.593216875 0.3802280703125 0.6522525 0.4987293234375 0.647271875 0.4958187140625 0.58843625 0.38798245625 0.593216875
1 0.393930659375 0.544954375 0.38646532968749997 0.594039375 0.49665079375000004 0.58905875 0.492908103125 0.5417412500000001 0.393930659375 0.544954375
1 0.49332414375000005 0.5420524999999999 0.495403509375 0.58843625 0.6051729328125 0.585011875 0.5926992484375 0.538005625 0.49332414375000005 0.5420524999999999
1 0.593868003125 0.5381087499999999 0.6064202171875 0.584700625 0.7136950703125 0.5834550000000001 0.6933216375 0.53520375 0.593868003125 0.5381087499999999
1 0.6924895578125 0.53520375 0.7153583953125 0.58314375 0.823049290625 0.58189875 0.7926967421875 0.53427 0.6924895578125 0.53520375
1 0.8600050124999999 0.637745625 0.822167084375 0.583268125 0.71489223125 0.583890625 0.7398395984375 0.639301875 0.8600050124999999 0.637745625
1 0.6208621546875001 0.642848125 0.6375547203124999 0.701561875 0.7718563078125 0.700005625 0.73942439375 0.6386793749999999 0.6208621546875001 0.642848125
1 0.7398395984375 0.639924375 0.772272346875 0.7003168750000001 0.906573934375 0.700005625 0.8595889718749999 0.637123125 0.7398395984375 0.639924375
1 0.8615196328125 0.637029375 0.9057418546875 0.699071875 0.999164578125 0.69658125 0.9805847953125 0.63369875 0.8615196328125 0.637029375
1 0.8229991640625001 0.5820225 0.8600050124999999 0.637434375 0.9805847953125 0.6346325 0.9311052625 0.57984375 0.8229991640625001 0.5820225
1 0.7930618218750001 0.53439375 0.8225831250000001 0.5810887499999999 0.9319373437499999 0.5795325 0.8932681703125 0.5315918749999999 0.7930618218750001 0.53439375
1 0.7671428578125 0.492445 0.7936842109375 0.5338437500000001 0.8935304921875 0.5310050000000001 0.8590902249999999 0.488896875 0.7671428578125 0.492445
1 0.6748797 0.49410125000000005 0.6929289890625 0.53559125 0.794316625 0.534316875 0.7680910609375 0.492918125 0.6748797 0.49410125000000005
1 0.5827142859375 0.49579500000000004 0.5943074359375 0.537865 0.6941537171875 0.535499375 0.675827903125 0.4943375 0.5827142859375 0.49579500000000004
1 0.4909264828125 0.49865562499999994 0.4933483703125 0.541690625 0.5928788640625 0.53719625 0.5830843781249999 0.49556125 0.4909264828125 0.49865562499999994
1 0.398443609375 0.503598125 0.3935020890625 0.546185625 0.49208437812500005 0.541454375 0.49018880468750003 0.499109375 0.398443609375 0.503598125
1 0.12314870468750001 0.51554375 0.0940058484375 0.5566131249999999 0.194461153125 0.55533 0.21434669999999997 0.514003125 0.12314870468750001 0.51554375
1 0.0946917296875 0.55738375 0.06040685 0.606410625 0.1701186296875 0.6051275 0.1948036765625 0.5561 0.0946917296875 0.55738375
1 0.06040685 0.60538375 0.0178939015625 0.6690425 0.1402907265625 0.662881875 0.16977610625 0.6051275 0.06040685 0.60538375
1 0.2781161234375 0.59999375 0.1686365921875 0.604861875 0.1402907265625 0.66236875 0.2602882203125 0.657235 0.2781161234375 0.59999375
1 0.387142021875 0.59434625 0.2780409359375 0.599499375 0.2596023390625 0.657235 0.3802857140625 0.651844375 0.387142021875 0.59434625
1 0.29388721875 0.55096625 0.1958320796875 0.555843125 0.1714903921875 0.60230375 0.2781161234375 0.5992237499999999 0.29388721875 0.55096625
1 0.3939991640625 0.54634625 0.29275355 0.5506725 0.2774302421875 0.6002500000000001 0.387142021875 0.59434625 0.3939991640625 0.54634625
1 0.3086299078125 0.509383125 0.21390726875000002 0.5136993750000001 0.195147034375 0.555843125 0.2935446953125 0.550453125 0.3086299078125 0.509383125
1 0.39943943125 0.503735625 0.3065004171875 0.5088075 0.2934945703125 0.550596875 0.3934778609375 0.54512 0.39943943125 0.503735625
1 0.7456800328125001 0.45817874999999997 0.7680685046875 0.49315 0.8607368421875 0.489295625 0.8317443609374999 0.453185625 0.7456800328125001 0.45817874999999997
1 0.7266123640625 0.426610625 0.7458504593749999 0.45846 0.8317443609374999 0.453794375 0.8060033421874999 0.422959375 0.7266123640625 0.426610625
1 0.7270250625 0.426610625 0.6475881375 0.42784374999999997 0.658743525 0.458663125 0.7459916453125001 0.45785187499999996 0.7270250625 0.426610625
1 0.6598270671875001 0.458663125 0.6758137015625 0.494366875 0.76793985 0.4933525 0.7454502921875 0.45764875 0.6598270671875001 0.458663125
1 0.5658939015625 0.42695125 0.5728763578125 0.458741875 0.6595831249999999 0.4591475 0.6465772765625 0.427298125 0.5658939015625 0.42695125
1 0.5736892234375001 0.4591475 0.5829022562499999 0.49505437499999994 0.676111946875 0.49464874999999997 0.6598546359374999 0.45894500000000005 0.5736892234375001 0.4591475
1 0.4868838765625 0.432750625 0.4882013359375 0.46478562500000004 0.57355305 0.45951125 0.566237259375 0.42786437499999996 0.4868838765625 0.432750625
1 0.4886725140625 0.464424375 0.49063993281249996 0.4992725 0.5838496234375 0.49501249999999997 0.5743659140624999 0.459105625 0.4886725140625 0.464424375
1 0.4063826234375 0.43565062499999996 0.40347368437500003 0.46894125000000003 0.488825396875 0.465086875 0.4866583125 0.43242562500000004 0.4063826234375 0.43565062499999996
1 0.40369924843750005 0.46866250000000004 0.3991386796875 0.5042393749999999 0.49180618281250005 0.49937062499999996 0.488825396875 0.46427500000000005 0.40369924843750005 0.46866250000000004
1 0.3273725984375 0.4405575 0.317850459375 0.4725925 0.40428654999999997 0.46873812499999995 0.40672514687500005 0.43709125000000004 0.3273725984375 0.4405575
1 0.3178320796875 0.472454375 0.3064703421875 0.508905 0.398596490625 0.5042393749999999 0.4021186296875 0.46894125000000003 0.3178320796875 0.472454375
1 0.247169590625 0.444795625 0.23271261562499998 0.477280625 0.318064328125 0.47362875000000004 0.326463659375 0.44056249999999997 0.247169590625 0.444795625
1 0.232441103125 0.47768625 0.2145580625 0.5139987500000001 0.3069548875 0.508926875 0.318064328125 0.47302062500000003 0.232441103125 0.47768625
1 0.1469908109375 0.478923125 0.12324477812500001 0.514404375 0.21510025000000002 0.5139987500000001 0.232441103125 0.47809187499999994 0.1469908109375 0.478923125
1 0.23135756093749998 0.47910624999999996 0.24761487031249999 0.44522812500000003 0.16822389375 0.44847374999999995 0.146276525 0.4784975 0.23135756093749998 0.47910624999999996
1 0.246144528125 0.44613500000000006 0.2594703421875 0.41606125 0.189413534375 0.41948187499999995 0.16942439375 0.448985625 0.246144528125 0.44613500000000006
1 0.33523893125000004 0.412355625 0.259279865625 0.41663125 0.2463350046875 0.445564375 0.3266716796875 0.44114624999999996 0.33523893125000004 0.412355625
1 0.40986466093749996 0.40950499999999995 0.3343274859375 0.41264874999999995 0.3262915625 0.44071875 0.40643776093749995 0.43644249999999996 0.40986466093749996 0.40950499999999995
1 0.48455221406250004 0.40527499999999994 0.40954636562499996 0.40826812500000004 0.4072614875 0.43549125 0.4855045953125 0.432783125 0.48455221406250004 0.40527499999999994
1 0.48470258906249997 0.40496125000000005 0.48717794531249997 0.433039375 0.5663725984375 0.42833625 0.5597092734375 0.400828125 0.48470258906249997 0.40496125000000005
1 0.5602071843750001 0.40079875 0.566109440625 0.428164375 0.6468270671874999 0.427309375 0.6350233921874999 0.40008625000000003 0.5602071843750001 0.40079875
1 0.6355881375 0.40018562500000004 0.6460584796875 0.42740875 0.727157059375 0.42655374999999995 0.7107852968749999 0.39904562499999996 0.6355881375 0.40018562500000004
1 0.7113558890625 0.399188125 0.7269665828125 0.42655374999999995 0.8071136171875001 0.42284750000000004 0.7846491234374999 0.397905 0.7113558890625 0.399188125
1 0.625501253125 0.374096875 0.6346365921875 0.399900625 0.7109757734375 0.398903125 0.6959356718749999 0.37395999999999996 0.625501253125 0.374096875
1 0.6961261484375 0.37395999999999996 0.7111654140625 0.399330625 0.785030075 0.3980475 0.762566415625 0.37153749999999997 0.6961261484375 0.37395999999999996
1 0.553860484375 0.37519375 0.5593650796875 0.40057312500000003 0.634943190625 0.39971812500000004 0.62542439375 0.373920625 0.553860484375 0.37519375
1 0.4115981625 0.382714375 0.40969423593750004 0.40851249999999995 0.4845104421875 0.40523437500000004 0.48298746875000004 0.37900875 0.4115981625 0.382714375
1 0.3420785296875 0.38616375000000003 0.33468755156249996 0.41278812499999995 0.41007518750000005 0.40879750000000004 0.41140768593750005 0.382571875 0.3420785296875 0.38616375000000003
1 0.5539766078125 0.375730625 0.48347535468749997 0.37895500000000004 0.48430075156249996 0.405091875 0.5600685046875 0.40067312499999996 0.5539766078125 0.375730625
1 0.26959565625000004 0.3906925 0.259506265625 0.4163475 0.3343224734375 0.41306937499999996 0.34117543906250003 0.38627375 0.26959565625000004 0.3906925
1 0.25988721875 0.4163475 0.2698086890625 0.390551875 0.2058212203125 0.393400625 0.19021052656249998 0.418628125 0.25988721875 0.4163475
0 0.787202171875 0.357339375 0.1921587296875 0.38298125 0 0.73960375 0.999164578125 0.6856037500000001 0.787202171875 0.357339375