1 0.026146707812499996 0.2421426359375 0.1434586765625 0.276038465625 0.11717980937500001 0.2000190703125 0.0386083640625 0.179122671875 0.026146707812499996 0.2421426359375
1 0.26465456718749997 0.31010501874999996 0.25372554687500004 0.23924267968750002 0.11717980937500001 0.2000190703125 0.14359645468749999 0.27534170625 0.26465456718749997 0.31010501874999996
1 0.3888817953125 0.2764830453125 0.2523859109375 0.239260965625 0.2662948265625 0.3108200953125 0.389042759375 0.3454912234375 0.3888817953125 0.2764830453125
1 0.5241987796875 0.3157841578125 0.3887428921875 0.2778099921875 0.387502046875 0.3454991078125 0.5090616484375 0.3765723609375 0.5241987796875 0.3157841578125
1 0.66076496875 0.35540666249999997 0.524770496875 0.3156488859375 0.5090690296875 0.3775713546875 0.631767371875 0.41195926875 0.66076496875 0.35540666249999997
1 0.6035708328125 0.466709975 0.6292134203125 0.4113620765625 0.5074908390624999 0.37825751093750004 0.49501276406250005 0.43626492343749995 0.6035708328125 0.466709975
1 0.713749796875 0.4951260875 0.7516743953125 0.4429816265625 0.6302524359375 0.4106104265625 0.6045940296875 0.4669931671875 0.713749796875 0.4951260875
1 0.492791478125 0.4368273375 0.5076161609375001 0.3776237453125 0.38729673125 0.3441842109375 0.3833506578125 0.4061445828125 0.492791478125 0.4368273375
1 0.4804109484375 0.48367059062499995 0.4937686890625 0.43639276718750003 0.381963003125 0.40494400312499995 0.3797242515625 0.456704471875 0.4804109484375 0.48367059062499995
1 0.581825525 0.5113634625000001 0.6040594375 0.4664926921875 0.492366390625 0.4367279375 0.48089955156249997 0.4834533078125 0.581825525 0.5113634625000001
1 0.684279115625 0.5383046828125 0.7148514718750001 0.49405754999999996 0.6052737515625 0.46710816718750003 0.5830428609375 0.511538265625 0.684279115625 0.5383046828125
1 0.785831821875 0.563045375 0.8264955203125 0.5218209734375 0.7164917296875 0.49477262812499995 0.683427228125 0.5381054859375001 0.785831821875 0.563045375
1 0.7528614499999999 0.44345891562500006 0.7161648296875 0.4939006390625 0.825867996875 0.5202156203125 0.8755740484375 0.4738104984375 0.7528614499999999 0.44345891562500006
1 0.7523110390625 0.44399328281250006 0.7978611812499999 0.389321290625 0.6606759015625 0.3555855578125 0.6317657265625 0.411365715625 0.7523110390625 0.44399328281250006
1 0.875022784375 0.47434466718749996 0.9357857062500001 0.42157220625 0.798349784375 0.3891040046875 0.7529867718750001 0.44282515 0.875022784375 0.47434466718749996
1 0.8769805281249999 0.4749023046875 0.9841106078124999 0.5030876453124999 0.9865992484375001 0.43589438437499994 0.9347458359375 0.42232365781250003 0.8769805281249999 0.4749023046875
1 0.8264691140625 0.5216829859375001 0.9367100109375001 0.549781375 0.983618590625 0.5163721328124999 0.9841446890625001 0.502167453125 0.8755113874999999 0.47412738125000004 0.8264691140625 0.5216829859375001
1 0.8882581546875 0.58984840625 0.9374992359375 0.5502974546875 0.8258551890625 0.522534034375 0.78623050625 0.563006784375 0.8882581546875 0.58984840625
1 0.8446712609375 0.625133984375 0.8884085718750001 0.5905087015625 0.7867569859375 0.5637157359375 0.75124943125 0.5995097796875 0.8446712609375 0.625133984375
1 0.7523154546875 0.5992550875 0.7874997031250001 0.563385446875 0.6839551328125 0.5378161718750001 0.657123421875 0.575736084375 0.7523154546875 0.5992550875
1 0.6581417593750001 0.57572255625 0.68519051875 0.5382029046875 0.5834436828125 0.5118916265625 0.56310503125 0.5519476125 0.6581417593750001 0.57572255625
1 0.5634368750000001 0.5522741921875001 0.5818464718749999 0.5122304843750001 0.4808515046875 0.48382753125000005 0.4697081578125 0.5270615484375 0.5634368750000001 0.5522741921875001
1 0.46904426875 0.5264229874999999 0.47950985937499996 0.4837654609375 0.379533353125 0.4553483421875 0.376018790625 0.4998895359375 0.46904426875 0.5264229874999999
1 0.18963426249999998 0.44522409375 0.17759527343749998 0.3983887921875 0.0750069890625 0.37303380625 0.09657549374999999 0.42182311562499997 0.18963426249999998 0.44522409375
1 0.1781009640625 0.39768685625 0.1626985171875 0.3418625890625 0.05063340937500001 0.3142916375 0.0758643390625 0.37241343437499996 0.1781009640625 0.39768685625
1 0.0261374234375 0.24218958281249997 0.024292379687499997 0.25152017187500003 0.050426679687499996 0.3153370953125 0.1623478390625 0.341780590625 0.14378768125000002 0.275922334375 0.0261374234375 0.24218958281249997
1 0.2655048375 0.3103983703125 0.14368437812499998 0.27644474531249996 0.161127721875 0.3417782265625 0.27223332031249997 0.3729434578125 0.2655048375 0.3103983703125
1 0.3872735828125 0.344613521875 0.2648026296875 0.3102341734375 0.272056815625 0.37342878125 0.3827175828125 0.404793571875 0.3872735828125 0.344613521875
1 0.2720783046875 0.3737273921875 0.16353445625000002 0.3450658375 0.1791021359375 0.3981945765625 0.2785096265625 0.4266337578125 0.2720783046875 0.3737273921875
1 0.3827175828125 0.404793571875 0.2715827015625 0.3725183734375 0.277289834375 0.42666142812499996 0.38007460000000004 0.45530380781249996 0.3827175828125 0.404793571875
1 0.278055646875 0.4270741703125 0.1784007828125 0.3980305796875 0.18912321875 0.4454281421875 0.28523174687499997 0.472498765625 0.278055646875 0.4270741703125
1 0.3792940171875 0.4564274515625 0.27803326875 0.4269158203125 0.282935678125 0.4725750140625 0.377066 0.49998794375 0.3792940171875 0.4564274515625
1 0.8094850515625 0.654945003125 0.8464373515625001 0.6251222125 0.7523390437499999 0.599013615625 0.7223772140625 0.629258025 0.8094850515625 0.654945003125
1 0.77704613125 0.6795559531250001 0.8096076046875 0.6543252359375 0.7226083171875 0.6290124859375 0.696500353125 0.6568327093749999 0.77704613125 0.6795559531250001
1 0.7226304359375 0.629665415625 0.6334687296875 0.6079525953125 0.6158432375 0.636659153125 0.696922875 0.6569315078125 0.7226304359375 0.629665415625
1 0.722035303125 0.6297426171875 0.7522480921875 0.5987766515625 0.6581331328125 0.57568925 0.634578065625 0.6082119921875 0.722035303125 0.6297426171875
1 0.6146984671875 0.6369726546875001 0.6344258296875 0.6076604515625 0.5455733828125 0.587316128125 0.532024625 0.618010496875 0.6146984671875 0.6369726546875001
1 0.6346630375 0.607931615625 0.658495225 0.575473671875 0.563148375 0.552746640625 0.546487259375 0.587097759375 0.6346630375 0.607931615625
1 0.5325599875 0.6171630453125 0.5464210734375 0.5866948265625 0.460099434375 0.5608921078125 0.4523013265625 0.593191453125 0.5325599875 0.6171630453125
1 0.547171628125 0.587302390625 0.564109865625 0.55301606875 0.46953897656250004 0.5263649109374999 0.46050910156249997 0.5613726921875 0.547171628125 0.587302390625
1 0.4520049640625 0.593468334375 0.4607989984375 0.560734803125 0.3741914859375 0.53637778125 0.3704676 0.5709672593749999 0.4520049640625 0.593468334375
1 0.46063555 0.561561371875 0.47075274218749996 0.52654420625 0.376859503125 0.49940307656250005 0.37436630000000004 0.536715575 0.46063555 0.561561371875
1 0.3711083046875 0.5695825625000001 0.37498280781250004 0.5367791796875 0.28726510156249996 0.5121625609375 0.290564628125 0.5470568671875 0.3711083046875 0.5695825625000001
1 0.3728041734375 0.5360533859375 0.376304409375 0.499273278125 0.28292451875 0.47246855 0.2872184765625 0.512298784375 0.3728041734375 0.5360533859375
1 0.28963505624999997 0.54683418125 0.2876926796875 0.51115875625 0.20104439843750002 0.48700789999999994 0.20930563750000003 0.5235417328125 0.28963505624999997 0.54683418125
1 0.2875702515625 0.5117778859375 0.283425 0.47256227656250005 0.189849775 0.44527914687500003 0.200848084375 0.4865299328125 0.2875702515625 0.5117778859375
1 0.20092974375 0.48611696875000004 0.19040486875 0.4454089453125 0.096444475 0.4230061078125 0.1136126890625 0.46481418281250003 0.20092974375 0.48611696875000004
1 0.1127957125 0.46507651250000004 0.12922115 0.500897725 0.20984858750000002 0.5232080046875 0.200024621875 0.48482483906249996 0.1127957125 0.46507651250000004
1 0.1305532796875 0.500663984375 0.1450785578125 0.53548699375 0.2161144 0.555740871875 0.20852581718750002 0.5219327218750001 0.1305532796875 0.500663984375
1 0.2899655484375 0.5462896640625 0.20860595 0.5225592734375 0.2160341421875 0.55511495625 0.2929406140625 0.5776522859375001 0.2899655484375 0.5462896640625
1 0.370683471875 0.5701742546874999 0.2894903203125 0.546633903125 0.292066484375 0.577135659375 0.3687688921875 0.59841963125 0.370683471875 0.5701742546874999
1 0.4508957546875 0.5928281703125 0.3713353015625 0.5713399171875 0.3681940125 0.59960269375 0.44438276875 0.6206061140625 0.4508957546875 0.5928281703125
1 0.5204336671875 0.6431257968749999 0.5327935453125 0.6167150296874999 0.4526605265625 0.5929678765624999 0.444473559375 0.6209615421875 0.5204336671875 0.6431257968749999
1 0.5973912546875 0.661911028125 0.61495646875 0.6370210015625 0.5324895203125 0.616827015625 0.5209375171875 0.6432749015625 0.5973912546875 0.661911028125
1 0.674747140625 0.6811076125 0.6970465625 0.6570210109375 0.6141895921875 0.6367358296875001 0.59798945 0.6619450515625 0.674747140625 0.6811076125
1 0.7501396375 0.6999516171875 0.7781603125000001 0.6799356484375 0.6968515515625 0.6569754125 0.67536000625 0.68109913125 0.7501396375 0.6999516171875
1 0.6544937921875 0.7030922687500001 0.6749134640625 0.6812982921875 0.596957875 0.6620074140625001 0.582410265625 0.68609116875 0.6544937921875 0.7030922687500001
1 0.7222229546875 0.7215097703125 0.750558346875 0.6998977359375 0.675193684375 0.6809084546874999 0.654688803125 0.7031378687500001 0.7222229546875 0.7215097703125
1 0.58229609375 0.686252209375 0.5972350343749999 0.662266615625 0.52002994375 0.6433030125 0.5092849390625 0.6678238999999999 0.58229609375 0.686252209375
1 0.4374928546875 0.6469731140625 0.444331825 0.6206374765625 0.3683945984375 0.59938929375 0.3651501703125 0.626110084375 0.4374928546875 0.6469731140625
1 0.36492647031250003 0.6262095624999999 0.36884199687499997 0.5991903359374999 0.2924631796875 0.5770799625 0.294670078125 0.6059555343749999 0.36492647031250003 0.6262095624999999
1 0.5207702453125 0.6433696015625 0.4440884546875 0.6207323546875 0.437981534375 0.647144634375 0.5095119109375 0.6673051109375 0.5207702453125 0.6433696015625
1 0.2937676359375 0.605627346875 0.29214603281249996 0.5767062234375 0.21620880625 0.555458040625 0.2213735078125 0.5839926875 0.2937676359375 0.605627346875
1 0.1457226453125 0.536546990625 0.156626146875 0.5659681812499999 0.2215633 0.58418685625 0.21659882812500003 0.5555492390625 0.1457226453125 0.536546990625
0 0.031355096875 0.21580323437499999 0.1405407984375 0.573305365625 0.744586790625 0.7418625515625 0.98415138125 0.501986790625 0.9862121109374999 0.44634709531250005 0.0401433875 0.1713598921875 0.031355096875 0.21580323437499999