1 0.2738781328125 0.6655431078125 0.22634910000000003 0.658019365625 0.22546719531249998 0.710704778125 0.27463950000000004 0.725634265625 0.2738781328125 0.6655431078125
1 0.27394141250000004 0.7250559625 0.3259165796875 0.740368409375 0.3262540015625 0.675549325 0.27539115937499997 0.66578995625 0.27394141250000004 0.7250559625
1 0.2742612984375 0.666157659375 0.273547959375 0.605864153125 0.2254910140625 0.6002111015625 0.22740162812500003 0.6578344984375 0.2742612984375 0.666157659375
1 0.27223250781249997 0.6059829031249999 0.2691371609375 0.544365371875 0.2214688125 0.5425576390625 0.22459105625000003 0.6004242328125 0.27223250781249997 0.6059829031249999
1 0.2691318390625 0.5445422343749999 0.26819397968750003 0.48351868906249995 0.2202248421875 0.48371599375 0.2221416359375 0.5422846296875 0.2691318390625 0.5445422343749999
1 0.2673050890625 0.48403239062500003 0.2655011421875 0.4217974171875 0.21879456249999998 0.42582766406249994 0.2204985609375 0.4836594265625 0.2673050890625 0.48403239062500003
1 0.21980881718749998 0.36700734687500003 0.2190717953125 0.4258137890625 0.2653116734375 0.4220881296875 0.2680294453125 0.3606513765625 0.21980881718749998 0.36700734687500003
1 0.26653779218749996 0.360299178125 0.267896840625 0.2994305359375 0.22133016562500002 0.3096243828125 0.21949892656249997 0.3669660203125 0.26653779218749996 0.360299178125
1 0.267864271875 0.298968 0.2693425140625 0.237928571875 0.22053809531250002 0.25307916874999997 0.2212398296875 0.3098700453125 0.267864271875 0.298968
1 0.267864271875 0.298968 0.3204230875 0.288540590625 0.316201484375 0.2233364625 0.26954863125 0.23837130312500002 0.267864271875 0.298968
1 0.267081596875 0.3605494125 0.3184094 0.353063403125 0.3206449640625 0.287658428125 0.26823868281249996 0.2993838484375 0.267081596875 0.3605494125
1 0.26590072343750004 0.4211532765625 0.315751603125 0.4171423359375 0.31801132656250003 0.352764325 0.2672810484375 0.3606986390625 0.26590072343750004 0.4211532765625
1 0.2677461828125 0.4834970390625 0.3190235515625 0.4830998859375 0.316547928125 0.41718740624999995 0.2653462796875 0.42159345468750004 0.2677461828125 0.4834970390625
1 0.27009011875 0.5443184734375001 0.3210669265625 0.5472451140625 0.31921300625 0.48280853749999997 0.2673396953125 0.4835377140625 0.27009011875 0.5443184734375001
1 0.27194821406249997 0.605910115625 0.32360712187499996 0.6121134374999999 0.3213278609375 0.5466626453125001 0.2690280234375 0.544530571875 0.27194821406249997 0.605910115625
1 0.27483324374999996 0.665591075 0.32571279531249997 0.675226571875 0.3225082734375 0.6116038984375 0.2720254046875 0.6056088953125001 0.27483324374999996 0.665591075
1 0.3254933203125 0.74004415 0.3783896296875 0.7544315609375001 0.382494309375 0.687087159375 0.3264361015625 0.675868878125 0.3254933203125 0.74004415
1 0.3262970328125 0.6754258296875 0.383065084375 0.6869177125 0.3794012328125 0.6185398390625 0.32343886875 0.611543953125 0.3262970328125 0.6754258296875
1 0.37924504375 0.6181652828125 0.3778905265625 0.550489846875 0.3209707671875 0.5478324734375 0.32364719375 0.6114482671875 0.37924504375 0.6181652828125
1 0.3761409828125 0.48201384531249997 0.3194566359375 0.48262297500000007 0.32077265312500003 0.54770490625 0.37788313906250004 0.551024371875 0.3761409828125 0.48201384531249997
1 0.319066175 0.4824723015625 0.37665411875 0.4813617734375 0.373508540625 0.41259539843750004 0.3151811671875 0.41770066874999995 0.319066175 0.4824723015625
1 0.3157722203125 0.4173774859375 0.37358047031249997 0.4126607046875 0.3753452 0.343040725 0.318527378125 0.35265201562500004 0.3157722203125 0.4173774859375
1 0.3181129671875 0.35260538124999996 0.3752851953125 0.343388653125 0.3785647359375 0.275365490625 0.3204500640625 0.28879428906250004 0.3181129671875 0.35260538124999996
1 0.3788328234375 0.2756964484375 0.37417406875000003 0.20604103125 0.3166689625 0.222692015625 0.32138060625 0.28861977968749997 0.3788328234375 0.2756964484375
1 0.378528159375 0.27524976875 0.4416082421875 0.26081476718749996 0.4364313828125 0.18624546875 0.37392400625 0.2068406890625 0.378528159375 0.27524976875
1 0.3757118953125 0.3446122859375 0.43871925 0.3342648921875 0.4416173609375 0.2612165046875 0.3786821078125 0.274777796875 0.3757118953125 0.3446122859375
1 0.37498694062500004 0.4125133390625 0.4381228109375 0.4077903 0.439393734375 0.3339155296875 0.3755723609375 0.34384972343750003 0.37498694062500004 0.4125133390625
1 0.3768282046875 0.4818142328125 0.44005069687500004 0.4809073953125 0.437836271875 0.406983003125 0.372843090625 0.41248281562500005 0.3768282046875 0.4818142328125
1 0.3775534578125 0.5502234625 0.4416794484375 0.5537465484374999 0.4389665984375 0.481421496875 0.37652536406250003 0.4813357546875 0.3775534578125 0.5502234625
1 0.3796174734375 0.618605928125 0.443263025 0.6265774234375 0.441796453125 0.5540028015625 0.377349021875 0.5506399828124999 0.3796174734375 0.618605928125
1 0.383310096875 0.6864565812500001 0.4459988265625 0.6992032140625 0.4436263203125 0.62661569375 0.379809184375 0.6190497265625 0.383310096875 0.6864565812500001
1 0.37927386093750004 0.754572715625 0.441389365625 0.7716435984375 0.4457330671875 0.699423465625 0.3834252484375 0.6864442171875 0.37927386093750004 0.754572715625
1 0.4416810953125 0.7721187359374999 0.5111958578125 0.791043328125 0.5179565125 0.7134228375 0.446191921875 0.699221875 0.4416810953125 0.7721187359374999
1 0.5184610828125 0.7134777546875 0.5164962375 0.634918365625 0.4434093453125 0.6264051171875 0.4463330984375 0.6992716203125 0.5184610828125 0.7134777546875
1 0.441751309375 0.5533975171875001 0.4439507 0.62632308125 0.516491775 0.6347591859375 0.51257176875 0.55793815 0.441751309375 0.5533975171875001
1 0.44090845781250004 0.5537705796875 0.5133021890625 0.5581834046874999 0.511153403125 0.47948519375 0.4395610578125 0.48091187968750004 0.44090845781250004 0.5537705796875
1 0.5114677078125001 0.479907825 0.5111324921875 0.40123543125000005 0.43801623906250003 0.40739544843750003 0.4393196265625 0.48078305937500004 0.5114677078125001 0.479907825
1 0.43801315937499996 0.4072598375 0.5116890734374999 0.401786896875 0.512615609375 0.32276140781249996 0.43942564375000004 0.33367603749999997 0.43801315937499996 0.4072598375
1 0.5122318390625 0.323055084375 0.5132004140624999 0.2440492875 0.44109393125 0.2627238390625 0.43962673125 0.33389720624999997 0.5122318390625 0.323055084375
1 0.51343406875 0.24428428593749998 0.5127038390624999 0.164811965625 0.4368555359375 0.18642208124999998 0.4418270140625 0.2616281 0.51343406875 0.24428428593749998
1 0.514231296875 0.2436960875 0.5982173203125 0.2263713046875 0.5988460234375 0.141441553125 0.5135700546875 0.16449587968749999 0.514231296875 0.2436960875
1 0.5109995078125 0.323769471875 0.5952898484375 0.3102041625 0.5982124921875001 0.22615865781250002 0.51254489375 0.24452366875 0.5109995078125 0.323769471875
1 0.5113005125 0.40119645468750004 0.5938008609375001 0.39455202968749997 0.5949984109375 0.30962974062500004 0.5123611953125 0.3237805828125 0.5113005125 0.40119645468750004
1 0.5118529796875 0.4802786390625 0.5935245203124999 0.47911319375000005 0.5929354234375 0.3939675265625 0.5111505265625 0.40143171874999994 0.5118529796875 0.4802786390625
1 0.514579790625 0.55759376875 0.595695034375 0.5629193390625 0.593596121875 0.47890226875 0.511290309375 0.480319 0.514579790625 0.55759376875
1 0.5155713359375 0.6347804515625 0.5985629390625 0.6461511390625 0.5960965859375 0.5628480453125 0.5136405625 0.5576472265625 0.5155713359375 0.6347804515625
1 0.5182011 0.713466415625 0.599626784375 0.7307110171875 0.5984709828125 0.64598880625 0.5170332390625 0.6349062796875 0.5182011 0.713466415625
1 0.511313734375 0.7912257625 0.5943899109374999 0.8144740796875001 0.6009276578125 0.7304361265625 0.518212809375 0.7138701000000001 0.511313734375 0.7912257625
1 0.600069028125 0.730001928125 0.5943543734375 0.8144042 0.6949548546875 0.8430961921875 0.6961025859375 0.7499214328125 0.600069028125 0.730001928125
1 0.6001447843750001 0.7303479703125 0.6961783406250001 0.7502674765624999 0.694876428125 0.6590709796875001 0.598052403125 0.6466186734375 0.6001447843750001 0.7303479703125
1 0.693068115625 0.5684120859374999 0.5965837703125 0.5624361875 0.5990729859374999 0.6467464953125 0.694165928125 0.6590303125 0.693068115625 0.5684120859374999
1 0.5931669390625001 0.47955108125 0.5967952515625 0.56330224375 0.6920956109375 0.5678222390625 0.6925304624999999 0.47708199218749997 0.5931669390625001 0.47955108125
1 0.692135175 0.47671867187499994 0.6911050328125 0.385716346875 0.5921388125 0.3943959828125 0.5937872421875 0.47842255156249996 0.692135175 0.47671867187499994
1 0.690901209375 0.3857860046875 0.6924571234375 0.2946270109375 0.5949046265625 0.3085642359375 0.5927118546875 0.39447605937499997 0.690901209375 0.3857860046875
1 0.6924474703125 0.2945008515625 0.6942411578125001 0.20211305 0.5974488640625 0.226731421875 0.5944263484375 0.3103032484375 0.6924474703125 0.2945008515625
1 0.6943358046875 0.20209466874999998 0.694749415625 0.11045606562500002 0.598106896875 0.1416728859375 0.5987371046875001 0.22646080937500002 0.6943358046875 0.20209466874999998
1 0.693775775 0.20251312656249998 0.8027118453125001 0.1727499828125 0.80273864375 0.071287140625 0.6941223734374999 0.1110632359375 0.693775775 0.20251312656249998
1 0.6927415984375 0.2949321078125 0.7987865890625 0.2735755953125 0.80116249375 0.17292204687499999 0.693870075 0.20262903125 0.6927415984375 0.2949321078125
1 0.69136730625 0.3854546765625 0.7949383984375 0.374318928125 0.79886365625 0.273493315625 0.6926501875 0.29370943125000004 0.69136730625 0.3854546765625
1 0.6917553515625 0.477223709375 0.7971383828125 0.47460482812500004 0.7964015109375 0.373712840625 0.690512984375 0.385397325 0.6917553515625 0.477223709375
1 0.6921071078125001 0.5679547890625 0.797526 0.575104871875 0.7973123046875 0.47441445625 0.6917646578125 0.47834401875 0.6921071078125001 0.5679547890625
1 0.695352253125 0.65920568125 0.800062371875 0.6754401125 0.799339571875 0.575130690625 0.6925270234375 0.5689542875 0.695352253125 0.65920568125
1 0.6953730359375 0.7494527921875 0.8025095421874999 0.772855259375 0.8002937984375 0.6752403734375 0.6945610328125 0.6595724781250001 0.6953730359375 0.7494527921875
1 0.804361090625 0.8728975203125 0.8030626953125 0.77441483125 0.6960958734375 0.749999621875 0.6956242546875 0.8433081171874999 0.804361090625 0.8728975203125
0 0.190064909375 0.7247325140624999 0.8339372640624999 0.92688215 0.8366177984375 0.0557745203125 0.765216921875 0.05101446093749999 0.19671646874999998 0.2304605953125 0.190064909375 0.7247325140624999