1 0.48447702656249997 0.23673375000000002 0.4332581453125 0.259305 0.4788638265625 0.290011875 0.5279782796875 0.268228125 0.48447702656249997 0.23673375000000002
1 0.4799164578125 0.290799375 0.531486215625 0.30917125 0.5816532999999999 0.28555 0.52832915625 0.268490625 0.4799164578125 0.290799375
1 0.5318370921875 0.30890875 0.5883182953125 0.332266875 0.63673099375 0.305234375 0.5809515453125 0.285025 0.5318370921875 0.30890875
1 0.587616540625 0.33279187499999996 0.6476065156249999 0.354838125 0.6984745203125 0.326755625 0.6360292390625 0.304446875 0.587616540625 0.33279187499999996
1 0.6476065156249999 0.354313125 0.7149632421875001 0.38029625 0.763375940625 0.35011375 0.697772765625 0.326755625 0.6476065156249999 0.354313125
1 0.7156649953125 0.38055875 0.7861787796875 0.410478125 0.8352932328125 0.376884375 0.7630250625 0.34985125 0.7156649953125 0.38055875
1 0.7875822890624999 0.40969125 0.8637092734375 0.44144812499999997 0.912822890625 0.40680375 0.8352932328125 0.377409375 0.7875822890624999 0.40969125
1 0.86406015 0.44144812499999997 0.952114453125 0.467955625 0.99772096875 0.4306875 0.91177109375 0.40732875 0.86406015 0.44144812499999997
1 0.8124895578125001 0.47976625000000006 0.901948203125 0.50916125 0.9507117796875001 0.469005625 0.864411028125 0.44197312499999997 0.8124895578125001 0.47976625000000006
1 0.7858279031250001 0.40969125 0.7321528828125 0.44328500000000004 0.8117886375 0.47976625000000006 0.864411028125 0.44171062499999997 0.7858279031250001 0.40969125
1 0.7142614875 0.38003375 0.661989975 0.41021625000000006 0.733556390625 0.44276 0.7858279031250001 0.40969125 0.7142614875 0.38003375
1 0.59568588125 0.383183125 0.661989975 0.410740625 0.7149632421875001 0.38029625 0.6479573937499999 0.355100625 0.59568588125 0.383183125
1 0.5886691734375 0.33279187499999996 0.5332406015625 0.3590375 0.59568588125 0.383708125 0.6479573937499999 0.354838125 0.5886691734375 0.33279187499999996
1 0.5311353390625 0.30864625 0.4767585625 0.334104375 0.5339423562500001 0.358775 0.58902005 0.332529375 0.5311353390625 0.30864625
1 0.47956558125 0.290799375 0.4262414375 0.311533125 0.47851294843750003 0.334104375 0.5311353390625 0.30890875 0.47956558125 0.290799375
1 0.4322055140625 0.259305 0.3774778609375 0.283188125 0.425890559375 0.31205812499999996 0.480267334375 0.290274375 0.4322055140625 0.259305
1 0.3209966578125 0.30654625 0.36940935625 0.33672875 0.4244870515625 0.31205812499999996 0.3774778609375 0.282400625 0.3209966578125 0.30654625
1 0.25890225624999996 0.33541625 0.3080167078125 0.36507375 0.3690584796875 0.33672875 0.32064578125 0.30733375 0.25890225624999996 0.33541625
1 0.044553884375000005 0.41494 0.091212196875 0.455620625 0.16944444375 0.42333875 0.12103174531250001 0.390006875 0.044553884375000005 0.41494
1 0.12173350000000001 0.390006875 0.1701453640625 0.42307625 0.2431152875 0.39341875000000004 0.19540434375 0.363761875 0.12173350000000001 0.390006875
1 0.2592531328125 0.33567874999999997 0.195755221875 0.363499375 0.2410108609375 0.39315625 0.3080167078125 0.36481125 0.2592531328125 0.33567874999999997
1 0.091212196875 0.454308125 0.043852129687500005 0.41494 0 0.42832499999999996 0.0059640765625 0.489215 0.091212196875 0.454308125
1 0.005262321875 0.489215 0.050167084375000004 0.52385875 0.1375196328125 0.487115 0.0905104421875 0.45535812499999995 0.005262321875 0.489215
1 0.1385722640625 0.4868525 0.21996157031250002 0.45220874999999994 0.1701453640625 0.42360125000000004 0.09156307500000001 0.45509562499999995 0.1385722640625 0.4868525
1 0.220663325 0.45220874999999994 0.29187886406249997 0.41861437500000004 0.2427644109375 0.39394375 0.1701453640625 0.42360125000000004 0.220663325 0.45220874999999994
1 0.2915279859375 0.419139375 0.35993734375 0.388695 0.30941938125 0.36559875000000003 0.24241353437500002 0.39394375 0.2915279859375 0.419139375
1 0.35958646562499996 0.388695 0.4199264828125 0.36061187499999997 0.3680058484375 0.33699124999999996 0.3083675859375 0.36507375 0.35958646562499996 0.388695
1 0.420277359375 0.36061187499999997 0.4788638265625 0.333316875 0.4244870515625 0.31205812499999996 0.3676549703125 0.33725375 0.420277359375 0.36061187499999997
1 0.47570676718750005 0.38554499999999997 0.5349941515625 0.3593 0.4767585625 0.333841875 0.4206282375 0.36061187499999997 0.47570676718750005 0.38554499999999997
1 0.47710944062499994 0.38580749999999997 0.53569590625 0.41520250000000003 0.5953350046875 0.383445625 0.533591478125 0.35825 0.47710944062499994 0.38580749999999997
1 0.5378011703125 0.4141525 0.604456140625 0.4445975 0.66093734375 0.410740625 0.5949841265625 0.383183125 0.5378011703125 0.4141525
1 0.6048070171875 0.4451225 0.6770751875000001 0.47950375 0.73390726875 0.44276 0.6612882203125 0.410478125 0.6048070171875 0.4451225
1 0.6770751875000001 0.47897875 0.75635923125 0.5178225000000001 0.8121386796875001 0.48002874999999995 0.732503759375 0.4440725 0.6770751875000001 0.47897875
1 0.7560083546875 0.518609375 0.8440634921875001 0.557715 0.900895571875 0.5094237500000001 0.8117886375 0.47924125 0.7560083546875 0.518609375
1 0.6949665828125 0.562964375 0.7865296578125001 0.607319375 0.8458170421875 0.55824 0.7560083546875 0.518871875 0.6949665828125 0.562964375
1 0.6777769421875 0.47950375 0.613928153125 0.518871875 0.69461570625 0.563751875 0.7567101093749999 0.518871875 0.6777769421875 0.47950375
1 0.6041052625 0.4451225 0.5409582281249999 0.48055375 0.6135772765625 0.5172975 0.6767243109375001 0.47976625000000006 0.6041052625 0.4451225
1 0.47465413593749994 0.44669687500000005 0.5416599828125 0.47950375 0.6051578953125001 0.44486 0.538152046875 0.4141525 0.47465413593749994 0.44669687500000005
1 0.47605764375000004 0.44591000000000003 0.537099415625 0.4146775 0.47710944062499994 0.38607 0.4146641609375 0.41703999999999997 0.47605764375000004 0.44591000000000003
1 0.35993734375 0.389744375 0.4150150375 0.41703999999999997 0.47710944062499994 0.38607 0.420277359375 0.360349375 0.35993734375 0.389744375
1 0.293282371875 0.41887687500000004 0.3462556390625 0.449321875 0.4153659140625 0.4173025 0.35923558906249997 0.388956875 0.293282371875 0.41887687500000004
1 0.21996157031250002 0.45220874999999994 0.272583959375 0.48527812499999995 0.3476583125 0.45063375 0.29187886406249997 0.418089375 0.21996157031250002 0.45220874999999994
1 0.1396248953125 0.48658999999999997 0.192247284375 0.52254625 0.2732857140625 0.48501562500000006 0.21961069375000003 0.45194625000000005 0.1396248953125 0.48658999999999997
1 0.050167084375000004 0.5243837499999999 0.10068421093749999 0.56453875 0.1932999171875 0.52254625 0.137870509375 0.48658999999999997 0.050167084375000004 0.5243837499999999
1 0.10138596562499999 0.56453875 0.1571654140625 0.60889375 0.24872848749999998 0.562701875 0.191194653125 0.5222837499999999 0.10138596562499999 0.56453875
1 0.2483776109375 0.561914375 0.3329248125 0.520446875 0.272583959375 0.4850625 0.1918964078125 0.52311875 0.2483776109375 0.561914375
1 0.331521303125 0.519921875 0.40589390156249994 0.48186625000000005 0.3459047625 0.45037125 0.27293483749999997 0.48501562500000006 0.331521303125 0.519921875
1 0.40659565625000005 0.48107875 0.476408521875 0.44564750000000003 0.41606766874999995 0.41703999999999997 0.3462556390625 0.44984624999999995 0.40659565625000005 0.48107875
1 0.4072974109375 0.48160375 0.470795321875 0.5178225000000001 0.542712615625 0.48029124999999995 0.473601503125 0.4461725 0.4072974109375 0.48160375
1 0.3976399328125 0.563013125 0.47206015 0.519526875 0.40688721875 0.481311875 0.3324678359375 0.520515625 0.3976399328125 0.563013125
1 0.24968086875 0.563013125 0.31397243124999996 0.60814625 0.3967593984375 0.562025 0.33202756875 0.520845 0.24968086875 0.563013125
1 0.1576466171875 0.608805625 0.219296575 0.659209375 0.3144126984375 0.60814625 0.2492406015625 0.562354375 0.1576466171875 0.608805625
1 0.21973684218749998 0.659539375 0.2901938171875 0.7165325 0.3861904765625 0.657891875 0.31265162968750004 0.6078168749999999 0.21973684218749998 0.659539375
1 0.38595238125 0.657933125 0.47052130312499996 0.607683125 0.397436925 0.561599375 0.3135647453125 0.608464375 0.38595238125 0.657933125
1 0.47052130312499996 0.6074231250000001 0.5467368421875001 0.5602975 0.4722606515625 0.51994125 0.398481203125 0.562640625 0.47052130312499996 0.6074231250000001
1 0.5460409359375 0.5608181250000001 0.61460066875 0.51785875 0.54256056875 0.48036687499999997 0.47086883906250004 0.51968125 0.5460409359375 0.5608181250000001
1 0.54778111875 0.5602975 0.6281729328125001 0.609245625 0.6939490390625 0.5631612500000001 0.6142522968749999 0.5183793750000001 0.54778111875 0.5602975
1 0.6281729328125001 0.609245625 0.7183099421875 0.6550687500000001 0.784433584375 0.6069025 0.694296575 0.56290125 0.6281729328125001 0.609245625
1 0.47017293281250006 0.60820375 0.5526533 0.6607968750000001 0.6274770265625 0.608985 0.5467368421875001 0.5597768750000001 0.47017293281250006 0.60820375
1 0.38699665781250003 0.65845375 0.46878111875000006 0.717295625 0.5512614874999999 0.66027625 0.47121720937499995 0.608464375 0.38699665781250003 0.65845375
1 0.29059565625 0.71599375 0.37168337500000004 0.7816150000000001 0.467388471875 0.718086875 0.385256475 0.6574225 0.29059565625 0.71599375
1 0.37168337500000004 0.782125625 0.463212196875 0.8526831250000001 0.5582213874999999 0.77743875 0.46878111875000006 0.71781625 0.37168337500000004 0.782125625
1 0.55334920625 0.66027625 0.6448780281250001 0.710265625 0.717614034375 0.65480875 0.627129490625 0.610286875 0.55334920625 0.66027625
1 0.4698245609375 0.7185975 0.5585697578125 0.7766575 0.6434862156250001 0.71052625 0.554393484375 0.66027625 0.4698245609375 0.7185975
0 0.999164578125 0.43407625000000005 0.4866449453125 0.22360625 0 0.44402375000000005 0.4550409359375 0.9001831250000001 0.999164578125 0.43407625000000005