1 0.26600250000000003 0.31466666718749997 0.3282725 0.3227869671875 0.33564937499999997 0.26826399375 0.274898125 0.26536424375 0.26600250000000003 0.31466666718749997
1 0.39379624999999996 0.2720342515625 0.33564937499999997 0.2688446109375 0.32675375 0.323076859375 0.38924 0.32655722656249997 0.39379624999999996 0.2720342515625
1 0.38989124999999997 0.32597744375 0.44955749999999994 0.3282974109375 0.45042499999999996 0.27406432812500003 0.39401375 0.2717443609375 0.38989124999999997 0.32597744375
1 0.44977437499999995 0.3285873015625 0.50890125 0.32867418593750003 0.508266875 0.27590893906249997 0.45064187499999997 0.27406432812500003 0.44977437499999995 0.3285873015625
1 0.5092181250000001 0.3282506265625 0.569461875 0.3263433578125 0.565023125 0.2750609859375 0.50810875 0.2752731828125 0.5092181250000001 0.3282506265625
1 0.56930375 0.32655555625 0.6295474999999999 0.325071846875 0.6219375 0.27294152031249996 0.5645475 0.2742130328125 0.56930375 0.32655555625
1 0.62938875 0.32528404375000003 0.689156875 0.32549624062500004 0.6793275000000001 0.2731537171875 0.622254375 0.2735772765625 0.62938875 0.32528404375000003
1 0.688364375 0.32655555625 0.74718125 0.3121453640625 0.734498125 0.2576842109375 0.678851875 0.2735772765625 0.688364375 0.32655555625
1 0.689156875 0.3271913109375 0.699461875 0.38207602343749997 0.76176625 0.36851378437500004 0.74734 0.3112982453125 0.689156875 0.3271913109375
1 0.637156875 0.37995739375 0.69962 0.3818646609375 0.688998125 0.3257076015625 0.629071875 0.324860484375 0.637156875 0.37995739375
1 0.56930375 0.3263433578125 0.5732668750000001 0.3814402671875 0.636364375 0.38059315 0.628754375 0.32464828749999997 0.56930375 0.3263433578125
1 0.5092181250000001 0.3282506265625 0.510486875 0.38440768593749997 0.5737425 0.3825004171875 0.569145 0.3263433578125 0.5092181250000001 0.3282506265625
1 0.44945 0.3284628234375 0.44754750000000004 0.3848312453125 0.5109625 0.3839832921875 0.5092181250000001 0.32867418593750003 0.44945 0.3284628234375
1 0.389048125 0.3259198 0.38381625 0.3829239765625 0.447230625 0.38440768593749997 0.44960875 0.32867418593750003 0.389048125 0.3259198
1 0.32832875 0.323588971875 0.3197675 0.3795329984375 0.38349937500000003 0.3822882203125 0.38841375 0.326131996875 0.32832875 0.323588971875
1 0.265706875 0.314900584375 0.254291875 0.37063324999999997 0.31992625 0.37932163750000003 0.32801125 0.3223174609375 0.265706875 0.314900584375
1 0.25460937499999997 0.37063324999999997 0.241291875 0.43208771874999996 0.30978 0.44289473749999997 0.31960875 0.37868588124999997 0.25460937499999997 0.37063324999999997
1 0.30978 0.44289473749999997 0.3782675 0.44501420156249993 0.38349937500000003 0.3829239765625 0.319133125 0.379109440625 0.30978 0.44289473749999997
1 0.377791875 0.44501420156249993 0.445169375 0.44480200468750003 0.446755 0.3829239765625 0.383975 0.3822882203125 0.377791875 0.44501420156249993
1 0.445169375 0.44480200468750003 0.51159625 0.4460735171875 0.510645 0.3837719296875 0.44691375000000005 0.3841954890625 0.445169375 0.44480200468750003
1 0.51159625 0.44586132031250003 0.5788156250000001 0.4452255640625 0.5734256249999999 0.3818646609375 0.510328125 0.3837719296875 0.51159625 0.44586132031250003
1 0.578656875 0.44501420156249993 0.645400625 0.44543776093750004 0.6368400000000001 0.38059315 0.573108125 0.3814402671875 0.578656875 0.44501420156249993
1 0.6452424999999999 0.4445898078125 0.710559375 0.4462857140625 0.69962 0.3822882203125 0.6368400000000001 0.38059315 0.6452424999999999 0.4445898078125
1 0.71087625 0.4471328328125 0.77777875 0.43293483750000006 0.761290625 0.36830242343749997 0.69898625 0.3825004171875 0.71087625 0.4471328328125
1 0.72387625 0.5181236421875 0.792839375 0.49989891406250003 0.77762 0.43229908124999994 0.710559375 0.4467092734375 0.72387625 0.5181236421875
1 0.6449256250000001 0.4452255640625 0.654120625 0.5170634921875 0.723718125 0.5179114453125 0.710559375 0.44543776093750004 0.6449256250000001 0.4452255640625
1 0.578974375 0.44480200468750003 0.5840474999999999 0.5162163750000001 0.653961875 0.5170634921875 0.644608125 0.4452255640625 0.578974375 0.44480200468750003
1 0.51159625 0.44586132031250003 0.513181875 0.5172756890625 0.5837306250000001 0.5164277359375 0.578656875 0.44416624843749997 0.51159625 0.44586132031250003
1 0.445169375 0.44437844687499994 0.442791875 0.5164277359375 0.513815625 0.5170634921875 0.511913125 0.4452255640625 0.445169375 0.44437844687499994
1 0.377791875 0.44501420156249993 0.3717675 0.5160041765625001 0.443425625 0.5170634921875 0.445169375 0.44437844687499994 0.377791875 0.44501420156249993
1 0.309938125 0.44289473749999997 0.299158125 0.51430910625 0.37160875 0.5153684203125 0.377475 0.44437844687499994 0.309938125 0.44289473749999997
1 0.24113375 0.43251127812499995 0.22623125000000002 0.503289890625 0.30042625 0.51367335 0.30946250000000003 0.44289473749999997 0.24113375 0.43251127812499995
1 0.29963375000000003 0.513885546875 0.22623125000000002 0.5041370093750001 0.209901875 0.5861470343749999 0.287109375 0.592928153125 0.29963375000000003 0.513885546875
1 0.29963375000000003 0.51367335 0.287585 0.5922923984375 0.36431625 0.5948354218749999 0.37208437499999997 0.5149448624999999 0.29963375000000003 0.51367335
1 0.37160875 0.5157919796875 0.3641575 0.5948354218749999 0.44041375 0.5956825390625 0.44263312499999996 0.5160041765625001 0.37160875 0.5157919796875
1 0.44025499999999995 0.5961069343750001 0.515084375 0.5975898078124999 0.51334 0.5162163750000001 0.44263312499999996 0.5166399328125 0.44025499999999995 0.5961069343750001
1 0.51556 0.5965304921875 0.5905475 0.596742690625 0.5837306250000001 0.5162163750000001 0.51334 0.5170634921875 0.51556 0.5965304921875
1 0.590705625 0.5969540515625 0.665218125 0.5965304921875 0.654120625 0.5162163750000001 0.5832550000000001 0.5166399328125 0.590705625 0.5969540515625
1 0.665059375 0.5961069343750001 0.73877875 0.5971662484375 0.724035 0.5183350046874999 0.654120625 0.5160041765625001 0.665059375 0.5961069343750001
1 0.73877875 0.5971662484375 0.812339375 0.5783066 0.79268125 0.500390978125 0.72308375 0.5186148703125 0.73877875 0.5971662484375
1 0.7386199999999999 0.5978020046875 0.756535 0.6861687546875 0.834851875 0.6694277359374999 0.8120225 0.5787301593749999 0.7386199999999999 0.5978020046875
1 0.664900625 0.5963182953125 0.677266875 0.686380953125 0.756851875 0.685745196875 0.738144375 0.597378446875 0.664900625 0.5963182953125
1 0.59038875 0.597378446875 0.59768125 0.6853216375 0.6777425 0.68468588125 0.66458375 0.5963182953125 0.59038875 0.597378446875
1 0.5152425 0.5969540515625 0.517620625 0.6855329984375 0.597364375 0.6861687546875 0.589913125 0.5971662484375 0.5152425 0.5969540515625
1 0.44009625 0.5958947375 0.43692562500000004 0.683202171875 0.5179375 0.6815071015624999 0.51540125 0.5971662484375 0.44009625 0.5958947375
1 0.36431625 0.595046784375 0.35623062499999997 0.683837928125 0.43740125 0.683202171875 0.44025499999999995 0.5958947375 0.36431625 0.595046784375
1 0.28742625 0.5931403515625 0.274109375 0.682566415625 0.35591375 0.6827786125 0.36431625 0.595046784375 0.28742625 0.5931403515625
1 0.27363375 0.682566415625 0.2872675 0.592928153125 0.207999375 0.5903851296875 0.189768125 0.6817192984375 0.27363375 0.682566415625
1 0.189609375 0.6817192984375 0.16662125 0.782164578125 0.25667 0.783436090625 0.2742675 0.6823550546875 0.189609375 0.6817192984375
1 0.25682875 0.78301253125 0.346084375 0.783224728125 0.355755 0.6834143687500001 0.27331625000000004 0.682566415625 0.25682875 0.78301253125
1 0.34592625 0.782376775 0.43359625 0.7836482874999999 0.43676750000000003 0.6829908109375 0.355596875 0.6829908109375 0.34592625 0.782376775
1 0.433755 0.78301253125 0.52110875 0.781953215625 0.517779375 0.6842614874999999 0.43676750000000003 0.682566415625 0.433755 0.78301253125
1 0.5174624999999999 0.6842614874999999 0.52079125 0.782376775 0.607510625 0.78174101875 0.597523125 0.6855329984375 0.5174624999999999 0.6842614874999999
1 0.5978399999999999 0.6853216375 0.607669375 0.782800334375 0.693595625 0.7836482874999999 0.677108125 0.685109440625 0.5978399999999999 0.6853216375
1 0.6775837499999999 0.6859573937500001 0.6932787499999999 0.783860484375 0.7784125000000001 0.785767753125 0.75637625 0.6855329984375 0.6775837499999999 0.6859573937500001
1 0.756535 0.6859573937500001 0.777303125 0.7861913109375 0.863499375 0.77432414375 0.8350099999999999 0.6696399328125 0.756535 0.6859573937500001
1 0.778095625 0.7861913109375 0.8044125 0.8991403515625 0.89747375 0.8953258140625 0.8640224999999999 0.7736883875 0.778095625 0.7861913109375
1 0.6934375 0.784496240625 0.712303125 0.8959615703124999 0.805046875 0.8980802000000001 0.778095625 0.7874628234375 0.6934375 0.784496240625
1 0.607669375 0.782376775 0.619718125 0.8938421046875 0.71262 0.8951136171874999 0.6934375 0.7836482874999999 0.607669375 0.782376775
1 0.52110875 0.782376775 0.52459625 0.8949014203125 0.61940125 0.8944778609374999 0.607669375 0.782164578125 0.52110875 0.782376775
1 0.433755 0.7836482874999999 0.428681875 0.8949014203125 0.52459625 0.8944778609374999 0.5204743749999999 0.782376775 0.433755 0.7836482874999999
1 0.16693875 0.782800334375 0.136499375 0.8887560562499999 0.23653624999999998 0.8995639093750001 0.25698750000000004 0.7836482874999999 0.16693875 0.782800334375
1 0.25682875 0.7836482874999999 0.235901875 0.8989281531250001 0.333243125 0.8978688390625 0.34560875 0.78301253125 0.25682875 0.7836482874999999
1 0.346243125 0.782800334375 0.3327675 0.8974444437500001 0.42915749999999997 0.8953258140625 0.433438125 0.783224728125 0.346243125 0.782800334375
0 0.74675 0.23090476249999997 0.26250625 0.23685296562499997 0.10207375 0.9071236421875 0.93418875 0.9248521296875 0.74675 0.23090476249999997