1 0.755654115625 0.7766807578125 0.7476270031250001 0.7135804375 0.6918617453125 0.7224232296875 0.70541254375 0.786990259375 0.755654115625 0.7766807578125
1 0.6829166375 0.6591168046875 0.69168771875 0.7240084999999999 0.747026653125 0.7135929296875 0.7389153796875 0.6532066015625 0.6829166375 0.6591168046875
1 0.7391971203125001 0.6529742296875 0.7321287453124999 0.5943737078125 0.6761244015625001 0.596442503125 0.6834622140625 0.6584272296875 0.7391971203125001 0.6529742296875
1 0.73211079375 0.594148225 0.7254334578125 0.5342755453125 0.6708225125 0.5347512703125 0.67580670625 0.5962232578125 0.73211079375 0.594148225
1 0.726103909375 0.5344262703125 0.7216121046875 0.47524817031250005 0.6682195125 0.471736603125 0.671234234375 0.5344127046875 0.726103909375 0.5344262703125
1 0.7225282453124999 0.4757244296875 0.7190923859375 0.416029034375 0.6645605156250001 0.40923858125 0.6680131921875 0.4719055703125 0.7225282453124999 0.4757244296875
1 0.71840879375 0.4157132609375 0.7141223953125 0.3563655640625 0.6591874015625 0.34727220625 0.664354246875 0.4094082015625 0.71840879375 0.4157132609375
1 0.7137238109374999 0.3568691796875 0.72555075 0.2986721578125 0.668188903125 0.28665735937500003 0.6581576874999999 0.3481189546875 0.7137238109374999 0.3568691796875
1 0.66905166875 0.28647408125 0.6086975375 0.2727062265625 0.599831778125 0.337775509375 0.657434725 0.34730867499999996 0.66905166875 0.28647408125
1 0.6648184328125 0.409728540625 0.6589819984374999 0.34744180468749997 0.600037234375 0.3376065625 0.6071798421875 0.40250806250000004 0.6648184328125 0.409728540625
1 0.665064121875 0.41005407812500005 0.60658808125 0.40334569687500005 0.61093520625 0.46896601406249994 0.6682326015625 0.47190100468749996 0.665064121875 0.41005407812500005
1 0.6682457421875 0.47206605625 0.6097996578125 0.468494321875 0.6130636953125 0.5343018500000001 0.671234234375 0.5344127046875 0.6682457421875 0.47206605625
1 0.67079628125 0.5344218171875 0.6134631421875001 0.5337982125 0.6178356875000001 0.599748653125 0.6759622640625 0.5965578296875 0.67079628125 0.5344218171875
1 0.675730578125 0.5963973265625 0.6182998703125 0.600068990625 0.625083265625 0.6659686125000001 0.683591609375 0.65930258125 0.675730578125 0.5963973265625
1 0.6834247140625 0.6599667046875 0.6257668578125 0.6662843875 0.633891259375 0.7324867546875 0.691027828125 0.7223820015625 0.6834247140625 0.6599667046875
1 0.6923688328125001 0.7226847484375 0.6340966640625 0.7323171562499999 0.6485133515625 0.800369884375 0.705195146875 0.7873026515625 0.6923688328125001 0.7226847484375
1 0.6347803062499999 0.73263358125 0.569202959375 0.7442339687499999 0.5860464984375 0.815208140625 0.64848706875 0.80003978125 0.6347803062499999 0.73263358125
1 0.6343817265625 0.7331371984375 0.6251094968750001 0.666298065625 0.5613422609375001 0.673073528125 0.569202959375 0.7442339687499999 0.6343817265625 0.7331371984375
1 0.6257274875000001 0.6657898828125 0.6198733734374999 0.6005315734375001 0.5560237203125 0.603511484375 0.56138163125 0.6735680328125 0.6257274875000001 0.6657898828125
1 0.618545509375 0.6003938796875 0.61370796875 0.5341237703124999 0.5492103671875 0.5344752203125 0.5560237203125 0.603511484375 0.618545509375 0.6003938796875
1 0.6137341984375 0.5344532234375 0.6104832484375 0.46881009531249995 0.5445229046875 0.464569396875 0.549429775 0.5344706546875 0.6137341984375 0.5344532234375
1 0.6109483499999999 0.4691310671875 0.6065487093749999 0.40285119375 0.5387917765625 0.3953459390625 0.544754590625 0.46472990000000003 0.6109483499999999 0.4691310671875
1 0.6065487093749999 0.40285119375 0.5995992796875 0.337615675 0.5325213484375 0.327619021875 0.5396816359375001 0.39549209375 0.6065487093749999 0.40285119375
1 0.5994323328125 0.338279146875 0.608955453125 0.2731961828125 0.5407617124999999 0.25744418750000003 0.5316192109375 0.32730779375 0.5994323328125 0.338279146875
1 0.5320833953124999 0.327628134375 0.541432215625 0.25759556093749997 0.47027523593750004 0.243226525 0.45713972812500003 0.3153191875 0.5320833953124999 0.327628134375
1 0.53339811875 0.327600778125 0.45737222656250004 0.3154790234375 0.46401008125 0.3878208828125 0.5390505046875 0.3958352265625 0.53339811875 0.327600778125
1 0.5390767859375 0.39616532968749996 0.46402322187499995 0.3879859328125 0.47068644531250003 0.4606572625 0.54494771875 0.46439523281249995 0.5390767859375 0.39616532968749996
1 0.5456313609375 0.46471165625 0.4704941296875 0.46099126406249996 0.4754571875 0.53435861875 0.549429775 0.5344706546875 0.5456313609375 0.46471165625
1 0.5500609062499999 0.5341275234375 0.4756241359375 0.533695146875 0.48216064375 0.6075244343749999 0.556461671875 0.603502371875 0.5500609062499999 0.5341275234375
1 0.556461671875 0.603502371875 0.48145082187500005 0.6068792078125 0.488477796875 0.6813589375 0.56138163125 0.6735680328125 0.556461671875 0.603502371875
1 0.5620652234375 0.6738838078125 0.4891483 0.681510309375 0.4962408734375 0.756813996875 0.56918986875 0.7440695671875 0.5620652234375 0.6738838078125
1 0.569229240625 0.744564071875 0.49679326250000005 0.7554818562500001 0.51367125 0.8323985453124999 0.5856216359374999 0.8153816562499999 0.569229240625 0.744564071875
1 0.415947378125 0.771032553125 0.42934996875 0.8511588250000001 0.5127953421875 0.8324167703124999 0.49663945624999994 0.7563103796874999 0.415947378125 0.771032553125
1 0.48954688125 0.6810066921875 0.4075843234375 0.6908020640625 0.41656536875 0.7705243687500001 0.49685886406249996 0.7563058140625001 0.48954688125 0.6810066921875
1 0.4826117390625 0.607680371875 0.40040928124999997 0.611702178125 0.40759746406249997 0.6909671140625 0.4887103453125 0.6815194234375 0.4826117390625 0.607680371875
1 0.4819543765625 0.6076940515625 0.47653941250000004 0.5341714265624999 0.39225616875 0.5341086140625 0.3999836046875 0.611876359375 0.4819543765625 0.6076940515625
1 0.47566350625 0.5341896515625 0.47071267499999997 0.460986715625 0.38688544999999996 0.45563182968750005 0.3933121125 0.53359131875 0.47566350625 0.5341896515625
1 0.47031409375 0.461490334375 0.46488598750000004 0.3878026546875 0.380923834375 0.3779926640625 0.38665381718749997 0.45547197500000003 0.47031409375 0.461490334375
1 0.465105396875 0.387798090625 0.45690804218750003 0.31515868281250004 0.3741773296875 0.30152580156250003 0.38137492812499996 0.378148603125 0.465105396875 0.387798090625
1 0.45669740625 0.31615371406250004 0.46977953906250003 0.24340151250000003 0.38758876875000003 0.2246394859375 0.3741773296875 0.30152580156250003 0.45669740625 0.31615371406250004
1 0.38717704375 0.224978053125 0.2915074265625 0.20319390781250002 0.2806803265625 0.2849796859375 0.373533109375 0.301704534375 0.38717704375 0.224978053125
1 0.3740104328125 0.3021899265625 0.28109205 0.28464111875000003 0.2870225125 0.36739884375 0.381169525 0.3783182015625 0.3740104328125 0.3021899265625
1 0.3811957546875 0.37864765624999996 0.28873581718749997 0.36686786875 0.2947057 0.45012074843749994 0.3862412296875 0.45581056093749994 0.3811957546875 0.37864765624999996
1 0.3865000078125 0.4563004984375 0.2938560234375 0.45046842812500004 0.30111435000000003 0.533363846875 0.39290044218750003 0.533930534375 0.3865000078125 0.4563004984375
1 0.3926678921875 0.533770046875 0.3052508375 0.5329477734375 0.3102040953125 0.617211803125 0.400216153125 0.6120368453125 0.3926678921875 0.533770046875
1 0.4002030125 0.61187179375 0.3101647234375 0.6167172984375 0.3162264390625 0.7011235890624999 0.4073657796875 0.6908066109375001 0.4002030125 0.61187179375
1 0.4073657796875 0.6908066109375001 0.3173479828125 0.70143025 0.324338928125 0.7864772 0.415701740625 0.770707665625 0.4073657796875 0.6908066109375001
1 0.33219636874999997 0.8741480656249999 0.42512532812500003 0.8532280296874999 0.4159342890625 0.77086815 0.3243783 0.78697170625 0.33219636874999997 0.8741480656249999
1 0.324544384375 0.7863082515625 0.22148485624999997 0.8067790921875 0.2302535625 0.9003748796875 0.332209509375 0.8743131171874999 0.324544384375 0.7863082515625
1 0.3244045828125 0.7873018078125 0.3167037625 0.7016089812499999 0.2143019296875 0.7138109578125 0.22190966875 0.8066049296875001 0.3244045828125 0.7873018078125
1 0.31715480625 0.7017642687500001 0.310435728125 0.6173716578125 0.2066199890625 0.6228345 0.215191790625 0.713957115625 0.31715480625 0.7017642687500001
1 0.31087454531250003 0.617362525 0.3024159328125 0.5331714359374999 0.2011286265625 0.5318118109375 0.20726421093749997 0.6226557703125 0.31087454531250003 0.617362525
1 0.29450024531249996 0.450289696875 0.1941959296875 0.44197573593749995 0.2007169546875 0.5321510265625 0.3024421625 0.533500890625 0.29450024531249996 0.450289696875
1 0.2883503765625 0.3675365390625 0.1850979703125 0.3525147125 0.1930874734375 0.441833475 0.294692559375 0.44995569687500003 0.2883503765625 0.3675365390625
1 0.28135082968749997 0.28513105781250003 0.175885571875 0.2643767203125 0.184904790625 0.3528487328125 0.287434234375 0.367060278125 0.28135082968749997 0.28513105781250003
1 0.291274928125 0.20303407187500003 0.18067483125 0.1756661921875 0.17553944999999999 0.26553924375000004 0.28089887187499996 0.2849751390625 0.291274928125 0.20303407187500003
1 0.181288890625 0.175108621875 0.0527487046875 0.14294666875 0.056507884375 0.2397839640625 0.1754738484375 0.2647152875 0.181288890625 0.175108621875
1 0.174159125 0.26474264375 0.057551551562500004 0.23910159687500002 0.0674192484375 0.335481134375 0.1842342890625 0.352697359375 0.174159125 0.26474264375
1 0.185111059375 0.352679115625 0.0682697890625 0.3351334359375 0.0772746703125 0.4316956 0.193525428125 0.4418243609375 0.185111059375 0.352679115625
1 0.193744834375 0.44181979531250004 0.0766435390625 0.43203873125000003 0.08405327500000001 0.5306160328125 0.20069067343749997 0.5318209234375 0.193744834375 0.44181979531250004
1 0.2007431859375 0.5324804796875 0.0844912296875 0.5306069203125 0.0919928 0.6303376328125 0.20660684843750002 0.62266945 0.2007431859375 0.5324804796875
1 0.22123916718749997 0.8064535562499999 0.10307713437499999 0.8302106 0.12253305625 0.9339858015625 0.22956991875 0.90005845625 0.22123916718749997 0.8064535562499999
1 0.214560709375 0.7143008984375 0.09682468749999999 0.7296285734375 0.10378700781250001 0.8308564781250001 0.2212523078125 0.80661860625 0.214560709375 0.7143008984375
1 0.20707103125 0.6229897890625 0.09151461093749999 0.629852259375 0.097302875 0.7301139453125 0.21472760625 0.713636775 0.20707103125 0.6229897890625
0 0.01917979375 0.10540958281249999 0.10639091875 0.9701731062500001 0.7861600937500001 0.7889510765625001 0.7522261046875001 0.28535778125 0.01917979375 0.10540958281249999