1 0.91320885625 0.27295375 0.9169456968749999 0.20276375 0.8301319968750001 0.195840625 0.83097995 0.266924375 0.91320885625 0.27295375
1 0.8320609859375001 0.267315 0.8335229734375 0.34023 0.9174477859374999 0.343720625 0.912785296875 0.27358875 0.8320609859375001 0.267315
1 0.749010025 0.33426374999999997 0.8349055968749999 0.33936125 0.8326148703125 0.26712875 0.7473375109375 0.260458125 0.749010025 0.33426374999999997
1 0.7447919796875 0.18496437500000001 0.7467694234375 0.26050062500000004 0.8321060984375 0.26710687499999997 0.8310877187499999 0.1956375 0.7447919796875 0.18496437500000001
1 0.6564427734375 0.252126875 0.7465572265625 0.260321875 0.74528404375 0.18504 0.6569515453125 0.174558125 0.6564427734375 0.252126875
1 0.561431078125 0.242959375 0.6566365921874999 0.25210750000000004 0.6561278203125 0.17492000000000002 0.5596491234375 0.161579375 0.561431078125 0.242959375
1 0.6568546359375 0.25190875 0.658619046875 0.328815625 0.7500058484375 0.3343425 0.746950709375 0.260014375 0.6568546359375 0.25190875
1 0.46021553906249996 0.14961249999999998 0.459762740625 0.23283749999999998 0.5613350046875001 0.242310625 0.5595772765625 0.1623175 0.46021553906249996 0.14961249999999998
1 0.34767585625 0.13398875 0.3476466171875 0.22073375 0.45905931562499996 0.23283749999999998 0.4587084375 0.14942375000000002 0.34767585625 0.13398875
1 0.2294126984375 0.117786875 0.2281829578125 0.206524375 0.3483826234375 0.22073375 0.3480309109375 0.1333725 0.2294126984375 0.117786875
1 0.0997794484375 0.09550875 0.0975672515625 0.188955 0.2279590640625 0.206848125 0.2283107765625 0.11685625 0.0997794484375 0.09550875
1 0.098232246875 0.18867125 0.0969891390625 0.283955625 0.2284352546875 0.29658625 0.2280835421875 0.20738374999999998 0.098232246875 0.18867125
1 0.2277886375 0.29601125 0.35004093593749996 0.3063225 0.3486349203125 0.2194875 0.227380953125 0.2068575 0.2277886375 0.29601125
1 0.458722640625 0.23283312500000003 0.3491779453125 0.220640625 0.34821470312499997 0.30671312500000003 0.45973600625 0.314809375 0.458722640625 0.23283312500000003
1 0.45887719374999997 0.23260312500000002 0.45973600625 0.31506249999999997 0.5641604015625 0.322146875 0.561795321875 0.24194125 0.45887719374999997 0.23260312500000002
1 0.56225396875 0.24289624999999998 0.5628663328125 0.32172999999999996 0.6595179609375 0.32856125 0.6564761906250001 0.251645 0.56225396875 0.24289624999999998
1 0.09742940624999999 0.28434750000000003 0.09530910625 0.379570625 0.229134503125 0.38716125 0.228458646875 0.29582312499999996 0.09742940624999999 0.28434750000000003
1 0.34974686718750003 0.39284375 0.34880618281250003 0.30576875000000003 0.2284252296875 0.29619249999999997 0.2284252296875 0.3872775 0.34974686718750003 0.39284375
1 0.46075856249999997 0.397818125 0.46008270625 0.31533500000000003 0.348561403125 0.305215 0.349913115625 0.392251875 0.46075856249999997 0.397818125
1 0.45999248125000003 0.314393125 0.46134920625 0.397613125 0.5650985796875 0.40166124999999997 0.563408521875 0.32145562499999997 0.45999248125000003 0.314393125
1 0.56336925625 0.32162625 0.56430409375 0.402084375 0.660955721875 0.405626875 0.658928153125 0.32845749999999996 0.56336925625 0.32162625
1 0.7494970765625 0.33402375 0.65930910625 0.32913749999999997 0.65994235625 0.405120625 0.7522005015625 0.408915625 0.7494970765625 0.33402375
1 0.74929908125 0.334423125 0.7518629906250001 0.408663125 0.8377000828125001 0.412205 0.8346591484375001 0.33908375 0.74929908125 0.334423125
1 0.8374294062500001 0.41204062500000005 0.9213274859375 0.414631875 0.9169340015625 0.34277625 0.8341378453124999 0.33923375 0.8374294062500001 0.41204062500000005
1 0.7516675015625001 0.409356875 0.7540334171875 0.48500812499999996 0.8395329984375 0.485260625 0.8375054296875 0.41163375 0.7516675015625001 0.409356875
1 0.8378020046874999 0.41204062500000005 0.84020885625 0.48551374999999997 0.9230050125 0.48551374999999997 0.9203015875 0.414416875 0.8378020046874999 0.41204062500000005
1 0.75376106875 0.48464999999999997 0.7574126984375 0.561165 0.8432506265624999 0.55939375 0.8395329984375 0.48551374999999997 0.75376106875 0.48464999999999997
1 0.84020885625 0.48627312500000003 0.842236425 0.558888125 0.9257084375 0.5581287500000001 0.9226675015625 0.48500812499999996 0.84020885625 0.48627312500000003
1 0.6615421890625 0.405985 0.6622180453125 0.48416625 0.7541386796875 0.484671875 0.7521111109375 0.40851499999999996 0.6615421890625 0.405985
1 0.5648571421875 0.40230375 0.565566415625 0.48290125 0.6615421890625 0.48366 0.6608663328125 0.40547875 0.5648571421875 0.40230375
1 0.4618512953125 0.397574375 0.46154720156250006 0.48186125 0.5656340859375 0.48287375 0.5642815375 0.402161875 0.4618512953125 0.397574375
1 0.66302756875 0.483536875 0.6656616546875 0.5636099999999999 0.7569064328125 0.561333125 0.7531888046875 0.48441687499999997 0.66302756875 0.483536875
1 0.56634419375 0.48325874999999996 0.5669816203125 0.564369375 0.6666750203125 0.56285125 0.6626198828125001 0.48365749999999996 0.56634419375 0.48325874999999996
1 0.4618512953125 0.48159 0.4611403515625 0.5659125 0.56725396875 0.56414125 0.5662406015625 0.482670625 0.4618512953125 0.48159
1 0.34992230625 0.479920625 0.34961821249999997 0.5686956249999999 0.4614778609375 0.56641875 0.4618162078125 0.4809 0.34992230625 0.479920625
1 0.3495497078125 0.392566875 0.3506324140625 0.48039375 0.4624920640625 0.48165874999999997 0.4618162078125 0.397151875 0.3495497078125 0.392566875
1 0.2289565578125 0.387335 0.2282807015625 0.478673125 0.3509540515625 0.480444375 0.34926482812500004 0.392141875 0.2289565578125 0.387335
1 0.22832414375 0.47825125 0.22726733437500002 0.571023125 0.34994068437500003 0.5682400000000001 0.3502781953125 0.48019125 0.22832414375 0.47825125
1 0.0955697578125 0.37949125 0.093491228125 0.47673125 0.227316625 0.479261875 0.2283308265625 0.386405625 0.0955697578125 0.37949125
1 0.0948262328125 0.47713875000000006 0.09484294062500001 0.5746481250000001 0.22799248125 0.5711056250000001 0.2283308265625 0.47875562499999996 0.0948262328125 0.47713875000000006
1 0.09519799531249999 0.574785625 0.09190643281250001 0.6717187499999999 0.22674603124999998 0.663875625 0.22742188749999998 0.5715250000000001 0.09519799531249999 0.574785625
1 0.22572096875 0.662974375 0.348513784375 0.65661375 0.34952715156249997 0.56805875 0.226516290625 0.57058875 0.22572096875 0.662974375
1 0.46101754375 0.65180625 0.4616934 0.566540625 0.34848203906249997 0.5688175 0.3478061828125 0.65686625 0.46101754375 0.65180625
1 0.5664695078124999 0.647740625 0.5675472015625 0.5645800000000001 0.461875521875 0.5664724999999999 0.46115622343749996 0.6523156250000001 0.5664695078124999 0.647740625
1 0.5663609015625 0.646835625 0.66423391875 0.6420893750000001 0.664593984375 0.562974375 0.5664695078124999 0.56458875 0.5663609015625 0.646835625
1 0.7552656640625 0.637929375 0.75699248125 0.56162125 0.6646892234374999 0.56258125 0.6625321640624999 0.641965625 0.7552656640625 0.637929375
1 0.8433258140625 0.55989 0.75699248125 0.561325 0.754905596875 0.6373912500000001 0.841528821875 0.6333543749999999 0.8433258140625 0.55989
1 0.842421053125 0.55955 0.841528821875 0.6338925 0.9249164578125001 0.631201875 0.9245563906250001 0.55666125 0.842421053125 0.55955
1 0.8420250625 0.6341125 0.8408095234375 0.7087025 0.924197159375 0.703320625 0.924197159375 0.62985625 0.8420250625 0.6341125
1 0.754619046875 0.637663125 0.754546365625 0.7146231249999999 0.8426065156250001 0.7087025 0.841528821875 0.63443125 0.754619046875 0.637663125
1 0.6636541359375 0.641805625 0.6621729328125 0.721350625 0.7552656640625 0.71543 0.754546365625 0.637929375 0.6636541359375 0.641805625
1 0.5659649124999999 0.64654 0.56471094375 0.728770625 0.6621161234375 0.721235625 0.663553884375 0.64212 0.5659649124999999 0.64654
1 0.46155305 0.651865625 0.4590384296875 0.737650625 0.5636324140625 0.72850125 0.565070175 0.6458875 0.46155305 0.651865625
1 0.34843943125 0.656895625 0.345586465625 0.745345625 0.4609632421875 0.736465 0.4613224734375 0.65169875 0.34843943125 0.656895625
1 0.22504260625 0.66370125 0.2237393484375 0.7566474999999999 0.34666416093749997 0.74588375 0.34774269062499996 0.6565425 0.22504260625 0.66370125
1 0.09096741875 0.67198625 0.0896533 0.770371875 0.223720134375 0.7566474999999999 0.2255171265625 0.6621937499999999 0.09096741875 0.67198625
1 0.0885948203125 0.770515625 0.0860584796875 0.870000625 0.2226416046875 0.8506256249999999 0.22407936562500003 0.756440625 0.0885948203125 0.770515625
1 0.22346031718749998 0.7572006250000001 0.2230016703125 0.8506256249999999 0.344488721875 0.83394125 0.3459264828125 0.745138125 0.22346031718749998 0.7572006250000001
1 0.45734168750000004 0.8240700000000001 0.45957477031250005 0.73737625 0.34555889687499997 0.744685625 0.344481203125 0.8348337499999999 0.45734168750000004 0.8240700000000001
1 0.4599707609375 0.73737625 0.4584202171875 0.8251462500000001 0.5655304921875 0.8124987499999999 0.5644519625 0.727731875 0.4599707609375 0.73737625
1 0.662453634375 0.802550625 0.6617251468750001 0.7218337499999999 0.5643550546875 0.729105625 0.564840434375 0.81273125 0.662453634375 0.802550625
1 0.7547376781249999 0.7921168749999999 0.7548036765624999 0.714825 0.66222389375 0.720853125 0.66368086875 0.8021156250000001 0.7547376781249999 0.7921168749999999
1 0.8392397656249999 0.783231875 0.8405705937500001 0.708428125 0.7547393484375 0.7157862500000001 0.7566817046875001 0.7923218750000001 0.8392397656249999 0.783231875
1 0.8413725984375 0.7088281249999999 0.8399682546875 0.782323125 0.9254402671875 0.776505625 0.923254803125 0.7032425 0.8413725984375 0.7088281249999999
0 0.9618245609375 0.176865 0.0438713453125 0.05173124999999999 0.041262321875 0.91439375 0.96562071875 0.79644625 0.9618245609375 0.176865