1 0.2590401 0.27879375 0.181797828125 0.2747525 0.1654670015625 0.30752812500000004 0.2451503765625 0.3097175 0.2590401 0.27879375
1 0.3350685046875 0.27769937499999997 0.258619046875 0.278664375 0.2451503765625 0.30999125 0.3270267328125 0.311906875 0.3350685046875 0.27769937499999997
1 0.41255889687499997 0.278246875 0.33543943125000003 0.2780625 0.3273926484375 0.311633125 0.40853801093750003 0.3127275 0.41255889687499997 0.278246875
1 0.4882614875 0.277925625 0.48894653281249995 0.31330749999999996 0.568395990625 0.312281875 0.5649707609375 0.28100187499999996 0.4882614875 0.277925625
1 0.569254803125 0.3127525 0.6487368421874999 0.31408749999999996 0.639832915625 0.28315 0.5647218046875 0.280585625 0.569254803125 0.3127525
1 0.48895238125 0.278281875 0.4119941515625 0.278171875 0.4085898078125 0.312809375 0.4880392640625 0.31315125 0.48895238125 0.278281875
1 0.716129490625 0.281790625 0.6405998328125 0.2826825 0.6476390984375 0.313925 0.728229740625 0.31272812499999997 0.716129490625 0.281790625
1 0.7285246453124999 0.3127525 0.8106474515625001 0.306745625 0.79306766875 0.275636875 0.71567335 0.280935625 0.7285246453124999 0.3127525
1 0.7295296578125 0.3127525 0.743069340625 0.34657187500000003 0.8300526312500001 0.34076 0.8101904765624999 0.306575 0.7295296578125 0.3127525
1 0.648889725 0.31425625 0.6585973265625 0.3475975 0.7442113625 0.34657187500000003 0.7286867171875 0.3125575 0.648889725 0.31425625
1 0.5695054296875 0.31294062500000003 0.5736691734375 0.3475975 0.6597393484375 0.3475975 0.6485522140625 0.31426625 0.5695054296875 0.31294062500000003
1 0.489116959375 0.313504375 0.4895121140625 0.34745625 0.57489724375 0.3476275 0.5694177109375 0.31327125 0.489116959375 0.313504375
1 0.4086925640625 0.312929375 0.40367000781250006 0.346601875 0.4890551375 0.34745625 0.4888270671875 0.3131 0.4086925640625 0.312929375
1 0.32758563125 0.31181312499999997 0.31893734375 0.3454225 0.40432247343750005 0.347131875 0.40843191250000005 0.3122625 0.32758563125 0.31181312499999997
1 0.246192146875 0.30955750000000004 0.2321829578125 0.344055 0.31893734375 0.345764375 0.3278412703125 0.311749375 0.246192146875 0.30955750000000004
1 0.2321762734375 0.3438675 0.246192146875 0.309745625 0.165740184375 0.30746 0.14473600625 0.341133125 0.2321762734375 0.3438675
1 0.21642272343750002 0.383523125 0.23212447812499998 0.343575 0.14519298281249998 0.341816875 0.12259064374999999 0.38113 0.21642272343750002 0.383523125
1 0.23287802812499997 0.343950625 0.2167025890625 0.3829325 0.3082514625 0.38361625 0.319438596875 0.34584125 0.23287802812499997 0.343950625
1 0.30824227187500003 0.383230625 0.39911612343749997 0.38498375 0.4041386796875 0.346525 0.318296575 0.3460125 0.30824227187500003 0.383230625
1 0.40470843749999996 0.346958125 0.39934920625000003 0.385885625 0.49021386875 0.385885625 0.48907268125 0.34657187500000003 0.40470843749999996 0.346958125
1 0.489619046875 0.34733375 0.4897568921875 0.38554374999999996 0.5801654140625 0.386910625 0.573772765625 0.347085 0.489619046875 0.34733375
1 0.5800451125 0.386826875 0.6695396828125 0.386826875 0.6592656640625 0.347684375 0.5743375109375 0.347513125 0.5800451125 0.386826875
1 0.658938178125 0.347145625 0.6695396828125 0.38631375 0.7606324140625 0.386485 0.7430534671875 0.346145625 0.658938178125 0.347145625
1 0.75967585625 0.386049375 0.8521821218750001 0.37798937499999996 0.8293517125 0.339530625 0.743737678125 0.346368125 0.75967585625 0.386049375
1 0.76042940625 0.386613125 0.7772982453124999 0.432173125 0.8756967421875 0.426533125 0.8512690062500001 0.377476875 0.76042940625 0.386613125
1 0.6694895578125 0.38586125 0.6814377609375 0.43150000000000005 0.7770960734375 0.43235437499999996 0.7595171265625 0.38620375 0.6694895578125 0.38586125
1 0.5796148703124999 0.387229375 0.5857786125 0.43320875000000003 0.6828070171875 0.4320125 0.66956558125 0.38569125 0.5796148703124999 0.387229375
1 0.4903734328125 0.38586125 0.4906883875 0.43247749999999996 0.5861194656250001 0.432135625 0.5790417718749999 0.386498125 0.4903734328125 0.38586125
1 0.399182121875 0.38473375 0.394598996875 0.433298125 0.49139933124999996 0.432614375 0.4891161234375 0.38595125 0.399182121875 0.38473375
1 0.307740184375 0.383794375 0.297543025 0.43158874999999997 0.3943433578125 0.43295625 0.399137009375 0.385096875 0.307740184375 0.383794375
1 0.21705096093749998 0.3830425 0.19960066875 0.43058125 0.298227234375 0.43143562500000004 0.308501253125 0.38357625 0.21705096093749998 0.3830425
1 0.123598996875 0.38078687499999997 0.1005171265625 0.42665 0.1998287390625 0.429555625 0.2164954046875 0.38272125 0.123598996875 0.38078687499999997
1 0.100989975 0.42664437499999996 0.072945696875 0.48061875 0.1823032578125 0.4831825 0.20056725156250002 0.4296825 0.100989975 0.42664437499999996
1 0.200219715625 0.42965187499999996 0.18161821250000001 0.484036875 0.28595238125 0.483695625 0.29759565625 0.43087875000000003 0.200219715625 0.42965187499999996
1 0.2984619890625 0.43112125 0.2856775265625 0.48274125 0.38795739375 0.485305 0.3948061828125 0.4323175 0.2984619890625 0.43112125
1 0.38863074375 0.48490625 0.49196825468750005 0.485100625 0.490142021875 0.43245500000000003 0.394254803125 0.43228437499999994 0.38863074375 0.48490625
1 0.4916290734375 0.48490625 0.593423559375 0.48445125000000006 0.585889725 0.43197625000000006 0.489546365625 0.43163437499999996 0.4916290734375 0.48490625
1 0.5931203 0.4843425 0.6957844609375 0.48371875 0.681857978125 0.431415 0.5859707609375 0.43261125 0.5931203 0.4843425
1 0.6828036765625 0.43190687499999997 0.6953283203125 0.48388937500000007 0.7982923984375 0.484915 0.77706015 0.432269375 0.6828036765625 0.43190687499999997
1 0.7981111109375 0.4843425 0.902538846875 0.478213125 0.8762840437499999 0.42625124999999997 0.776059315625 0.432575625 0.7981111109375 0.4843425
1 0.6961177937499999 0.48415437499999997 0.7113976609375 0.54555875 0.8209832921875 0.544875 0.79769590625 0.484195625 0.6961177937499999 0.48415437499999997
1 0.798614034375 0.484718125 0.8207543859375 0.54402 0.93444945625 0.539234375 0.9022589812499999 0.47838375 0.798614034375 0.484718125
1 0.5931203 0.48490625 0.6015321640625 0.54649875 0.71111779375 0.545644375 0.6958212203125 0.483426875 0.5931203 0.48490625
1 0.49156641562500003 0.48515375 0.49179448593749997 0.5458331249999999 0.6004670015625 0.545661875 0.5936182125 0.484811875 0.49156641562500003 0.48515375
1 0.3891336671875 0.48584562499999995 0.3824377609375 0.5458331249999999 0.4929365078125 0.54600375 0.49111027500000004 0.48464124999999997 0.3891336671875 0.48584562499999995
1 0.2861353390625 0.483778125 0.271453634375 0.545045 0.3826374265625 0.545215625 0.3883450296875 0.485049375 0.2861353390625 0.483778125
1 0.182383459375 0.48283875 0.159526315625 0.545630625 0.27116624843750003 0.54580125 0.28509273125 0.48375500000000005 0.182383459375 0.48283875
1 0.1821286546875 0.48375500000000005 0.0732280703125 0.480849375 0.0458320796875 0.5415281249999999 0.158157059375 0.54528875 0.1821286546875 0.48375500000000005
1 0.046672514062499997 0.5415006250000001 0.009230576562499999 0.6138025 0.134111946875 0.616195625 0.1596817046875 0.544576875 0.046672514062499997 0.5415006250000001
1 0.25493901406249997 0.61619 0.2708111953125 0.545235 0.1597368421875 0.544400625 0.132568921875 0.616360625 0.25493901406249997 0.61619
1 0.3750367578125 0.61725125 0.38285296562500004 0.545610625 0.271159565625 0.544778125 0.2544928984375 0.616738125 0.3750367578125 0.61725125
1 0.49361069375 0.616811875 0.492131996875 0.545610625 0.3828838765625 0.545364375 0.37443692500000003 0.617325 0.49361069375 0.616811875
1 0.6109565578125 0.6168162500000001 0.6016616546875 0.545986875 0.4920108609375 0.54588125 0.49269590625 0.6161325 0.6109565578125 0.6168162500000001
1 0.6014101921874999 0.5463625000000001 0.6109565578125 0.6163031250000001 0.7296741859375 0.615106875 0.7120944031249999 0.545368125 0.6014101921874999 0.5463625000000001
1 0.7126984125 0.5463625000000001 0.7298797 0.6155999999999999 0.8492815374999999 0.61372 0.8209724312500001 0.5441525 0.7126984125 0.5463625000000001
1 0.82172598125 0.544295 0.8482715125 0.61406125 0.9710985796875 0.60859125 0.9343416875000001 0.5397075 0.82172598125 0.544295
1 0.84910776875 0.614396875 0.881488721875 0.692725 0.999164578125 0.6889643750000001 0.9705271515625 0.608286875 0.84910776875 0.614396875
1 0.7300325812499999 0.615524375 0.75328655 0.692496875 0.8815931499999999 0.6926675 0.8482606515625 0.61404125 0.7300325812499999 0.615524375
1 0.611458646875 0.616088125 0.6223650796875 0.69266625 0.7540960734375 0.692153125 0.7303525484375 0.6155775 0.611458646875 0.616088125
1 0.4931361734375 0.616651875 0.4945154546875 0.6938625 0.6239632421875 0.69266625 0.6111787796875 0.616090625 0.4931361734375 0.616651875
1 0.3750651625 0.61740375 0.3658638265625 0.6954425 0.4953116125 0.693733125 0.4925722640625 0.616131875 0.3750651625 0.61740375
1 0.2544820390625 0.615900625 0.2348187140625 0.697835 0.3663208015625 0.695784375 0.3745396828125 0.616815625 0.2544820390625 0.615900625
1 0.1331453640625 0.615900625 0.10113533906250001 0.6938187499999999 0.23560568124999998 0.69706625 0.25569590625 0.61656 0.1331453640625 0.615900625
1 0.134074353125 0.61586 0.009421053124999999 0.6136375000000001 0 0.6891875 0.102111946875 0.69329 0.134074353125 0.61586
0 0.8061829578124999 0.26497000000000004 0.1629189640625 0.26110625 0.0033007515625 0.6955512500000001 0.999164578125 0.687024375 0.8061829578124999 0.26497000000000004