1 0.43912067656250003 0.909093365625 0.42009194375 0.8238211874999999 0.383390159375 0.817854553125 0.39978953281249996 0.901059796875 0.43912067656250003 0.909093365625
1 0.4203838765625 0.8237433875000001 0.400475259375 0.73621934375 0.3618394671875 0.7373984265625 0.38336507656249996 0.8183386203125 0.4203838765625 0.8237433875000001
1 0.40008521874999997 0.7359084234375 0.379496784375 0.6493943421874999 0.341647746875 0.6549225546875 0.3621272640625 0.736901178125 0.40008521874999997 0.7359084234375
1 0.336162778125 0.4796992734375 0.3037233109375 0.492228059375 0.3210088875 0.5745928218749999 0.35855735625 0.5638092203125 0.336162778125 0.4796992734375
1 0.28594318125 0.41208932656249997 0.30334615781249996 0.4926108359375 0.33643441093750004 0.4786531765625 0.3165485296875 0.3938377046875 0.28594318125 0.41208932656249997
1 0.379570209375 0.6493160484375 0.3586339703125 0.5648174453125 0.32120356875 0.573757615625 0.34171917500000004 0.655543815625 0.379570209375 0.6493160484375
1 0.3166695453125 0.39505005312499997 0.29378638437500004 0.3097764625 0.2640379890625 0.33142363124999996 0.28523901406249996 0.411407475 0.3166695453125 0.39505005312499997
1 0.23684793593750003 0.251438946875 0.2632484890625 0.3321512015625 0.2937333140625 0.30945625 0.26530986562500003 0.22392204375000002 0.23684793593750003 0.251438946875
1 0.2963810265625 0.1936401640625 0.26525042499999996 0.2244559953125 0.29346386406249997 0.30838859687500003 0.325899646875 0.2843932234375 0.2963810265625 0.1936401640625
1 0.3255934640625 0.2831800203125 0.29348190937499996 0.3093394984375 0.3166875 0.39362733437499997 0.3496407984375 0.37383877499999996 0.3255934640625 0.2831800203125
1 0.349334615625 0.3726255734375 0.31678865156249997 0.3939830390625 0.3365678390625 0.4783334609375 0.372410490625 0.4640603921875 0.349334615625 0.3726255734375
1 0.37211323281249997 0.46274724999999994 0.3369439421875 0.47833268125000006 0.35872161406249997 0.56357221875 0.394822815625 0.553502996875 0.37211323281249997 0.46274724999999994
1 0.3949453328125 0.5539884546875 0.3583681015625 0.5639951062499999 0.3796706328125 0.64917278125 0.41692641718749995 0.64493835 0.3949453328125 0.5539884546875
1 0.41731669374999997 0.6440945890625 0.379029340625 0.6496392109375 0.40022543749999995 0.735652253125 0.43838598125 0.73528748125 0.41731669374999997 0.6440945890625
1 0.4387505671875 0.73519031875 0.40008891562500004 0.7353988 0.41964201093750003 0.822759959375 0.4601869609375 0.8278378125 0.4387505671875 0.73519031875
1 0.43897478437500004 0.9088225171875 0.4805159953125 0.9215656437499999 0.4599888 0.8278982015624999 0.41984263125 0.8227064937499999 0.43897478437500004 0.9088225171875
1 0.481122646875 0.9208858578125 0.5291069703125 0.9337238140625 0.506502178125 0.8333631531249999 0.45969075625 0.8280363578125 0.481122646875 0.9208858578125
1 0.4819817125 0.7357843828124999 0.43869816093749997 0.7346359734375 0.45988930000000006 0.8271290828125 0.5057972875 0.83323370625 0.4819817125 0.7357843828124999
1 0.41671878125 0.644462315625 0.4391869671875 0.73580050625 0.4815729359375 0.7359037421875 0.45907874687500005 0.6388675875 0.41671878125 0.644462315625
1 0.4356167375 0.5418355171875 0.393997509375 0.554221165625 0.41702792187500004 0.6437339468750001 0.4599780390625 0.6383636562499999 0.4356167375 0.5418355171875
1 0.41259333125 0.4459860921875 0.37183617343750003 0.46409599999999995 0.394663509375 0.5534242125 0.4353746703125 0.5424181390625 0.41259333125 0.4459860921875
1 0.349554259375 0.373104090625 0.3721413265625 0.46337437656249997 0.4125362703125 0.44613769375 0.3885422984375 0.3510650453125 0.349554259375 0.373104090625
1 0.3637552640625 0.254391784375 0.3254493375 0.284531228125 0.349067521875 0.37360510625 0.3879950890625 0.35121087968750003 0.3637552640625 0.254391784375
1 0.2952579125 0.194734171875 0.3255031765625 0.28374113749999996 0.3635471609375 0.2555317703125 0.330150346875 0.1595504359375 0.2952579125 0.194734171875
1 0.3756142421875 0.120773596875 0.329848615625 0.1606661234375 0.3639463265625 0.2545710296875 0.40801004531249996 0.223702203125 0.3756142421875 0.120773596875
1 0.40825753750000005 0.22386546406250002 0.363754346875 0.25565652031249997 0.38752597031249997 0.3513927328125 0.43299291562500003 0.3257288546875 0.40825753750000005 0.22386546406250002
1 0.4331723546875 0.3241285984375 0.3873242953125 0.35136028750000003 0.41308085781250004 0.446480359375 0.460461903125 0.42686467187500005 0.4331723546875 0.3241285984375
1 0.459226109375 0.42680756875 0.4124546859375 0.4472970078125 0.4355479625 0.5416729328125001 0.48517627656249995 0.5280895765625 0.459226109375 0.42680756875
1 0.48513163593749997 0.5272954203125 0.43598103281249995 0.54298303125 0.4587944453125 0.6388685265625 0.5118134921874999 0.629934865625 0.48513163593749997 0.5272954203125
1 0.5115174453125 0.6303036015625 0.4591937875 0.63881325 0.4823087453125 0.736276903125 0.5360117984375 0.7335260328125 0.5115174453125 0.6303036015625
1 0.5356650609375 0.7328426953125 0.4818720859375 0.7355303890625 0.50582119375 0.832832359375 0.56119624375 0.8378593499999999 0.5356650609375 0.7328426953125
1 0.56004134375 0.83790855625 0.5056275515624999 0.8335138421874999 0.528470709375 0.9327501312500001 0.5835686875 0.9442359390625 0.56004134375 0.83790855625
1 0.6433110531249999 0.9570319156249999 0.6479692781249999 0.9557904687500001 0.6219290843749999 0.8412851203124999 0.5599786484375 0.8370879546875001 0.583435915625 0.9437352171875 0.6433110531249999 0.9570319156249999
1 0.5946874078125 0.7310298484375 0.5352405250000001 0.7336719078125 0.5600391640625 0.8374658546875 0.6230238765625 0.8417700437500001 0.5946874078125 0.7310298484375
1 0.569055596875 0.6222095953125 0.51071218125 0.6299934703125001 0.5352668640625 0.7326826578125 0.593743328125 0.7315930749999999 0.569055596875 0.6222095953125
1 0.4852987671875 0.5286763921875 0.510824684375 0.6305886296875001 0.5684498312499999 0.6216076046875 0.5409517765625 0.5117739578125 0.4852987671875 0.5286763921875
1 0.459117740625 0.427096925 0.484583328125 0.529542403125 0.5408354281250001 0.512189521875 0.5130585562500001 0.404179634375 0.459117740625 0.427096925
1 0.4327896078125 0.3253066046875 0.45977319687499996 0.42683036406249997 0.5130238874999999 0.4045327 0.48483389531250004 0.295646890625 0.4327896078125 0.3253066046875
1 0.4586266796875 0.1864097828125 0.4081765234375 0.223927784375 0.433060609375 0.3241621671875 0.48513814687499995 0.29608296875 0.4586266796875 0.1864097828125
1 0.3751561859375 0.12022980000000001 0.408771446875 0.2249039609375 0.45806475312500006 0.18676507656250002 0.42353059687499994 0.0775705203125 0.3751561859375 0.12022980000000001
1 0.5164859984375 0.14526340468750001 0.4580194421875 0.187247903125 0.4852090875 0.2951689734375 0.5465956624999999 0.2614850375 0.5164859984375 0.14526340468750001
1 0.48004980625 0.026328157812500003 0.42378759062500004 0.0778193390625 0.45833049218750005 0.18612405 0.5156355765625 0.1457495765625 0.48004980625 0.026328157812500003
1 0.5467620078125 0.26175801249999997 0.48451277499999995 0.2956907953125 0.5136250859375 0.40437247656249997 0.5770536296875 0.377931153125 0.5467620078125 0.26175801249999997
1 0.5764467421874999 0.379300553125 0.5133909484375 0.403870353125 0.5411161671875 0.5121857421875 0.6057650484375 0.49469781562500004 0.5764467421874999 0.379300553125
1 0.6056408249999999 0.49343611875000004 0.5406919171875 0.5128159703125 0.5693167671875 0.6208063546875 0.6350841734375 0.610870603125 0.6056408249999999 0.49343611875000004
1 0.6343721234374999 0.6108339921875 0.568679065625 0.6218704500000001 0.5947263375 0.7308120406249999 0.663999134375 0.7289962203125 0.6343721234374999 0.6108339921875
1 0.6648826703124999 0.729086584375 0.5949812046875 0.7319262015625 0.6215409984375 0.8412976203125 0.694631975 0.8477333828125 0.6648826703124999 0.729086584375
1 0.7139166421875001 0.9382150687499999 0.6946344953125 0.8492851484375 0.6225864249999999 0.841307896875 0.6482149296874999 0.9557249999999999 0.7139166421875001 0.9382150687499999
1 0.791291671875 0.9175941218749999 0.776698015625 0.8546765703125001 0.69346656875 0.8478677953125 0.7136669875 0.938281603125 0.791291671875 0.9175941218749999
1 0.693263828125 0.8478593140624999 0.77728766875 0.8562688749999999 0.7442976328124999 0.72632010625 0.6643739984375 0.7296247015625 0.693263828125 0.8478593140624999
1 0.6637933734375 0.729384465625 0.7450017734375 0.7266382453125 0.713230528125 0.59843520625 0.634735575 0.61049275625 0.6637933734375 0.729384465625
1 0.63446468125 0.6105299046875 0.713469996875 0.599051465625 0.6809716609375001 0.47259558437500004 0.6054372828125001 0.49440250468749997 0.63446468125 0.6105299046875
1 0.605758359375 0.4944542765625 0.6804924171875 0.473760475 0.649515271875 0.3479344609375 0.5764730359375 0.37793907187500003 0.605758359375 0.4944542765625
1 0.61586351875 0.22230313750000003 0.5462055734375 0.260799046875 0.57694103125 0.37809945 0.6489680625 0.3480802953125 0.61586351875 0.22230313750000003
1 0.58231715 0.0956349765625 0.5157184171875 0.1454802828125 0.5471040640625 0.25987477812500004 0.6163343 0.22194466406250002 0.58231715 0.0956349765625
1 0.5091259234375001 0 0.48058325156250004 0.026308178124999998 0.5156683531249999 0.1446392640625 0.5829518609375001 0.0966109703125 0.5539044921875 0 0.5091259234375001 0
1 0.553725725 0 0.5830855749999999 0.0956272 0.6579351734375 0.0389664046875 0.646755365625 0 0.553725725 0
1 0.65784585625 0.0388718109375 0.58293344375 0.096628190625 0.6162126640625 0.2218037453125 0.6920635828125 0.17522408750000001 0.65784585625 0.0388718109375
1 0.6914799625 0.1744618046875 0.6161835328125 0.2214487375 0.64860416875 0.34760801875 0.7273449578125 0.3142575875 0.6914799625 0.1744618046875
1 0.72691648125 0.3125598140625 0.64868186875 0.34790461875 0.6809282546875 0.4731451546875 0.7628978390625 0.44973592812499996 0.72691648125 0.3125598140625
1 0.7625464156249999 0.4489269171875 0.6805249 0.47389200000000004 0.7133855437500001 0.598361690625 0.79907498125 0.5859571953125 0.7625464156249999 0.4489269171875
1 0.7993170484375 0.5853745734375 0.7128992359375 0.5990870734375 0.7441115546875 0.7268878062499999 0.8367603000000001 0.7244902093750001 0.7993170484375 0.5853745734375
1 0.83572949375 0.7238726796875 0.744489284375 0.725410878125 0.776642565625 0.855787240625 0.868318496875 0.8676473546875 0.83572949375 0.7238726796875
1 0.8735576890625 0.8956696953125001 0.867492790625 0.8667601515625 0.7763501765624999 0.8548118953125 0.7910182781249999 0.9176669828125 0.8735576890625 0.8956696953125001
0 0.5168164421875 0 0.2219562296875 0.240537825 0.3902983515625 0.924993746875 0.668464946875 0.9503282390625 0.8764663015625 0.89489453125 0.6423890734375 0 0.5168164421875 0