1 0.5037281250000001 0.06108354218749999 0.455399375 0.019622389062500002 0.41310250000000004 0.0751528828125 0.4639375 0.114076859375 0.5037281250000001 0.06108354218749999
1 0.50459875 0.0600284046875 0.46465750000000006 0.113727653125 0.514415 0.15194569687499998 0.5545568750000001 0.097076859375 0.50459875 0.0600284046875
1 0.515 0.1516274015625 0.568749375 0.19231495468749998 0.6069631249999999 0.1348663328125 0.554375625 0.09664578124999999 0.515 0.1516274015625
1 0.41286625 0.073953215625 0.37301562499999996 0.1243350046875 0.423315 0.16659064375 0.4653525 0.11263324999999999 0.41286625 0.073953215625
1 0.42348875 0.166296575 0.474085 0.20770927343749998 0.51602625 0.15267334999999999 0.4650975 0.11179699218750001 0.42348875 0.166296575
1 0.515615 0.1519014203125 0.474471875 0.2072038421875 0.528196875 0.2512857140625 0.568540625 0.1919757734375 0.515615 0.1519014203125
1 0.529395625 0.250217209375 0.58431875 0.2948337515625 0.6240631249999999 0.2347218046875 0.568740625 0.1919757734375 0.529395625 0.250217209375
1 0.663070625 0.1747167921875 0.6067725 0.134571428125 0.5684025 0.192081871875 0.6233262500000001 0.2353625734375 0.663070625 0.1747167921875
1 0.721189375 0.21826399375 0.6630325 0.175109440625 0.624325 0.23456140312499998 0.682843125 0.27890977499999997 0.721189375 0.21826399375
1 0.68344375 0.280139515625 0.624149375 0.23516792031249997 0.584409375 0.2955396828125 0.643910625 0.343730159375 0.68344375 0.280139515625
1 0.68309 0.279041771875 0.7444925 0.3304527984375 0.781731875 0.2649365078125 0.721420625 0.2187318296875 0.68309 0.279041771875
1 0.744603125 0.330563909375 0.683345 0.27960985781250003 0.644116875 0.342541353125 0.705233125 0.39691729375 0.744603125 0.330563909375
1 0.8076825 0.3840150375 0.744063125 0.3298797 0.70549375 0.3960267328125 0.770484375 0.4532213875 0.8076825 0.3840150375
1 0.78202875 0.26533583906249997 0.744298125 0.330508771875 0.808324375 0.3831578953125 0.8444537499999999 0.3165254796875 0.78202875 0.26533583906249997
1 0.8743831249999999 0.4386365921875 0.808283125 0.38302005 0.770911875 0.452935671875 0.8401781250000001 0.5089866328125 0.8743831249999999 0.4386365921875
1 0.84402625 0.3150952375 0.808110625 0.3831578953125 0.873741875 0.43892230625 0.911154375 0.366284878125 0.84402625 0.3150952375
1 0.64372875 0.3439039265625 0.6012475 0.41040100312499994 0.66488375 0.46739431875 0.705031875 0.396883040625 0.64372875 0.3439039265625
1 0.66506625 0.46722723437499997 0.7309775000000001 0.5280409359375 0.76976 0.45387719375 0.705031875 0.39651796093749997 0.66506625 0.46722723437499997
1 0.731181875 0.5278847125 0.8008956250000001 0.5875923140625 0.839678125 0.509408521875 0.77030625 0.45387719375 0.731181875 0.5278847125
1 0.664765625 0.466825396875 0.6211675 0.541888053125 0.68944625 0.6069189640625 0.730686875 0.5280050125 0.664765625 0.466825396875
1 0.730686875 0.5283525484375 0.6878075 0.6069189640625 0.760183125 0.6712013359375 0.801696875 0.587903090625 0.730686875 0.5283525484375
1 0.57561125 0.6218262328125 0.6430662500000001 0.6901211359375 0.6887175 0.60521386875 0.6224293750000001 0.5437293234375 0.57561125 0.6218262328125
1 0.643046875 0.6903508765625 0.715295 0.7628989140625 0.7603206250000001 0.671717628125 0.68903 0.6068872187500001 0.643046875 0.6903508765625
1 0.525035 0.7078262328125 0.5940937500000001 0.7811052625 0.6434968750000001 0.6911787796875 0.5750200000000001 0.6242564749999999 0.525035 0.7078262328125
1 0.643046875 0.6921904765625 0.59440625 0.7802681703125 0.668198125 0.8605747703125 0.7157256249999999 0.763119465625 0.643046875 0.6921904765625
1 0.621280625 0.5424227234375001 0.55840875 0.48293817812500006 0.51029375 0.559538846875 0.575004375 0.6223107765625 0.621280625 0.5424227234375001
1 0.602928125 0.409703425 0.55840875 0.4810985796875 0.620750625 0.5435480375 0.66546375 0.46742439375 0.602928125 0.409703425
1 0.58433625 0.2949214703125 0.5420281250000001 0.35996407656249996 0.6019599999999999 0.4104327484375 0.64352875 0.3427685875 0.58433625 0.2949214703125
1 0.5277412499999999 0.2493358390625 0.483296875 0.31143024218750004 0.5420550000000001 0.359463659375 0.584240625 0.295643275 0.5277412499999999 0.2493358390625
1 0.48491375000000003 0.311383459375 0.4401075 0.374578946875 0.49761 0.42731411875 0.54230625 0.36047117812499996 0.48491375000000003 0.311383459375
1 0.542385 0.360873015625 0.49735874999999996 0.42630660000000004 0.558125625 0.48273684218749996 0.60257125 0.4111913109375 0.542385 0.360873015625
1 0.439499375 0.3744419375 0.39120875 0.44373099375 0.447971875 0.49909774375 0.49704875 0.42672598125 0.439499375 0.3744419375
1 0.446789375 0.4987017546875 0.5103525 0.5580233921875 0.5579506249999999 0.482883040625 0.496753125 0.4263299921875 0.446789375 0.4987017546875
1 0.510508125 0.5578721796874999 0.45911375000000004 0.6399682546875 0.525273125 0.7082665 0.57458 0.6228279031249999 0.510508125 0.5578721796874999
1 0.39711562499999997 0.5747025890625 0.459738125 0.63869089375 0.51133375 0.558262321875 0.44767124999999997 0.4998395984375 0.39711562499999997 0.5747025890625
1 0.5947250000000001 0.7825597328125 0.541839375 0.8805129484374999 0.6169431249999999 0.96297744375 0.666699375 0.8600008359375 0.5947250000000001 0.7825597328125
1 0.5254531250000001 0.7085572265625 0.47151624999999997 0.799938178125 0.5427593749999999 0.8798964078125 0.5945925 0.7822355890625 0.5254531250000001 0.7085572265625
1 0.47133062499999995 0.80036675 0.41218374999999996 0.9002548031250001 0.484088125 0.986074353125 0.5420975 0.880152046875 0.47133062499999995 0.80036675
1 0.404915625 0.7267084374999999 0.34318312500000003 0.818533834375 0.41197375 0.8994678359374999 0.47174750000000004 0.800471178125 0.404915625 0.7267084374999999
1 0.459745 0.639375940625 0.40483 0.7267243109375 0.471655625 0.8010618218750001 0.5248125 0.7087117796875 0.459745 0.639375940625
1 0.34197 0.6579490390625 0.404383125 0.7272999171875 0.459745 0.6390802 0.39732500000000004 0.5753500421875 0.34197 0.6579490390625
1 0.3422125 0.6579490390625 0.279100625 0.743822890625 0.343065 0.817259815625 0.405044375 0.7266800328125 0.3422125 0.6579490390625
1 0.34229125 0.6574636593750001 0.282265 0.5930659984375 0.218994375 0.6733717625 0.279429375 0.7430033421875 0.34229125 0.6574636593750001
1 0.338796875 0.5149214703125 0.282265 0.59274101875 0.34144375 0.6586098578125 0.39790875 0.5748162078125 0.338796875 0.5149214703125
1 0.39107125 0.443815371875 0.339543125 0.5142330828125 0.396144375 0.575111946875 0.44841875 0.497513784375 0.39107125 0.443815371875
1 0.173836875 0.474237259375 0.10927500000000001 0.5442932328125 0.16169687500000002 0.6074026734375 0.226283125 0.5314010031249999 0.173836875 0.474237259375
1 0.057710625 0.4850108609375 0.108036875 0.543742690625 0.17262312500000002 0.47488638281249995 0.121876875 0.4183725984375 0.057710625 0.4850108609375
1 0.282370625 0.593111946875 0.22629625 0.5317944859375 0.16145437499999998 0.60805263125 0.21875624999999999 0.6733358390624999 0.282370625 0.593111946875
1 0.282850625 0.45947284843749997 0.22652 0.53190225625 0.28187937500000004 0.5933625734375 0.3384525 0.51598746875 0.282850625 0.45947284843749997
1 0.23014937500000002 0.4059632421875 0.17393375 0.4744678359375 0.226735 0.532239765625 0.283374375 0.45916040156250004 0.23014937500000002 0.4059632421875
1 0.179045625 0.3521988296875 0.122218125 0.41863492031250005 0.17302 0.47605764375000004 0.231065625 0.40620217187499996 0.179045625 0.3521988296875
1 0.2336025 0.2898045109375 0.17901687500000002 0.3527568921875 0.23059 0.40613951562499995 0.2844175 0.3408521296875 0.2336025 0.2898045109375
1 0.28361437500000003 0.34112113593750004 0.230511875 0.406227234375 0.283011875 0.45933751093749997 0.33583562499999997 0.390825396875 0.28361437500000003 0.34112113593750004
1 0.39173125 0.44288220625 0.335895 0.39076023437499996 0.283473125 0.4592715125 0.33790375 0.51542439375 0.39173125 0.44288220625
1 0.33266249999999997 0.279835421875 0.282910625 0.23214369218750003 0.233874375 0.2908187140625 0.283653125 0.3405881375 0.33266249999999997 0.279835421875
1 0.38512375 0.3265096078125 0.33267 0.2800359234375 0.28344625 0.3417025890625 0.33626812500000003 0.390416040625 0.38512375 0.3265096078125
1 0.384841875 0.326438596875 0.43938750000000004 0.3744995828125 0.485178125 0.311316625 0.431275 0.26573851249999997 0.384841875 0.326438596875
1 0.43992812499999995 0.3749816203125 0.38504 0.3261729328125 0.33608812499999996 0.3911152875 0.39161375 0.44224060156249995 0.43992812499999995 0.3749816203125
1 0.28287874999999996 0.2323074359375 0.333511875 0.2802731828125 0.379663125 0.2221553890625 0.330446875 0.177059315625 0.28287874999999996 0.2323074359375
1 0.43122249999999995 0.265563075 0.379485625 0.2211704265625 0.332249375 0.2805146203125 0.384710625 0.32729908124999996 0.43122249999999995 0.265563075
1 0.42293000000000003 0.16668922343749998 0.379485625 0.22143525468749997 0.430861875 0.2645981625 0.47467 0.20672096875 0.42293000000000003 0.16668922343749998
1 0.329725625 0.1772999171875 0.37968375 0.2219657484375 0.42365125 0.166930659375 0.373173125 0.12545196249999999 0.329725625 0.1772999171875
1 0.527851875 0.24964661718749998 0.47376874999999996 0.20768588124999998 0.4310625 0.26545196249999997 0.43050187500000003 0.2653216375 0.485666875 0.31210609843750003 0.527851875 0.24964661718749998
1 0.5429674999999999 0.8798370921875 0.48507187500000004 0.9862731828125 0.55225375 0.999164578125 0.6183506249999999 0.9635045953124999 0.5429674999999999 0.8798370921875
0 0.9521750000000001 0.3562706765625 0.45625625000000003 0 0.013088125 0.4867025890625 0.5517375 0.999164578125 0.9521750000000001 0.3562706765625