1 0.259956875 0.11100501250000001 0.198299375 0.10825396875 0.180620625 0.1794728484375 0.244388125 0.18517877968750002 0.259956875 0.11100501250000001
1 0.32137812499999996 0.1038721796875 0.25954875 0.111076859375 0.244388125 0.18517877968750002 0.307089375 0.18032915624999998 0.32137812499999996 0.1038721796875
1 0.3856175 0.0988446109375 0.321033125 0.1038621546875 0.30692125 0.179865496875 0.373460625 0.176727653125 0.3856175 0.0988446109375
1 0.45322312499999995 0.09370927343749999 0.385568125 0.0985296578125 0.373674375 0.176727653125 0.44362625 0.174730159375 0.45322312499999995 0.09370927343749999
1 0.52306 0.08806015 0.45291875 0.093197159375 0.44372437500000006 0.1745020890625 0.516235625 0.17136340781249998 0.52306 0.08806015
1 0.59685125 0.081783625 0.52308625 0.087237259375 0.516235625 0.1719340015625 0.59194625 0.1687961578125 0.59685125 0.081783625
1 0.5972425 0.08159064375 0.59236 0.16890977499999998 0.671269375 0.1652005015625 0.6742549999999999 0.07590643281250001 0.5972425 0.08159064375
1 0.443531875 0.17412698437500002 0.433395 0.259453634375 0.50867875 0.2585981625 0.5161431249999999 0.17158563124999998 0.443531875 0.17412698437500002
1 0.516280625 0.1716173765625 0.5082525 0.2583124484375 0.586735 0.2577418546875 0.5918537500000001 0.1684477859375 0.516280625 0.1716173765625
1 0.592079375 0.16910776875 0.586735 0.2585981625 0.6677774999999999 0.255745196875 0.67055 0.1647393484375 0.592079375 0.16910776875
1 0.373834375 0.17632247343750002 0.361405625 0.2601052625 0.433916875 0.2595346703125 0.44394062500000003 0.174234753125 0.373834375 0.17632247343750002
1 0.362045 0.2601052625 0.374201875 0.17708771875 0.3071594640625 0.1799348421875 0.29294625 0.26210275625 0.362045 0.2601052625
1 0.24453 0.184164578125 0.2281125 0.2646700078125 0.29358625 0.2609615703125 0.30744812499999996 0.1802255640625 0.24453 0.184164578125
1 0.18116812499999999 0.179772765625 0.162188125 0.25685212968750004 0.22830124999999998 0.26426984062500003 0.24450937499999997 0.185531328125 0.18116812499999999 0.179772765625
1 0.21108625 0.3484970765625 0.2283375 0.2641528828125 0.1616075 0.2586324140625 0.1422 0.34022389375 0.21108625 0.3484970765625
1 0.29362125 0.26062907343749997 0.228103125 0.2638395984375 0.21108625 0.3479264828125 0.2774125 0.34735588906250003 0.29362125 0.26062907343749997
1 0.293106875 0.26195739375 0.27698625 0.346785296875 0.34843125 0.346785296875 0.36165375 0.26034419375 0.293106875 0.26195739375
1 0.42237187499999995 0.34999248125000004 0.43320625 0.258820384375 0.36180375 0.2595572265625 0.347515 0.3474252296875 0.42237187499999995 0.34999248125000004
1 0.43344125 0.2594477859375 0.42237187499999995 0.34970760156249997 0.49914875 0.3502781953125 0.5078931250000001 0.2581303265625 0.43344125 0.2594477859375
1 0.508301875 0.2585071015625 0.49899062499999997 0.3502105265625 0.579819375 0.3510659984375 0.586644375 0.2583483703125 0.508301875 0.2585071015625
1 0.586004375 0.2589189640625 0.580033125 0.3504954046875 0.6647006249999999 0.3516365921875 0.66768625 0.25578111875 0.586004375 0.2589189640625
1 0.752605625 0.055076859374999995 0.673710625 0.0757067671875 0.67101 0.16383040937499999 0.7529012500000001 0.14761654062500001 0.752605625 0.055076859374999995
1 0.6707825 0.1635421890625 0.667758125 0.2559741015625 0.754379375 0.24925146250000002 0.7534925 0.1480116953125 0.6707825 0.1635421890625
1 0.667529375 0.25572598125 0.66450625 0.3512815375 0.75408375 0.34811779375 0.753788125 0.2484603171875 0.667529375 0.25572598125
1 0.664666875 0.352119465625 0.661311875 0.45579782812499997 0.75481 0.4523600671875 0.7544887499999999 0.3479189640625 0.664666875 0.352119465625
1 0.5794625 0.351174603125 0.572954375 0.4527894734375 0.661311875 0.4566574765625 0.66548875 0.35135756093750004 0.5794625 0.351174603125
1 0.499915 0.34928404375 0.48941625 0.448491228125 0.573918125 0.4527894734375 0.5797012500000001 0.352217209375 0.499915 0.34928404375
1 0.488955 0.448051796875 0.478813125 0.5533617375000001 0.5665281249999999 0.5615279859375 0.573918125 0.4515004171875 0.488955 0.448051796875
1 0.5734524999999999 0.4523057640625 0.5658856250000001 0.561958228125 0.6587412500000001 0.5696942359375 0.661633125 0.45708771875 0.5734524999999999 0.4523057640625
1 0.421428125 0.3497568921875 0.4095025 0.44416290781249995 0.48918437499999995 0.44803091093749997 0.5004299999999999 0.3496073515625 0.421428125 0.3497568921875
1 0.347890625 0.3478663328125 0.33239 0.4407243109375 0.4095025 0.44502255625 0.422354375 0.35089724375000003 0.347890625 0.3478663328125
1 0.278241875 0.346448621875 0.259455 0.43685630781249996 0.333033125 0.44029490468750004 0.34813375 0.347458646875 0.278241875 0.346448621875
1 0.21071499999999999 0.34833918124999996 0.19101812499999998 0.4359966578125 0.26009812499999996 0.43685630781249996 0.277126875 0.3483182953125 0.21071499999999999 0.34833918124999996
1 0.191059375 0.43634753593750003 0.16976 0.5344252296875001 0.24141437500000001 0.53736925625 0.25926625 0.43857477031250003 0.191059375 0.43634753593750003
1 0.25994812500000003 0.43706683437500005 0.24043625 0.53736925625 0.315758125 0.542930659375 0.332143125 0.4402105265625 0.25994812500000003 0.43706683437500005
1 0.332335 0.44030409375 0.31490874999999996 0.5421060984375 0.39561125 0.5479941515625 0.409795625 0.44331161249999995 0.332335 0.44030409375
1 0.40956562500000004 0.443900584375 0.3948775 0.5476666671875 0.47900375000000006 0.5538822062500001 0.489519375 0.44854553125 0.40956562500000004 0.443900584375
1 0.21127875000000002 0.3479849625 0.1425725 0.342782790625 0.12079375 0.4336491234375 0.191055625 0.43711779375 0.21127875000000002 0.3479849625
1 0.12096437499999999 0.43438679999999996 0.09915 0.5261253140625 0.169411875 0.533408521875 0.191190625 0.4380334171875 0.12096437499999999 0.43438679999999996
1 0.14508125 0.636730159375 0.170230625 0.5337243109375 0.099190625 0.5281754390625 0.07144875 0.628752715625 0.14508125 0.636730159375
1 0.240751875 0.5375396828125 0.17003375 0.5346783625 0.145340625 0.637423559375 0.21871374999999998 0.64331913125 0.240751875 0.5375396828125
1 0.2404925 0.5368462828125 0.21871374999999998 0.6440133671875 0.298309375 0.652336675 0.316976875 0.5427418546875 0.2404925 0.5368462828125
1 0.31631375 0.54296240625 0.297905625 0.6518638265625001 0.38087125 0.6619214703125 0.395390625 0.548164578125 0.31631375 0.54296240625
1 0.478679375 0.5539849625000001 0.395698125 0.5476441109375 0.38041625 0.6614995828125 0.46727125 0.670862990625 0.478679375 0.5539849625000001
1 0.47928750000000003 0.552601503125 0.46701249999999994 0.669822890625 0.558275 0.680573934375 0.5663125 0.5616148703125 0.47928750000000003 0.552601503125
1 0.566136875 0.562624059375 0.5577362499999999 0.679219715625 0.654576875 0.6915229734375 0.658364375 0.5703032578125 0.566136875 0.562624059375
1 0.658706875 0.569785296875 0.65430625 0.6911612359375 0.7557456250000001 0.6983976609375 0.754123125 0.568855471875 0.658706875 0.569785296875
1 0.559101875 0.6797886375 0.5497275 0.8122105265625 0.64947125 0.8267568921875 0.65434625 0.6913249796875001 0.559101875 0.6797886375
1 0.653989375 0.69222389375 0.64909625 0.8262556390625001 0.757465 0.841805346875 0.75559 0.6993508765625001 0.653989375 0.69222389375
1 0.65022125 0.8262556390625001 0.64459625 0.9767351718749999 0.75859 0.999164578125 0.757465 0.841805346875 0.65022125 0.8262556390625001
1 0.5497275 0.812712615625 0.5384781249999999 0.9571729328125 0.64497125 0.9777385125 0.65059625 0.82725898125 0.5497275 0.812712615625
1 0.46733062500000006 0.6705004171875 0.45394875 0.7980150375 0.54918375 0.8112080203125 0.557505625 0.681752715625 0.46733062500000006 0.6705004171875
1 0.381529375 0.661433584375 0.36302875 0.785234753125 0.45394875 0.7976023390625 0.46689375 0.6706207187500001 0.381529375 0.661433584375
1 0.29738125000000004 0.652893065625 0.277348125 0.772041771875 0.363953125 0.785234753125 0.38059625 0.66155054375 0.29738125000000004 0.652893065625
1 0.45376500000000003 0.7974277359374999 0.43835625 0.9379515453125 0.538214375 0.9589782796874999 0.5496181250000001 0.8117944859374999 0.45376500000000003 0.7974277359374999
1 0.3634625 0.785408521875 0.342813125 0.9214603171875 0.438048125 0.93836424375 0.453766875 0.798189640625 0.3634625 0.785408521875
1 0.27734437500000003 0.7718638265625 0.254845625 0.903792815625 0.34391625000000003 0.921521303125 0.36302500000000004 0.785468671875 0.27734437500000003 0.7718638265625
1 0.11985187500000001 0.751249790625 0.04035875 0.73759064375 0.005508125 0.858030075 0.09118875 0.874933165625 0.11985187500000001 0.751249790625
1 0.195361875 0.7619690890624999 0.11985187500000001 0.7508379281249999 0.090264375 0.8724594828125 0.16978125 0.8877142859375 0.195361875 0.7619690890624999
1 0.27703625 0.7718638265625 0.19602250000000002 0.7611629078125 0.169473125 0.888950709375 0.254229375 0.9042055140624999 0.27703625 0.7718638265625
1 0.11929749999999999 0.7506574765625 0.14447375 0.6374085218750001 0.0712175 0.6282105265625 0.040705625 0.73705263125 0.11929749999999999 0.7506574765625
1 0.14515187499999999 0.6369548875000001 0.11868125 0.749832915625 0.195731875 0.7622013359375 0.2188475 0.6447017546875 0.14515187499999999 0.6369548875000001
1 0.219083125 0.64466081875 0.195731875 0.7617886375 0.27740624999999997 0.7725079359375 0.2977475 0.6525355046875 0.219083125 0.64466081875
1 0.663048125 0.45603675781249997 0.65767625 0.5705329984375 0.753460625 0.5697560562499999 0.753460625 0.452498746875 0.663048125 0.45603675781249997
0 0.777989375 0.0181612359375 0.18438125 0.068376775 0 0.861536340625 0.78745625 0.99323391875 0.777989375 0.0181612359375