1 0.8939541625 0.7965462578125 0.8231792609375 0.8089533187500001 0.835419465625 0.8928562609374999 0.9063202109375 0.885217946875 0.8939541625 0.7965462578125
1 0.765713884375 0.9086314312500001 0.8346914890624999 0.892532321875 0.82302935 0.8101069640624999 0.7505626546874999 0.8234308421875 0.765713884375 0.9086314312500001
1 0.823338275 0.8106352546875 0.8110613125 0.7235539140625 0.7377522484375 0.7372348328125 0.7517369484375 0.8246839546875 0.823338275 0.8106352546875
1 0.8232471390624999 0.810118634375 0.8943691656249999 0.7974770390625 0.8858617765625001 0.7087182671875001 0.8108927359375 0.7229879375 0.8232471390624999 0.810118634375
1 0.8858955453125 0.7092267734375 0.8767449562499999 0.6184451281250001 0.7991947859375 0.6305379 0.8110240640624999 0.7227448984375 0.8858955453125 0.7092267734375
1 0.87620078125 0.6176732578124999 0.8680951890624999 0.5182120593749999 0.7872489015624999 0.53323426875 0.7992571671875 0.6307302046875 0.87620078125 0.6176732578124999
1 0.7378947609375001 0.7382518609375001 0.8114184171875 0.7230917328124999 0.7995039984375001 0.6309177906250001 0.7231193515625 0.6451953734375 0.7378947609375001 0.7382518609375001
1 0.7878752171875 0.53303195625 0.8673423640625 0.5182595625 0.8579620296874999 0.41599428125 0.7747776328125 0.42906270625 0.7878752171875 0.53303195625
1 0.7746214328125001 0.428353340625 0.8578158 0.41444378281249994 0.848569265625 0.299965475 0.7619648921875 0.314033075 0.7746214328125001 0.428353340625
1 0.762128325 0.31477529375 0.8492633109375 0.300223378125 0.8384827187499999 0.1780709203125 0.7496226453125 0.191251690625 0.762128325 0.31477529375
1 0.7492497265625 0.1910785203125 0.8391670781249999 0.17680845781250001 0.8319373296875 0.043722825 0.73815833125 0.056678070312499995 0.7492497265625 0.1910785203125
1 0.6597695375 0.20614223593749997 0.7487426515625 0.19129109375 0.7385892671875001 0.0573025671875 0.643190453125 0.0715338015625 0.6597695375 0.20614223593749997
1 0.7634284859375 0.3148271921875 0.749111996875 0.19049705156250002 0.660199978125 0.2053967140625 0.67705296875 0.3303567890625 0.7634284859375 0.3148271921875
1 0.67625748125 0.32857862031249996 0.6929388421875 0.44235714374999996 0.7745510390625 0.42801311406250003 0.7623978984375 0.315562196875 0.67625748125 0.32857862031249996
1 0.7088017640625 0.5488555390625 0.78834618125 0.53343613125 0.7748149703125 0.42813159375 0.6926861484375 0.4423982796875 0.7088017640625 0.5488555390625
1 0.723572903125 0.6460605375 0.7996832640625 0.6304932890625 0.787494646875 0.5340538484375 0.708930575 0.5474827984374999 0.723572903125 0.6460605375
1 0.5695034234375 0.22156689218749998 0.6605365625 0.206041809375 0.64289700625 0.0720414703125 0.54736455625 0.0853781515625 0.5695034234375 0.22156689218749998
1 0.66016039375 0.2060681359375 0.5692298734375 0.2208705265625 0.5906131578125 0.3441209625 0.6773315953125 0.329021621875 0.66016039375 0.2060681359375
1 0.677830053125 0.328684784375 0.59124094375 0.34419242968749997 0.6102979390625001 0.45687823437499997 0.6924910953125 0.44279219062499997 0.677830053125 0.328684784375
1 0.62963056875 0.5627236625 0.7093248812499999 0.547984975 0.6934113375 0.44254813750000005 0.6106337453124999 0.45744055 0.62963056875 0.5627236625
1 0.64695724375 0.660034509375 0.7235455078124999 0.645448890625 0.7091458265624999 0.5479731078125 0.6290317437499999 0.5619912312500001 0.64695724375 0.660034509375
1 0.6472376125 0.6589303171875 0.66393544375 0.7525840546875 0.73809999375 0.73768699375 0.7229512546875 0.645943565625 0.6472376125 0.6589303171875
1 0.6796372703125 0.839340003125 0.751959253125 0.824390328125 0.73765733125 0.7375522296875 0.66411256875 0.7522026609375 0.6796372703125 0.839340003125
1 0.766542571875 0.9079598359375 0.75169375 0.823889 0.6797412609375 0.8390403281250001 0.6957844078125001 0.9240678000000001 0.766542571875 0.9079598359375
1 0.6071125546875 0.8530607937499999 0.6801643281249999 0.839050871875 0.6633765875 0.7521182640624999 0.5883790046875 0.766798375 0.6071125546875 0.8530607937499999
1 0.62539525 0.9372786296875001 0.6957712375 0.9229983 0.6798239984375 0.8394160718749999 0.6070099375 0.8537834921874999 0.62539525 0.9372786296875001
1 0.5339306781250001 0.8688573140625 0.606859859375 0.8531019296875 0.5886760468750001 0.766465528125 0.5131016765624999 0.782582575 0.5339306781250001 0.8688573140625
1 0.5535037140625 0.951805671875 0.625825071875 0.9368561 0.60625185 0.8539068984375 0.5342102359374999 0.8677523812500001 0.5535037140625 0.951805671875
1 0.5887380578125 0.76684988125 0.664315540625 0.7524288046875001 0.6467299546875 0.6606841265625001 0.568831375 0.6740710671875 0.5887380578125 0.76684988125
1 0.5691866890624999 0.6733072328125 0.6470852671875 0.6599202921875 0.628935546875 0.5625846015625 0.5486322359375 0.5763979078125 0.5691866890624999 0.6733072328125
1 0.548674715625 0.5764616796875 0.6289493640625 0.561981078125 0.610783921875 0.4579405796875 0.52657246875 0.47133153125 0.548674715625 0.5764616796875
1 0.5128214171875001 0.7820993578125 0.5887817015625 0.7658505484375 0.5696394406249999 0.6747851421875 0.49028703125 0.69045429375 0.5128214171875001 0.7820993578125
1 0.4912695171875 0.691352909375 0.5694284921875 0.67439361875 0.548448053125 0.5772403500000001 0.46761653281250004 0.5910645921875 0.4912695171875 0.691352909375
1 0.4679047484375 0.5913021671875 0.549012178125 0.5770403046875 0.5269107875000001 0.47159410937499996 0.4425734265625 0.48458056562499996 0.4679047484375 0.5913021671875
1 0.44214298281250003 0.48500319843749995 0.527591825 0.47144659375 0.5037229203125 0.358448903125 0.41503095625 0.37256922812500004 0.44214298281250003 0.48500319843749995
1 0.5269844390625 0.47225146249999994 0.6111979125 0.457836534375 0.5908457828125 0.34387714375 0.50340828125 0.3592418953125 0.5269844390625 0.47225146249999994
1 0.5034291640624999 0.359574475 0.591206803125 0.3435207921875 0.5692904546875 0.22141568125000002 0.477957159375 0.23557764531249997 0.5034291640624999 0.359574475
1 0.41555741562500004 0.372820378125 0.5035317828125 0.3588517765625 0.47838796562499997 0.23555289531249998 0.3855387609375 0.2495636890625 0.41555741562500004 0.372820378125
1 0.4771553296875 0.2347011078125 0.5700793078124999 0.2206336359375 0.547501675 0.0856281046875 0.4499650421875 0.099334675 0.4771553296875 0.2347011078125
1 0.3856174234375 0.2503083640625 0.4778859296875 0.23564159999999998 0.4498546796875 0.10074717343749999 0.3525143890625 0.11661045 0.3856174234375 0.2503083640625
1 0.29272797968750003 0.2641276125 0.3850720546875 0.24980110625 0.35245596562500003 0.1169908453125 0.2549563265625 0.12942427343750001 0.29272797968750003 0.2641276125
1 0.41564653125 0.3723738984375 0.38580562343749997 0.24873571249999998 0.29340008125 0.26294743125000003 0.32701669375 0.38574321093749997 0.41564653125 0.3723738984375
1 0.41465699375 0.37144326875 0.326607496875 0.38507066874999996 0.35679808125 0.498415471875 0.44206917343749996 0.4852403640625 0.41465699375 0.37144326875
1 0.44217762499999996 0.4854129515625 0.35632036562499997 0.49863810312499995 0.3842729625 0.60409696875 0.46753185625000004 0.5916691765625 0.44217762499999996 0.4854129515625
1 0.49068449531249997 0.6892743140625 0.4672838140625 0.59058380625 0.3851523125 0.6038403734375 0.41162372031250005 0.7017683296875 0.49068449531249997 0.6892743140625
1 0.491098103125 0.6893064703125 0.41136937656250006 0.7000320984374999 0.4359907328125 0.792892534375 0.5125528890625 0.7822329578125 0.491098103125 0.6893064703125
1 0.43644799062499995 0.792441975 0.45971315312499994 0.8791404500000001 0.5334519656250001 0.8690137828125 0.5128486375 0.7821848124999999 0.43644799062499995 0.792441975
1 0.48037865625 0.9628822515625 0.5547129078124999 0.9504054140625 0.53359048125 0.8680461312500001 0.4591759390625 0.8792279015625001 0.48037865625 0.9628822515625
1 0.40822249531250004 0.97387703125 0.48156227500000004 0.9619382015625 0.4590665078125 0.8797640828125 0.38433309375 0.8906600390625 0.40822249531250004 0.97387703125
1 0.38473212343749996 0.8924722015625 0.45863810312500003 0.8793154546874999 0.43611294687499996 0.7921971890624999 0.3592673296875 0.804630803125 0.38473212343749996 0.8924722015625
1 0.3586215484375 0.8054873015625 0.435831009375 0.7921671640625 0.41177824531249996 0.701137540625 0.33203924375 0.712570834375 0.3586215484375 0.8054873015625
1 0.332141434375 0.71249485625 0.41144214218749997 0.7010875328124999 0.3853595046875 0.6033929984374999 0.30298989062500004 0.615491890625 0.332141434375 0.71249485625
1 0.303019315625 0.6143604781249999 0.3858122171875 0.60238466875 0.35685771875 0.498965146875 0.27065982499999997 0.5103703734375 0.303019315625 0.6143604781249999
1 0.27227085156249997 0.51211875625 0.3569731109375 0.49870550468749997 0.32671878906249996 0.3857140390625 0.23778528125 0.39721115625 0.27227085156249997 0.51211875625
1 0.2374873765625 0.3983854015625 0.3269166 0.384954028125 0.2925238046875 0.26238146875 0.19944579375 0.2761720703125 0.2374873765625 0.3983854015625
1 0.199441528125 0.27615269531250003 0.2941341171875 0.26261500781249997 0.25448076875000003 0.128520803125 0.155970196875 0.143184415625 0.199441528125 0.27615269531250003
1 0.10538329531249999 0.29033761406249997 0.1997278203125 0.2764813390625 0.15559165 0.1421403625 0.055712165625 0.15575009687500002 0.10538329531249999 0.29033761406249997
1 0.149096153125 0.41050198125000004 0.2380679328125 0.39752032187499997 0.198831646875 0.2759805734375 0.10546324843749999 0.2907007203125 0.149096153125 0.41050198125000004
1 0.23843804062500001 0.397076096875 0.1482034984375 0.4106394390625 0.18401024531250001 0.5227034765624999 0.27105283125 0.5108666546875 0.23843804062500001 0.397076096875
1 0.219585753125 0.6299251671875 0.303969371875 0.615061915625 0.2711407625 0.5112659859375001 0.18317531250000002 0.523966015625 0.219585753125 0.6299251671875
1 0.30257643125 0.6151874390625001 0.21920041562499998 0.62926706875 0.2510392890625 0.7260498640625 0.3314575046875 0.71219778125 0.30257643125 0.6151874390625001
1 0.332547215625 0.712541375 0.2517460640625 0.7272167671875 0.281947490625 0.8174173781249999 0.3591229359375 0.8049230921875001 0.332547215625 0.712541375
1 0.3581490296875 0.8050144359375 0.2821745203125 0.8194111328125 0.309581546875 0.9011889328124999 0.384553946875 0.8903745000000001 0.3581490296875 0.8050144359375
1 0.33543765468750003 0.9870240578124999 0.4080912328125 0.9729140234375 0.3843327140625 0.8912482828125 0.31065051875 0.9017758875 0.33543765468750003 0.9870240578124999
0 0.5063852062499999 1 0.9421406187500001 0.9262668328125001 0.8659452984374999 0.012828818750000002 0.6765707953125 0.0100232703125 0.0052084343749999994 0.1171897671875 0.0057793546875 0.130035478125 0.31356201562499997 1 0.5063852062499999 1