1 0.384245540625 0.6710346453125 0.43302414999999994 0.6717860109375 0.43113283906250005 0.62490056875 0.3845567046875 0.626203625 0.384245540625 0.6710346453125
1 0.38506934375 0.62576523125 0.4321890375 0.6248112484375 0.428687375 0.577403375 0.3811080484375 0.580109759375 0.38506934375 0.62576523125
1 0.3779038375 0.535707490625 0.3809262828125 0.5799930296875 0.428180046875 0.5779734203125 0.42330190625 0.5314726656250001 0.3779038375 0.535707490625
1 0.37393194531249996 0.48978934531249996 0.3763199625 0.535841434375 0.42295515312500004 0.531634090625 0.419639696875 0.484474040625 0.37393194531249996 0.48978934531249996
1 0.419469396875 0.484620546875 0.4165324828125 0.4380870984375 0.3701894625 0.44516902500000005 0.37306279999999997 0.4901264171875 0.419469396875 0.484620546875
1 0.4159986765625 0.43800076875 0.4146253171875 0.3908085859375 0.3685161734375 0.3993200640625 0.3701894625 0.44516902500000005 0.4159986765625 0.43800076875
1 0.4146253171875 0.3908085859375 0.413448734375 0.344126271875 0.36691259062500003 0.35517811093749996 0.36834056249999997 0.399334915625 0.4146253171875 0.3908085859375
1 0.413277590625 0.344272846875 0.41230396562499994 0.2982326171875 0.3654422328125 0.309970603125 0.3674296703125 0.3548708109375 0.413277590625 0.344272846875
1 0.413277590625 0.344272846875 0.4624909078125 0.3339174296875 0.458375953125 0.284452840625 0.4117807296875 0.2984083359375 0.413277590625 0.344272846875
1 0.41498266875 0.3909098359375 0.46441398125 0.38159026875 0.46229938906249995 0.3335379515625 0.41379551562500005 0.3439654765625 0.41498266875 0.3909098359375
1 0.41634543125 0.4378393421875 0.464960578125 0.43017022968749996 0.4638757078125 0.38137221875 0.41497207343750003 0.39064715781250003 0.41634543125 0.4378393421875
1 0.419826746875 0.4847217953125 0.4692148859375 0.4787002125 0.46529676249999996 0.42974675781249994 0.4166816171875 0.43741587343750005 0.419826746875 0.4847217953125
1 0.4236434015625 0.531180846875 0.47276421874999996 0.527289815625 0.469204290625 0.47843753749999995 0.4205414765625 0.48492492656249997 0.4236434015625 0.531180846875
1 0.42835121562499995 0.5778274765625 0.4779194875 0.5762713859375 0.47311099843750004 0.52712901875 0.42330190625 0.5314726656250001 0.42835121562499995 0.5778274765625
1 0.4318157796875 0.624315671875 0.48178378750000006 0.6239115328125 0.47825036093750006 0.575716259375 0.429076540625 0.57829328125 0.4318157796875 0.624315671875
1 0.43319529375 0.6716394375 0.4850031140625 0.6730568171875 0.48178909843750006 0.624043184375 0.431836971875 0.624841021875 0.43319529375 0.6716394375
1 0.4851681296875 0.6727792906250001 0.5357599984375 0.6746939109375 0.53440861875 0.6236783921875 0.4819920296875 0.6246846390624999 0.4851681296875 0.6727792906250001
1 0.4818208859375 0.6248312125 0.5351180359375001 0.6237498687499999 0.5311310484375 0.5730893328125 0.4771888515625 0.575673925 0.4818208859375 0.6248312125
1 0.47754622968750005 0.57577580625 0.5304110125 0.57275455 0.52697455625 0.522573971875 0.47311099843750004 0.52712901875 0.47754622968750005 0.57577580625
1 0.526776909375 0.5220635421875001 0.5229981421875001 0.47217548281250005 0.4690437421875 0.4788467890625 0.472758934375 0.5271587921875 0.526776909375 0.5220635421875001
1 0.46972668124999994 0.4782618921875 0.5224545843749999 0.4718264078125 0.5186757921875 0.42193771875 0.4647955640625 0.43044775625 0.46972668124999994 0.4782618921875
1 0.464597915625 0.42993732656250006 0.5184993359375001 0.421952640625 0.51697763125 0.37108299375 0.463528928125 0.3815330125 0.464597915625 0.42993732656250006
1 0.4638651109375 0.38110954218750004 0.5160811609375 0.3707637640625 0.5147827375 0.32106099375 0.462998234375 0.3333473828125 0.4638651109375 0.38110954218750004
1 0.5159889125 0.3203003765625 0.5113030546874999 0.26982978125 0.45751740312500006 0.28505258906250003 0.462485596875 0.33378577656249997 0.5159889125 0.3203003765625
1 0.5159889125 0.3203003765625 0.5724843671875 0.30656194375 0.5670255171874999 0.254443815625 0.51164455 0.2695379625 0.5159889125 0.3203003765625
1 0.5167906046875 0.370835871875 0.574800259375 0.359604475 0.5723185078124999 0.30683954375 0.5156474421875 0.3205928265625 0.5167906046875 0.370835871875
1 0.518654625 0.4214129953125 0.5762205265625 0.41232770468749996 0.574784378125 0.3592107765625 0.5164544203125 0.37125934374999997 0.518654625 0.4214129953125
1 0.522299296875 0.4723660515625 0.5799605875 0.465645471875 0.57639698125 0.4123127828125 0.51867050625 0.4218066953125 0.522299296875 0.4723660515625
1 0.5266118953125 0.5223410687500001 0.5829655484375 0.5182340562500001 0.5790808453125 0.46571986875000004 0.5224810609375 0.4724827828125 0.5266118953125 0.5223410687500001
1 0.5307895546875 0.5733811531249999 0.5886106078125 0.5706000109375 0.585072659375 0.5179243953125 0.5273213375 0.522413175 0.5307895546875 0.5733811531249999
1 0.535480696875 0.6239827703125 0.5933803875 0.6231720828125 0.5887756203125 0.570322484375 0.5309660093749999 0.57336623125 0.535480696875 0.6239827703125
1 0.5368109109375 0.6744735703125 0.5937762203125 0.676772028125 0.593203934375 0.6231870046875 0.5353095531250001 0.624129346875 0.5368109109375 0.6744735703125
1 0.5939526749999999 0.6767571078125 0.65533429375 0.6790777671875 0.6564587609375 0.623767825 0.5939557343749999 0.6243091859375001 0.5939526749999999 0.6767571078125
1 0.6567949203125 0.623343725 0.6517215546874999 0.567635090625 0.5884341515625 0.5706149328125 0.5932304109375 0.62384338125 0.6567949203125 0.623343725
1 0.6560331421875001 0.6788871999999999 0.7252131671875001 0.6818656062499999 0.7256563265625 0.6227918015625 0.6566193078125 0.6233585749999999 0.6560331421875001 0.6788871999999999
1 0.6522606734374999 0.567853071875 0.65626724375 0.6233883484375 0.7253201390624999 0.623215271875 0.7212182046875 0.5653159140625 0.6522606734374999 0.567853071875
1 0.6515406593749999 0.5675189203125 0.6472085015625 0.5126697906250001 0.584762428125 0.518214203125 0.588657753125 0.5709916984375 0.6515406593749999 0.5675189203125
1 0.71640154375 0.5072134265625 0.6470487703125001 0.513078340625 0.6510553671875 0.5686142453125 0.720514075 0.565375459375 0.71640154375 0.5072134265625
1 0.6430527953125 0.457805740625 0.5799288 0.46485744375 0.583680278125 0.5184371875 0.645821428125 0.513314234375 0.6430527953125 0.457805740625
1 0.642876340625 0.4578206625 0.6392324312500001 0.4025182890625 0.57535138125 0.4126647765625 0.579229953125 0.46504801406249996 0.642876340625 0.4578206625
1 0.639398290625 0.40224069062499995 0.63698090625 0.3467031265625 0.574080246875 0.359270321875 0.5755216796875 0.41251827343749997 0.639398290625 0.40224069062499995
1 0.6369967875 0.347096825 0.634094109375 0.2926545859375 0.5726864578125 0.3072034671875 0.574624646875 0.359619325 0.6369967875 0.347096825
1 0.6347770500000001 0.29206968906249997 0.6321840265625001 0.2365463453125 0.5663213859375 0.2545033609375 0.572169375 0.30751076718750003 0.6347770500000001 0.29206968906249997
1 0.6369967875 0.347096825 0.7058560890625001 0.333367115625 0.70352508125 0.27558156562499997 0.635294975 0.29176231874999997 0.6369967875 0.347096825
1 0.6349481953125 0.2919231140625 0.7035197953125001 0.2754505421875 0.700682303125 0.218234971875 0.631304284375 0.2366207421875 0.6349481953125 0.2919231140625
1 0.64044389375 0.40188869687500006 0.7073073578125 0.391227059375 0.7041010453125 0.3336470015625 0.63701269375 0.3474911546875 0.64044389375 0.40188869687500006
1 0.6430369140625001 0.4574120421875 0.7115954999999999 0.4493742421875 0.7078191265625 0.3907881046875 0.6392165515625 0.402124590625 0.6430369140625001 0.4574120421875
1 0.6472190953125 0.512932465625 0.7160494765625 0.5072431984375 0.7114304859375 0.44965176875 0.6428710546875 0.45768963906250004 0.6472190953125 0.512932465625
1 0.7262693640625 0.6817762875 0.802190803125 0.6855030890625 0.8012908828124999 0.623775040625 0.7260454640625 0.6236810796875 0.7262693640625 0.6817762875
1 0.7258531265625 0.6233023015625 0.8021759109375 0.6238316671875 0.797573590625 0.5622852484374999 0.72104175 0.5653308359375 0.7258531265625 0.6233023015625
1 0.79687474375 0.5624758187500001 0.7922944578125 0.5014546796875 0.7158791765625 0.5073897015625 0.720514075 0.565375459375 0.79687474375 0.5624758187500001
1 0.791947678125 0.501615475 0.7878836296875 0.440287109375 0.710896653125 0.44956481249999997 0.7165833078125 0.50733015625 0.791947678125 0.501615475
1 0.7875421609375 0.44057955781249997 0.78400660625 0.379205865625 0.7085391671875 0.3911228875 0.7119369703125 0.4490817921875 0.7875421609375 0.44057955781249997
1 0.7840119171875 0.37933751875 0.779804021875 0.3188114015625 0.70479989375 0.3334564328125 0.7078615109374999 0.3918388078125 0.7840119171875 0.37933751875
1 0.7054934296875001 0.3331342109375 0.7799804765625 0.318796478125 0.7768340890625 0.2583126953125 0.7033759484375001 0.27625279062499997 0.7054934296875001 0.3331342109375
1 0.7778638109375 0.2575670015625 0.7747121124999999 0.196951565625 0.7003567125 0.21892111875000003 0.70352508125 0.27558156562499997 0.7778638109375 0.2575670015625
1 0.77819996875 0.2571429 0.8570299421875 0.2366399515625 0.8531916515625 0.17212963125 0.7752397890625 0.196906940625 0.77819996875 0.2571429
1 0.780854934375 0.318591059375 0.8601649453125001 0.3012097484375 0.8573660999999999 0.23621584843750001 0.7769832234375 0.2576414703125 0.780854934375 0.318591059375
1 0.7838204 0.378958040625 0.8632779125000001 0.36525426250000004 0.859972609375 0.3008309703125 0.7799910734375 0.3190591546875 0.7838204 0.378958040625
1 0.8678574343750001 0.43062472031250004 0.862734353125 0.3649051875 0.78296100625 0.3795578625 0.7875315640625 0.4403168828125 0.8678574343750001 0.43062472031250004
1 0.7920968109375 0.50094425 0.8729124968749999 0.4946371015625 0.867650034375 0.4298515421875 0.7875368500000001 0.4404479046875 0.7920968109375 0.50094425
1 0.79687474375 0.5624758187500001 0.8787246718749999 0.559903315625 0.8732433703125 0.494081975 0.7919264874999999 0.5010901234375 0.79687474375 0.5624758187500001
1 0.8014558968750001 0.6234975140625 0.883075575 0.6239746125 0.8783514125 0.5594077375000001 0.7970617953125 0.5627235703125 0.8014558968750001 0.6234975140625
1 0.803929940625 0.6848288703125001 0.8885250875 0.6890079250000001 0.883619159375 0.62432431875 0.8018238453125001 0.623861440625 0.803929940625 0.6848288703125001
0 0.34573481093749997 0.297583178125 0.3662344890625 0.683206209375 0.9133036484374999 0.7110353328125 0.877490315625 0.14156033750000002 0.34573481093749997 0.297583178125