1 0.7243113203125 0.178974765625 0.78805125 0.16977104375000002 0.7690674765625001 0.0996239875 0.7073867609375 0.10576096406249999 0.7243113203125 0.178974765625
1 0.6614485734375 0.1775791171875 0.7243113203125 0.178974765625 0.7077966625000001 0.105810271875 0.6457643578125001 0.1020149359375 0.6614485734375 0.1775791171875
1 0.594933996875 0.17763160625000002 0.6616085375 0.177106865625 0.6461095859375 0.1019859578125 0.5813584609375 0.1005261546875 0.594933996875 0.17763160625000002
1 0.5246494875 0.1794944625 0.59471999375 0.177643359375 0.5814022140625 0.100208928125 0.5135803953125 0.09911482499999999 0.5246494875 0.1794944625
1 0.45189365 0.1801243328125 0.524547134375 0.1792721078125 0.513875896875 0.0985866953125 0.4435591796875 0.0973130984375 0.45189365 0.1801243328125
1 0.3760473171875 0.1817230828125 0.45190393906250004 0.1806941265625 0.44351806250000003 0.0964928046875 0.3695676078125 0.09510225312500001 0.3760473171875 0.1817230828125
1 0.29196646875 0.0934887875 0.296565675 0.18249347656249998 0.375635128125 0.1818592875 0.36917241562499997 0.094931053125 0.29196646875 0.0934887875
1 0.451990265625 0.180341159375 0.46103237343750003 0.26682127968749997 0.5364204640625 0.26353662031249997 0.524733096875 0.1788869453125 0.451990265625 0.180341159375
1 0.37613364531250004 0.1813701140625 0.3828684953125 0.27025752812500003 0.4614539765625 0.2665125328125 0.4518531765625 0.18038042031249998 0.37613364531250004 0.1813701140625
1 0.297277584375 0.181993421875 0.301694278125 0.27271920625 0.3828839359375 0.2711126359375 0.37591965312500003 0.182041575 0.297277584375 0.181993421875
1 0.5243258078124999 0.179017034375 0.5358994328125 0.263646234375 0.6085066109375 0.26022952187500004 0.5945525 0.17724754375000001 0.5243258078124999 0.179017034375
1 0.67708285625 0.2584604703125 0.6613712921875 0.177189209375 0.594198365625 0.17803191875 0.60786648125 0.260264671875 0.67708285625 0.2584604703125
1 0.66108753125 0.1774953921875 0.6764215234375001 0.257356071875 0.74203946875 0.2574597078125 0.724150990625 0.17796978593749999 0.66108753125 0.1774953921875
1 0.7241962843749999 0.1793334859375 0.74184328125 0.257070478125 0.807900740625 0.24602842187500001 0.7875085109375 0.17010064062500002 0.7241962843749999 0.1793334859375
1 0.8294157437499999 0.328184353125 0.80851415 0.24777428750000002 0.7418048796875001 0.25695567812500003 0.7605973078125 0.3402331421875 0.8294157437499999 0.328184353125
1 0.694172146875 0.3427400234375 0.76058701875 0.33966335000000003 0.7420338828124999 0.2566299484375 0.6763804875 0.257025965625 0.694172146875 0.3427400234375
1 0.6082625015625001 0.2604817578125 0.62305923125 0.3460746828125 0.6945886125 0.342146796875 0.676919421875 0.2583241421875 0.6082625015625001 0.2604817578125
1 0.6239881015625001 0.34666334375 0.608098134375 0.25970414218750004 0.53659801875 0.26289388125 0.5490891062500001 0.3533424578125 0.6239881015625001 0.34666334375
1 0.46181049218750003 0.2663109078125 0.47222670625 0.35784879062499997 0.5490839703125 0.353057978125 0.5363740531250001 0.263533321875 0.46181049218750003 0.2663109078125
1 0.3829701640625 0.2708582125 0.391475009375 0.363070578125 0.4723837984375 0.3577725234375 0.4614080515625 0.266709625 0.3829701640625 0.2708582125
1 0.30178628281250003 0.2727500609375 0.3065037984375 0.36830695156250004 0.39125071875 0.3625125359375 0.3836212078125 0.2713928203125 0.30178628281250003 0.2727500609375
1 0.2145203328125 0.16942211406250002 0.296800653125 0.181111046875 0.2925078859375 0.093259471875 0.21314773125 0.07699596875 0.2145203328125 0.16942211406250002
1 0.2139355109375 0.1698492203125 0.214873034375 0.27099575468750003 0.30171780312499996 0.2729467234375 0.297023225 0.1808107234375 0.2139355109375 0.1698492203125
1 0.21545071718750003 0.2701732140625 0.2169516609375 0.369707171875 0.3066920015625 0.36794170937500004 0.30194234999999997 0.2726863765625 0.21545071718750003 0.2701732140625
1 0.21654259687500002 0.36953088749999996 0.2181041375 0.4738431703125 0.311774675 0.47213579375 0.3065462953125 0.3687872921875 0.21654259687500002 0.36953088749999996
1 0.3057097125 0.36807164062500003 0.311790175 0.4729942359375 0.40018228593750005 0.4642739609375 0.3918342640625 0.363159409375 0.3057097125 0.36807164062500003
1 0.39161403125 0.36421368125 0.399217396875 0.464326946875 0.4837415734375 0.45538900625 0.4714416265625 0.35689816093750004 0.39161403125 0.36421368125
1 0.39919415625 0.46303969843750004 0.40857678281250004 0.572506665625 0.49624813437500004 0.5595294984375 0.48419544531250003 0.45492483281249996 0.39919415625 0.46303969843750004
1 0.31147630312499996 0.47344153593750005 0.31640199375 0.58573113125 0.4092277984375 0.57290098125 0.39967485156250004 0.4638183171875 0.31147630312499996 0.47344153593750005
1 0.470931846875 0.357249328125 0.48396542187499997 0.45491658749999997 0.5636716625 0.44667327968750004 0.5500297234375 0.3530553140625 0.470931846875 0.357249328125
1 0.549122940625 0.3542449890625 0.5636871625000001 0.447531721875 0.640813234375 0.4390000328125 0.6236199859375 0.34712447968750004 0.549122940625 0.3542449890625
1 0.6233692234375 0.3467307328125 0.6401616078125001 0.4386065875 0.7137646296875 0.431127653125 0.6933254328125 0.341879625 0.6233692234375 0.3467307328125
1 0.6944754609375 0.3436853765625 0.7131207468749999 0.4311630109375 0.7822668328125 0.4265067046875 0.7609661484375 0.3400550578125 0.6944754609375 0.3436853765625
1 0.7139845890625 0.43283332812499997 0.7336389046875 0.530507796875 0.8053248234374999 0.5236285031250001 0.7822318609375001 0.42685935781250006 0.7139845890625 0.43283332812499997
1 0.6410511375 0.438473396875 0.659307628125 0.5401486515625 0.7346181859375001 0.530454021875 0.7132747187499999 0.4313649953125 0.6410511375 0.438473396875
1 0.563362840625 0.44583929375000003 0.5794514921875 0.5495951875 0.6601431390625 0.5392785515625 0.640860721875 0.43857738125 0.563362840625 0.44583929375000003
1 0.4836393046875 0.455448903125 0.49606666875 0.5600597171875 0.5801802046875 0.549227821875 0.5636037328125 0.44641479375 0.4836393046875 0.455448903125
1 0.782249503125 0.42762832968750003 0.8525318171875 0.4203016828125 0.8290889421875001 0.3307601390625 0.760395346875 0.33973233125 0.782249503125 0.42762832968750003
1 0.7821308546875 0.42855008906250003 0.8056550265625001 0.5225940828125 0.8758685625 0.5114582515625 0.8523742921874999 0.42104770625 0.7821308546875 0.42855008906250003
1 0.905452996875 0.6124187625 0.8758648546875 0.5135077328125 0.8048410046875001 0.5229544421875 0.831877375 0.6244331671875 0.905452996875 0.6124187625
1 0.7582767140625 0.635061046875 0.8316301953125 0.6251398546875 0.805055315625 0.5238963328125 0.734305259375 0.5306415624999999 0.7582767140625 0.635061046875
1 0.6580840343750001 0.5400271171875 0.678749678125 0.64844193125 0.7582892328125 0.6357543078125001 0.7345524390625 0.529934875 0.6580840343750001 0.5400271171875
1 0.57967545 0.5497532453125 0.5962631171874999 0.6625523484375 0.6791453796875 0.6479475484375 0.6587519203125 0.5402109015625001 0.57967545 0.5497532453125
1 0.509922296875 0.67623140625 0.5967110453125 0.6621060390625 0.579358203125 0.549250415625 0.49639327812499995 0.5601444953125 0.509922296875 0.67623140625
1 0.4087942296875 0.5725815734374999 0.4189861640625 0.6909319109375 0.5101626 0.6751785390625 0.49575949062499997 0.558796409375 0.4087942296875 0.5725815734374999
1 0.3167902953125 0.58631858125 0.3227679734375 0.707160053125 0.4195011328125 0.689549971875 0.4089882578125 0.5735796921875 0.3167902953125 0.58631858125
1 0.22089234375000003 0.590137425 0.22160369375000002 0.7195871296874999 0.3230323953125 0.7067839453125 0.3164380515625 0.5858201765625 0.22089234375000003 0.590137425
1 0.3229953 0.706949659375 0.3303180203125 0.8419236078125 0.4299172890625 0.8219139578125001 0.418144153125 0.6901931765625 0.3229953 0.706949659375
1 0.221776690625 0.7205304531250001 0.2224680625 0.8628882109375 0.3306844265625 0.8414024421875 0.32336880625000003 0.7078276921875 0.221776690625 0.7205304531250001
1 0.30387726875 1 0.3379030265625 0.9914235250000001 0.3295580984375 0.8414642921875 0.2224680625 0.8628882109375 0.22396041875 1 0.30387726875 1
1 0.329200746875 0.84248684375 0.337545675 0.9924460749999999 0.4437937578125 0.9660545875000001 0.4299263421875 0.8224153421875 0.329200746875 0.84248684375
1 0.419777703125 0.692066740625 0.4304436046875 0.8208829640624999 0.5255532015625 0.8024726796874999 0.5098563140625 0.6758726046875 0.419777703125 0.692066740625
1 0.510295875 0.6759687203125 0.525545759375 0.802060559375 0.6163501421875 0.7847117421875 0.595595415625 0.6621013296875 0.510295875 0.6759687203125
1 0.5965317531250001 0.6621668234375 0.6154246750000001 0.7847625625 0.7018940796875001 0.7668267375 0.6796889328125 0.6489465156249999 0.5965317531250001 0.6621668234375
1 0.4300192921875 0.8214924890624999 0.44409037187499995 0.9678429 0.5436873015625 0.9413556828124999 0.5257265796875 0.8018760984375 0.4300192921875 0.8214924890624999
1 0.5257384390625 0.8026370375 0.5440032328125 0.9417508609375 0.639045915625 0.9196348375 0.6159190140625 0.7849091140625 0.5257384390625 0.8026370375
1 0.6163581140625001 0.7849451281250001 0.6379425890625 0.9197563859375 0.72679875 0.8971558609375 0.701894625 0.7666488359375 0.6163581140625001 0.7849451281250001
1 0.8592014421874999 0.7374051265625 0.8901285453125001 0.8593392 0.9570867859375 0.8424267921874999 0.959925590625 0.7876784140625 0.9385421640624999 0.7193947859375001 0.8592014421874999 0.7374051265625
1 0.8116736781249999 0.8764232328125001 0.8910094093750001 0.8568181671874999 0.8591940140625001 0.7369938421875 0.7837955390625 0.7522607609375 0.8116736781249999 0.8764232328125001
1 0.72742316875 0.8975340984375 0.8120044609375 0.8776409828125 0.7831195984375 0.75149203125 0.7022031125 0.7666318953125 0.72742316875 0.8975340984375
1 0.9381851796875 0.718876596875 0.90567474375 0.6118646203125 0.8324978234374999 0.625077178125 0.859745790625 0.736783165625 0.9381851796875 0.718876596875
1 0.7581677375 0.6364490828125 0.783429290625 0.7525130234375 0.8603479015625 0.73592588125 0.8318107187500001 0.6246614625 0.7581677375 0.6364490828125
1 0.679315803125 0.648609590625 0.701844290625 0.7672954421875 0.7834218484375 0.7521009046875 0.7579310968749999 0.636421159375 0.679315803125 0.648609590625
1 0.21945760625 0.47390746874999995 0.2215718640625 0.5910003234375 0.3174833765625 0.5865101671875 0.3100406828125 0.47246984375 0.21945760625 0.47390746874999995
0 0.266006190625 1 0.9568832531250001 0.8463520625 0.9612306203125 0.7625100046875 0.7822830187500001 0.059037534375 0.187068378125 0.0415276625 0.19504075625 1 0.266006190625 1