1 0.42393985624999997 0.7018050875 0.36856911718749996 0.7250153515625 0.396624884375 0.766994696875 0.4512236140625 0.7474044390625 0.42393985624999997 0.7018050875
1 0.4853686453125 0.690811740625 0.42609202343749997 0.704867290625 0.45119618125 0.746680990625 0.5087307671875 0.7360249265625 0.4853686453125 0.690811740625
1 0.547210746875 0.6787314109375 0.48605669531249995 0.692570559375 0.5094683515625 0.736066425 0.5680613703125 0.72341559375 0.547210746875 0.6787314109375
1 0.6103941421875 0.6631187 0.547210746875 0.6787314109375 0.56861960625 0.72472360625 0.62812955625 0.7108477625 0.6103941421875 0.6631187
1 0.627858628125 0.7111656734375 0.688588315625 0.6996338921875 0.6743531109374999 0.6470488390625 0.6107683359375 0.6625288281249999 0.627858628125 0.7111656734375
1 0.689803359375 0.6988135609375 0.7510606765625 0.6847024515625 0.7391531765625 0.6307493734375 0.6743531109374999 0.6470488390625 0.689803359375 0.6988135609375
1 0.7511522562499999 0.6856510515625 0.81481716875 0.6723410796875 0.8063763343750001 0.617194196875 0.73921820625 0.6309752046875 0.7511522562499999 0.6856510515625
1 0.8152948765625 0.6714801031250001 0.884062671875 0.67210985625 0.8784888593750001 0.6117950609375 0.8064148171875001 0.6166972625 0.8152948765625 0.6714801031250001
1 0.8786454703125001 0.6129694953125 0.8738655156249999 0.5465930671875 0.7978666578125 0.5586577687500001 0.8061164578125 0.616291725 0.8786454703125001 0.6129694953125
1 0.806441365625 0.61742003125 0.7992007125 0.5595094875 0.7263742171875001 0.5731394187500001 0.7391531765625 0.6307493734375 0.806441365625 0.61742003125
1 0.7390116718749999 0.631519125 0.7262327140625 0.57390916875 0.65843239375 0.5917609953125 0.674586440625 0.64722854375 0.7390116718749999 0.631519125
1 0.67437990625 0.6477724625 0.658730753125 0.59216653125 0.5902041453125 0.608757328125 0.6103291125 0.6628928671875001 0.67437990625 0.6477724625
1 0.6100692359375001 0.66199039375 0.5915265125 0.6108296046875 0.524253184375 0.6261022781250001 0.5472868265625 0.6777368593750001 0.6100692359375001 0.66199039375
1 0.54737904375 0.6786852828125001 0.524990765625 0.6261437765625 0.4598281953125 0.6418125531250001 0.4866910125 0.6928840187499999 0.54737904375 0.6786852828125001
1 0.4857702703125 0.69094531875 0.4598547453125 0.6425353234375 0.396369425 0.6545796375 0.42589693281249996 0.70418979375 0.4857702703125 0.69094531875
1 0.4259347765625 0.70369303125 0.396640990625 0.6542615515625 0.3368329203125 0.678445271875 0.368607353125 0.7245175609375 0.4259347765625 0.70369303125
1 0.39586516875 0.6547178453125 0.3650800796875 0.6032603890625 0.30000463437499997 0.6274267859375 0.337012021875 0.677177903125 0.39586516875 0.6547178453125
1 0.460966521875 0.64198695 0.430954078125 0.586909309375 0.36384929375 0.6021367125 0.39649924062499997 0.655030446875 0.460966521875 0.64198695
1 0.45999585625000006 0.6417666015625 0.5244865125 0.6262819828125 0.5001800328125 0.57085780625 0.43078578125 0.5869554375 0.45999585625000006 0.6417666015625
1 0.5243832453125 0.6265539437500001 0.5910216203124999 0.6109679875 0.5696087125 0.5510986640625 0.4998168890625 0.570227290625 0.5243832453125 0.6265539437500001
1 0.590968278125 0.6095215953124999 0.657824871875 0.5921711609375 0.6409670328125 0.5330007812499999 0.569711978125 0.55082670625 0.590968278125 0.6095215953124999
1 0.65759154375 0.5919914578125 0.7265042796875 0.5735910828125 0.7138396390625 0.514488784375 0.6409670328125 0.5330007812499999 0.65759154375 0.5919914578125
1 0.726699125 0.574267725 0.797817371875 0.5603759453125 0.7886266359375 0.4956957421875 0.7138396390625 0.514488784375 0.726699125 0.574267725
1 0.797905990625 0.5605953140625 0.872777328125 0.547134975 0.8685022671875 0.48062016406249997 0.7886234296875 0.49496565312499996 0.797905990625 0.5605953140625
1 0.8680773015625001 0.4804939078125 0.8654034109375001 0.41134918750000005 0.77820956875 0.4223428421875 0.7890399484375 0.49460876093749995 0.8680773015625001 0.4804939078125
1 0.7890664968750001 0.4953315296875 0.7780412703125 0.4223889703125 0.698041121875 0.4426117609375 0.7138396390625 0.514488784375 0.7890664968750001 0.4953315296875
1 0.713541525 0.5140841015625 0.69867519375 0.4429243625 0.620669965625 0.4650350953125 0.6405012578125 0.532642053125 0.713541525 0.5140841015625
1 0.6407345875 0.5328217578125 0.620539903125 0.46458343125 0.5453171015625 0.48690525625000003 0.5692721171875 0.5511909187499999 0.6407345875 0.5328217578125
1 0.5688492125 0.549717528125 0.545706396875 0.4864681453125 0.4712764546875 0.5073968375 0.4996790765625 0.5697343734375 0.5688492125 0.549717528125
1 0.49949611562499996 0.5697845187499999 0.4712057578125 0.5071513296875 0.398575503125 0.5267939546875 0.43064490468749994 0.5868030015625 0.49949611562499996 0.5697845187499999
1 0.39846299375 0.5270887515625 0.32824569062500003 0.542100471875 0.36418255 0.6018441718750001 0.4307571671875 0.5865073484375001 0.39846299375 0.5270887515625
1 0.3279215828125 0.541660459375 0.25885493125000003 0.566147346875 0.2998142828125 0.6268947375 0.36454847031250004 0.60174388125 0.3279215828125 0.541660459375
1 0.328337615625 0.541980215625 0.28484429218749996 0.47438692656250003 0.2114991140625 0.49918537343749997 0.2580198796875 0.5659489 0.328337615625 0.541980215625
1 0.328337615625 0.541980215625 0.3986509140625 0.527717453125 0.36062705 0.45643402968749996 0.28522741093750004 0.47490767343750007 0.328337615625 0.541980215625
1 0.47117054999999997 0.5081540625 0.43825235625000003 0.43515839375 0.36045979375 0.455853196875 0.39870001093749996 0.5270782453125 0.47117054999999997 0.5081540625
1 0.4706541875 0.5079827109374999 0.544785815625 0.48672507343750004 0.51757315625 0.412478503125 0.43825235625000003 0.43515839375 0.4706541875 0.5079827109374999
1 0.5451691828125 0.4872466765625 0.6208142125 0.4655742421875 0.599356184375 0.389437559375 0.517872771875 0.41270926093750004 0.5451691828125 0.4872466765625
1 0.6202978515625001 0.4654028921875 0.6989208328125 0.4435409359375 0.6815663062499999 0.362209396875 0.5991889265625 0.3888567265625 0.6202978515625001 0.4654028921875
1 0.6986700703125 0.4426701125 0.777809415625 0.42097950624999997 0.7665928875 0.3382794578125 0.6810014843750001 0.36267708125000003 0.6986700703125 0.4426701125
1 0.777809415625 0.42097950624999997 0.8649002156250001 0.411510178125 0.8612857437500001 0.327665178125 0.7668925015625 0.3385102140625 0.777809415625 0.42097950624999997
1 0.860986128125 0.32743442031250003 0.856835921875 0.2271445734375 0.7543779953125 0.24239104843749998 0.767241853125 0.3381015890625 0.860986128125 0.32743442031250003
1 0.7674088640625001 0.338681565625 0.7556264359375 0.2426755515625 0.661886840625 0.2711846203125 0.6810505828125 0.3620378703125 0.7674088640625001 0.338681565625
1 0.6816844640624999 0.363429440625 0.663002678125 0.27181834375 0.5723396234375 0.298858440625 0.59957229375 0.389378328125 0.6816844640624999 0.363429440625
1 0.5988404609375 0.38926603437499996 0.5722561171875 0.29856845 0.48466960468750003 0.32413957187500003 0.517524303125 0.41311856875 0.5988404609375 0.38926603437499996
1 0.51730819375 0.4131778 0.48521998125000004 0.3252411515625 0.39987934062499997 0.3505095984375 0.43851795468750004 0.43445892343750003 0.51730819375 0.4131778
1 0.43860170624999995 0.43474976875 0.40031156093750003 0.350391134375 0.31600300625 0.37600245781249997 0.360410940625 0.4564932609375 0.43860170624999995 0.43474976875
1 0.3608431609375 0.45637479843750006 0.316435225 0.37588399687499996 0.23608272968750002 0.3982199796875 0.285242103125 0.47333926562500006 0.3608431609375 0.45637479843750006
1 0.23641699843750003 0.399380790625 0.15609851875 0.4226470046875 0.211464459375 0.498255321875 0.2859254765625 0.47409059375 0.23641699843750003 0.399380790625
1 0.2360332390625 0.39886021875 0.1779683140625 0.307399040625 0.0939895875 0.3438771 0.1560150140625 0.422357015625 0.2360332390625 0.39886021875
1 0.316567828125 0.37553477343749997 0.2645724765625 0.28084565625 0.1777177984375 0.3065290734375 0.23564987343750002 0.398338615625 0.316567828125 0.37553477343749997
1 0.4002133625 0.3516695546875 0.3554513953125 0.2537454734375 0.2651717078125 0.281307171875 0.3170353375 0.37634619062499997 0.4002133625 0.3516695546875
1 0.4000463515625 0.3510895765625 0.48495477343750004 0.32593959375 0.4474759234375 0.2241411671875 0.3558347609375 0.254267078125 0.4000463515625 0.3510895765625
1 0.484537 0.32448879062499997 0.5724231296875 0.299148428125 0.5416619359375 0.1939435125 0.4477755390625 0.224371921875 0.484537 0.32448879062499997
1 0.5722070203125 0.299207659375 0.6621376031249999 0.27205544375 0.63854136875 0.1617561375 0.5414949250000001 0.193363534375 0.5722070203125 0.299207659375
1 0.6626193109375 0.27129674062500003 0.7551451203124999 0.24343322343749998 0.739646703125 0.129662028125 0.638241753125 0.1615253796875 0.6626193109375 0.27129674062500003
1 0.75462875625 0.243261871875 0.8553562890625 0.2284887421875 0.849662275 0.1042047421875 0.74004515 0.12861419375 0.75462875625 0.243261871875
1 0.7244885359375 0 0.74012865625 0.12890418125 0.848831853125 0.1053719 0.8436228515625 0 0.7244885359375 0
1 0.7121102015624999 0 0.6112438359375 0.03212324375 0.6383743578125001 0.16117615937500002 0.7398628109375001 0.129602796875 0.7245254625 0 0.7121102015624999 0
1 0.6386248734375 0.1620461265625 0.6113619953125 0.0333432859375 0.505204334375 0.0705785078125 0.5413279140625 0.1927835546875 0.6386248734375 0.1620461265625
1 0.5422267578125 0.193475828125 0.50551903125 0.0692398265625 0.40250672656250003 0.10686447031249999 0.447726440625 0.225011134375 0.5422267578125 0.193475828125
1 0.44767694999999996 0.2256513734375 0.40303714062499996 0.10546758593750001 0.302600096875 0.139882465625 0.3551517796875 0.253514715625 0.44767694999999996 0.2256513734375
1 0.355269940625 0.254734759375 0.302231175 0.1377915984375 0.2045710578125 0.1705067453125 0.265004696875 0.28072719375 0.355269940625 0.254734759375
1 0.2652208046875 0.28066796250000003 0.2050032765625 0.17038828125 0.1109007671875 0.2008759234375 0.1783176640625 0.3069904140625 0.2652208046875 0.28066796250000003
1 0.178150653125 0.306410434375 0.1105167640625 0.2003544953125 0.0187587671875 0.24303487031249998 0.093655565625 0.34271714375 0.178150653125 0.306410434375
0 0.641979790625 0 0.008497082812499999 0.2294212328125 0.009949218749999999 0.2686289234375 0.3945488375 0.7900455796875 0.904300559375 0.6811048625 0.8649775453125 0 0.641979790625 0