1 0.7622418375 0.8161179187500001 0.6965259609375 0.7997007984375 0.6753566171875 0.8464671890625001 0.73809296875 0.8622091890625001 0.7622418375 0.8161179187500001
1 0.627628965625 0.7942860031250001 0.6107021890625 0.84494429375 0.6754142562500001 0.8483240359374999 0.69596583125 0.7996506578125 0.627628965625 0.7942860031250001
1 0.6278054859375 0.7956298 0.557906465625 0.78836924375 0.5441851015625 0.8388131171875 0.6103728875 0.8449845234375 0.6278054859375 0.7956298
1 0.55804169375 0.7888853796874999 0.48646205 0.778715615625 0.4762201046875 0.8332333078125 0.5438367734375 0.839304734375 0.55804169375 0.7888853796874999
1 0.48689346718750004 0.7787292124999999 0.4143827296875 0.7712348687499999 0.408162015625 0.8273663390625 0.47627426249999993 0.8335321734375001 0.48689346718750004 0.7787292124999999
1 0.4146004109375 0.7699504859374999 0.34010388593749996 0.7612756859375 0.33722670312499997 0.820716340625 0.4077188109375 0.8275277421875 0.4146004109375 0.7699504859374999
1 0.340137225 0.7616352453124999 0.2639806890625 0.7553194953125 0.2655460765625 0.81290040625 0.336930765625 0.8202313968749999 0.340137225 0.7616352453124999
1 0.191052684375 0.8235649546875001 0.2664858921875 0.812758434375 0.263857496875 0.7552208874999999 0.183226703125 0.76141015 0.191052684375 0.8235649546875001
1 0.1745637484375 0.6921570531250001 0.183582484375 0.761692225 0.263501784375 0.75436150625 0.2599603046875 0.6922765453124999 0.1745637484375 0.6921570531250001
1 0.2599939296875 0.6917773125 0.26398784375 0.7550940359375 0.3398188140625 0.7620205140625 0.3417645734375 0.6983444828125001 0.2599939296875 0.6917773125
1 0.341506334375 0.697975515625 0.340039503125 0.7615558984375 0.4142502375 0.770062128125 0.42092245781250004 0.70884675625 0.341506334375 0.697975515625
1 0.41981385312499997 0.7087224984375 0.41420672031250005 0.769674846875 0.4867795609375 0.7787610171875 0.49811038593749996 0.71949351875 0.41981385312499997 0.7087224984375
1 0.49783703125 0.7195476921874999 0.48731029687499994 0.7783036 0.557821390625 0.787625240625 0.573335578125 0.730068253125 0.49783703125 0.7195476921874999
1 0.5731126718749999 0.7294727765625 0.557717559375 0.7880440156249999 0.62806516875 0.7938907234375 0.6483548671875 0.7382152171875 0.5731126718749999 0.7294727765625
1 0.647684990625 0.73775756875 0.62752291875 0.794648278125 0.695627740625 0.799662396875 0.72007665 0.744237659375 0.647684990625 0.73775756875
1 0.719379334375 0.742796303125 0.6958934390625 0.7988872375 0.7620596749999999 0.81608999375 0.791711284375 0.76131149375 0.719379334375 0.742796303125
1 0.7459867171875 0.6821527 0.719535796875 0.7432455250000001 0.79132443125 0.7614609625 0.822576540625 0.7015503828125 0.7459867171875 0.6821527
1 0.7473570953124999 0.681758825 0.6702504203124999 0.6756091468750001 0.6474971843749999 0.7375352140625 0.7202407421875 0.74394760625 0.7473570953124999 0.681758825
1 0.647380340625 0.73835586875 0.670947159375 0.6754990359375 0.592107253125 0.664429146875 0.5730768687500001 0.7302229375 0.647380340625 0.73835586875
1 0.573871115625 0.7299767796875 0.591941334375 0.665123871875 0.510793603125 0.6520904390625 0.49757957968750005 0.719604184375 0.573871115625 0.7299767796875
1 0.4973854359375 0.719396453125 0.5111291453125 0.6518979500000001 0.4286434984375 0.642005765625 0.4213161875 0.7080884203125 0.4973854359375 0.719396453125
1 0.42080300312499996 0.7087323984375 0.4280854515625 0.642411584375 0.3431056546875 0.6305400750000001 0.34169396875 0.6973756765625 0.42080300312499996 0.7087323984375
1 0.25651544375 0.6202813671875 0.2601757 0.691344065625 0.34208593125000003 0.6976869078125 0.343308675 0.63030801875 0.25651544375 0.6202813671875
1 0.1746330734375 0.6926083078125 0.26046935000000004 0.6917635671875 0.25575669218749997 0.61960306875 0.16474669375 0.6192322124999999 0.1746330734375 0.6926083078125
1 0.2516134359375 0.536206459375 0.2559268125 0.61986941875 0.3435304421875 0.6302447578125 0.34592250468749997 0.5489130734375001 0.2516134359375 0.536206459375
1 0.15170214531249998 0.5398047640625 0.1637972203125 0.61939834375 0.2554725 0.6190530437499999 0.251596625 0.536456075 0.15170214531249998 0.5398047640625
1 0.3449984828125 0.5499930265625 0.3436788234375 0.6308934421875 0.42781910468750006 0.6422027531250001 0.4365609078125 0.5644591812499999 0.3449984828125 0.5499930265625
1 0.4366039953125 0.5649223859375 0.4281926828125 0.6424292281249999 0.5105945328125 0.6520949609375 0.5252311578125 0.5783742109375 0.4366039953125 0.5649223859375
1 0.52467169375 0.57832413125 0.5106608515625 0.65257096875 0.5904610531250001 0.6653113 0.6123158171874999 0.5924404328125 0.52467169375 0.57832413125
1 0.6113749984375 0.5927860734375 0.591528709375 0.6645033671875 0.670398971875 0.6743972203124999 0.6973042703125001 0.6044914546875 0.6113749984375 0.5927860734375
1 0.6965410624999999 0.6046742593750001 0.6706052 0.67484285625 0.747518415625 0.6824042 0.7777186781250001 0.6116896953125 0.6965410624999999 0.6046742593750001
1 0.7770989203124999 0.61213735625 0.746311490625 0.68187166875 0.8222568359375 0.701229534375 0.8606752375 0.6309057140625 0.7770989203124999 0.61213735625
1 0.815498690625 0.53066330625 0.777701478125 0.6113190703125 0.8603121234375 0.6310206671875 0.901982659375 0.5475471265625 0.815498690625 0.53066330625
1 0.6965448640624999 0.6041607375 0.7770519453125 0.61106610625 0.8163318 0.5303071328125 0.72746169375 0.5191606828124999 0.6965448640624999 0.6041607375
1 0.6965361171875 0.60536373125 0.727919421875 0.5201051578125 0.6363724703125 0.506800378125 0.6121772640625001 0.5923413453124999 0.6965361171875 0.60536373125
1 0.54248859375 0.49142756875 0.5253735859375 0.5785648015625 0.6121329906249999 0.5929987 0.63615 0.5067250546875 0.54248859375 0.49142756875
1 0.5245830578125 0.5787657140625 0.54228875625 0.4928842390625 0.4457605359375 0.47672869218749997 0.436714321875 0.5642879234375 0.5245830578125 0.5787657140625
1 0.44706381874999995 0.4761286296875 0.3487445734375 0.45650706718749995 0.345209346875 0.549068184375 0.43705324843750004 0.5650984375 0.44706381874999995 0.4761286296875
1 0.24720563750000002 0.4402729671875 0.2529163828125 0.5360585625 0.344910371875 0.5494033593750001 0.3477951453125 0.4564837421875 0.24720563750000002 0.4402729671875
1 0.1366663921875 0.44179925468750003 0.1525640453125 0.53970675625 0.25139558906250004 0.5362513015625 0.2465753453125 0.43961510625000005 0.1366663921875 0.44179925468750003
1 0.118823828125 0.3226788203125 0.1368697484375 0.4421186265625 0.24528729062500002 0.4395319796875 0.23863434374999998 0.3270915703125 0.118823828125 0.3226788203125
1 0.2379034171875 0.3279278578125 0.2463115578125 0.440192934375 0.3478384046875 0.4555930484375 0.3503077078125 0.34881023437500003 0.2379034171875 0.3279278578125
1 0.3501500875 0.349103546875 0.34790496875 0.45590642968750006 0.44597992656249996 0.4758064015625 0.45865043906249997 0.36783303749999996 0.3501500875 0.349103546875
1 0.44652151250000005 0.4762212859375 0.5424389390625 0.49141955 0.5626735515625 0.38664165 0.45831744218750003 0.3678684671875 0.44652151250000005 0.4762212859375
1 0.563012771875 0.38584805 0.5423941453125 0.4916076796875 0.6357318140625 0.507200590625 0.66561975625 0.4052528796875 0.563012771875 0.38584805
1 0.6655996546875 0.4055513546875 0.63648315 0.507243715625 0.7279065546875 0.5190342796875 0.7647497375000001 0.42284331249999996 0.6655996546875 0.4055513546875
1 0.9550213375000001 0.457610271875 0.860420634375 0.43621697031249995 0.8144915765625 0.5303935281250001 0.902565871875 0.5484965796875 0.9550213375000001 0.457610271875
1 0.764585884375 0.42312981250000004 0.7274587515625 0.5201979718749999 0.8144915765625 0.5303935281250001 0.860623990625 0.436536340625 0.764585884375 0.42312981250000004
1 0.8610158203125 0.43624343750000005 0.9549088046875 0.45711493281250004 0.9947575671875001 0.390901246875 0.9953950718750001 0.34786968125 0.9129481421874999 0.32306679531250004 0.8610158203125 0.43624343750000005
1 0.8606820984375 0.43577298437499995 0.9141595562499999 0.323035821875 0.8088696140625 0.303391721875 0.7639238625 0.422833728125 0.8606820984375 0.43577298437499995
1 0.8068366828125001 0.3065181203125 0.7012405453125 0.2847429078125 0.6652267015625 0.40535532031250004 0.7646401375 0.4232285046875 0.8068366828125001 0.3065181203125
1 0.7004543234375 0.2856350140625 0.587500215625 0.26289999062499997 0.5625442609375 0.3863056734375 0.6659150265625 0.4044759 0.7004543234375 0.2856350140625
1 0.5624979734375 0.38660537968750003 0.5890961124999999 0.262198325 0.47414982656250004 0.2389838046875 0.45873788125 0.3680848375 0.5624979734375 0.38660537968750003
1 0.458011265625 0.36794293906250003 0.4732483046875 0.23855725468750003 0.3537906984375 0.21554034687499998 0.3496139078125 0.3493933609375 0.458011265625 0.36794293906250003
1 0.34998491875000004 0.348574903125 0.35444795625 0.21551964531249998 0.23039569218749997 0.1905891875 0.23921356093749999 0.3276134890625 0.34998491875000004 0.348574903125
1 0.11962788906249999 0.322883059375 0.23872830937499998 0.3278327921875 0.2298786140625 0.1906152875 0.09721305 0.1747978328125 0.11962788906249999 0.322883059375
1 0.22940841562499997 0.1902434328125 0.2169159359375 0.024191703125 0.1141432359375 0.0042275265625 0.0714387671875 0.0026458796875 0.0976250484375 0.175805240625 0.22940841562499997 0.1902434328125
1 0.21634731875000002 0.025281128125000003 0.22989274375000002 0.1915084375 0.353781796875 0.21552346406249998 0.357250140625 0.0538245515625 0.21634731875000002 0.025281128125000003
1 0.3561044703125 0.053704123437499994 0.3536107375 0.214287396875 0.47289012656249996 0.2388075921875 0.489204428125 0.084554496875 0.3561044703125 0.053704123437499994
1 0.48955780625 0.084524465625 0.47330097968749996 0.2390668953125 0.5883681468749999 0.262364621875 0.6190987484375 0.1114493953125 0.48955780625 0.084524465625
1 0.617897215625 0.11277439843749999 0.58804050625 0.2621914125 0.7006933203125 0.2849781109375 0.7427831874999999 0.1386812 0.617897215625 0.11277439843749999
1 0.7424754140625 0.13813353281250002 0.7008694281250001 0.28499655625 0.809170175 0.305924484375 0.86221905 0.1635809140625 0.7424754140625 0.13813353281250002
1 0.86146965625 0.1629624375 0.8088103109375 0.3049279984375 0.9125222765625001 0.3221162359375 0.977940371875 0.1869139640625 0.86146965625 0.1629624375
1 0.9136912781250001 0.320628353125 0.9954043875 0.3472408421875 0.9976911890625001 0.1928818140625 0.9775402109375 0.187479584375 0.9136912781250001 0.320628353125
0 0.74616748125 0.8970354031250001 0.9953225328125 0.352766021875 0.9978907609375 0.1794106703125 0.1813624828125 0.006717129687499999 0.04233229375 0.0015678625000000001 0.167961228125 0.855993690625 0.74616748125 0.8970354031250001