1 0.7587472921875 0.1560875984375 0.763159084375 0.22561555625000002 0.8448230984375 0.22205890468749998 0.8384455828125 0.1505658578125 0.7587472921875 0.1560875984375
1 0.68393709375 0.1628263328125 0.684255471875 0.2268003984375 0.7635483703125 0.2242616140625 0.7598994328125 0.1553303734375 0.68393709375 0.1628263328125
1 0.6057639390625 0.22600763750000002 0.68494504375 0.2261413203125 0.6841656625 0.1628736703125 0.6100772812499999 0.1626711125 0.6057639390625 0.22600763750000002
1 0.540067859375 0.15803815000000002 0.5308811812500001 0.2265287640625 0.6060973453125 0.2259894875 0.610207534375 0.162990178125 0.540067859375 0.15803815000000002
1 0.5305471140625 0.22654695 0.5216405609375 0.2883568015625 0.6034516609375 0.2892361125 0.606449365625 0.22552636874999998 0.5305471140625 0.22654695
1 0.6064307531249999 0.2259713390625 0.6031182546875 0.2892542609375 0.6851888921875 0.29189703125 0.6848048890625 0.22635818125 0.6064307531249999 0.2259713390625
1 0.68429684375 0.22573264843750002 0.684150746875 0.2928423375 0.7697610890625 0.290403615625 0.7625151125 0.2240822546875 0.68429684375 0.22573264843750002
1 0.7628291234375 0.2254568140625 0.7690570109375 0.2913307375 0.8580765781249999 0.28692972031249997 0.8445873046875001 0.22254646562499997 0.7628291234375 0.2254568140625
1 0.4432960828125 0.2844580046875 0.5216387921875001 0.287863709375 0.530630925 0.22726766406249999 0.4564817296875 0.22420423281250002 0.4432960828125 0.2844580046875
1 0.4670503359375 0.1545966328125 0.45591842031249996 0.22460061250000002 0.530759221875 0.22673584375 0.5402126953125 0.156465425 0.4670503359375 0.1545966328125
1 0.3992286453125 0.15463668125000002 0.3822501640625 0.22057473437500003 0.4556591046875 0.22424901562500002 0.4674438046875 0.1552055453125 0.3992286453125 0.15463668125000002
1 0.3280871828125 0.1555871171875 0.31019583125 0.21719243437500002 0.38301086875 0.2219944296875 0.3989150984375 0.1533139640625 0.3280871828125 0.1555871171875
1 0.3102264609375 0.2164602140625 0.2871886140625 0.27688458125 0.36416138125 0.2803648609375 0.38254804062500003 0.220870609375 0.3102264609375 0.2164602140625
1 0.38196084375 0.2209562 0.36388739375 0.2803797765625 0.4421688421875 0.2852499171875 0.4561028875 0.22489914375 0.38196084375 0.2209562
1 0.3290112765625 0.1552739546875 0.2615148859375 0.15422991875 0.2370752140625 0.20690903437500002 0.310680640625 0.2177278015625 0.3290112765625 0.1552739546875
1 0.2381519359375 0.2060178921875 0.209520721875 0.269472021875 0.2873366984375 0.277171028125 0.31026082499999996 0.21683548749999998 0.2381519359375 0.2060178921875
1 0.36367455312499997 0.28000366875 0.34317425625000003 0.348753225 0.4276514640625 0.352774446875 0.4428070046875 0.2850639703125 0.36367455312499997 0.28000366875
1 0.28659156874999997 0.277237084375 0.26093652968750003 0.3446092140625 0.3428975671875 0.34943114375 0.36405661562499997 0.28060177343750003 0.28659156874999997 0.277237084375
1 0.20971771718749999 0.2694867921875 0.1791978609375 0.33447142812499997 0.2617249171875 0.3435720109375 0.28688215625 0.2762269765625 0.20971771718749999 0.2694867921875
1 0.1796811046875 0.33477655156249997 0.143339246875 0.414334859375 0.23060735625 0.42284504843750004 0.260851484375 0.344910109375 0.1796811046875 0.33477655156249997
1 0.2619453640625 0.3442228671875 0.23116007968750002 0.42148924218749995 0.319327778125 0.42630385937500004 0.343464996875 0.3484323421875 0.2619453640625 0.3442228671875
1 0.34444592812499997 0.3480202625 0.3197276109375 0.4286029796875 0.40973422187499997 0.430997484375 0.427431834375 0.3522457390625 0.34444592812499997 0.3480202625
1 0.6028702203125 0.2884440234375 0.59909594375 0.3601362828125 0.686862359375 0.3636470234375 0.6851102375 0.292517578125 0.6028702203125 0.2884440234375
1 0.521955953125 0.2880134765625 0.5118615828124999 0.35625196406250004 0.5983906015625 0.3584480796875 0.6027298015625 0.28940727499999996 0.521955953125 0.2880134765625
1 0.4426985078125 0.28507515 0.4261972046875 0.35193580468749996 0.5116027796875 0.3562660515625 0.5214258609375 0.2877574984375 0.4426985078125 0.28507515
1 0.4280549234375 0.35079819218749997 0.4097225421875 0.43053658125 0.49976358281250005 0.43530460312499997 0.5121500171875 0.35554527187499996 0.4280549234375 0.35079819218749997
1 0.5118908140625 0.3558996 0.5007417750000001 0.436973559375 0.5933748078125001 0.441600484375 0.59938328125 0.35977075 0.5118908140625 0.3558996
1 0.5983467484375 0.359827175 0.59229481875 0.4426957609375 0.6896646453125 0.4453382375 0.6872496875 0.3637885796875 0.5983467484375 0.359827175
1 0.68483573125 0.292371640625 0.6870363015625001 0.3633940390625 0.7777982953125 0.363288515625 0.769645725 0.29171275625000004 0.68483573125 0.292371640625
1 0.7697097203125 0.29086004062500004 0.7785615406249999 0.3635924640625 0.8720169234374999 0.36092185625 0.858365215625 0.28612367656250004 0.7697097203125 0.29086004062500004
1 0.7785615406249999 0.3635924640625 0.7862302203125 0.446058775 0.889316125 0.448044596875 0.8717685046874999 0.360199553125 0.7785615406249999 0.3635924640625
1 0.685769275 0.36277201875 0.6897666328125001 0.4464746671875 0.7870568578125 0.44683136093750003 0.77752500625 0.3636488890625 0.685769275 0.36277201875
1 0.6895505875 0.4454508203125 0.691759665625 0.5409923875 0.7988910015624999 0.54517558125 0.7864545890625 0.447623709375 0.6895505875 0.4454508203125
1 0.787247659375 0.44825394375 0.798167228125 0.5457389390625 0.9081197281250001 0.550459553125 0.8885909468750001 0.447759675 0.787247659375 0.44825394375
1 0.69269051875 0.5411632546875 0.689214415625 0.44499966874999997 0.5926078734375 0.4426602578125 0.5874169015625 0.535842446875 0.69269051875 0.5411632546875
1 0.48712505312500004 0.5288693484375 0.5879641375 0.5351216671875 0.5932083140625 0.44219504374999996 0.501328740625 0.436578528125 0.48712505312500004 0.5288693484375
1 0.409711915625 0.43120001874999997 0.388785246875 0.523511315625 0.48809780625 0.5291566171875 0.5005017171875 0.43661827343750004 0.409711915625 0.43120001874999997
1 0.3195202921875 0.42814217499999996 0.2914385921875 0.518425371875 0.388995453125 0.5227851453125 0.4093110796875 0.43094051875000006 0.3195202921875 0.42814217499999996
1 0.23086216093749998 0.42122590000000004 0.19527839062500002 0.5115728609375 0.2921866890625 0.5190756390625 0.3187721921875 0.4274919078125 0.23086216093749998 0.42122590000000004
1 0.14165609375 0.4150313203125 0.100976571875 0.5035827 0.196301096875 0.5118626828124999 0.230720046875 0.42205649375 0.14165609375 0.4150313203125
1 0.1009388265625 0.505744759375 0.052380290625000006 0.60957519375 0.15438437968750002 0.618872675 0.19624418125 0.5116486390625 0.1009388265625 0.505744759375
1 0.1963380984375 0.5119072640625 0.154890478125 0.6188046859375 0.258292584375 0.625608471875 0.29215360625 0.517819415625 0.1963380984375 0.5119072640625
1 0.2925321828125 0.5177135296875 0.2572037203125 0.626695440625 0.36344148125000003 0.6336903625 0.3884756796875 0.52354223125 0.2925321828125 0.5177135296875
1 0.38859360625 0.5231481203125 0.36404804375 0.6339606437499999 0.47089160625000004 0.6388504937499999 0.487426146875 0.5292142796875 0.38859360625 0.5231481203125
1 0.48761456875000003 0.5273868734375 0.471793325 0.6397965765625 0.5810110484375001 0.6497369828124999 0.58807834375 0.53642270625 0.48761456875000003 0.5273868734375
1 0.587913803125 0.5362619921875 0.58083990625 0.64921443125 0.693860521875 0.6571825437500001 0.691958309375 0.54118816875 0.587913803125 0.5362619921875
1 0.6918185234374999 0.5401364328125 0.69339340625 0.6569328062500001 0.809684615625 0.6639378265625 0.79763271875 0.5460924328125001 0.6918185234374999 0.5401364328125
1 0.7976586296875 0.546008384375 0.8096814890624999 0.66577624375 0.9313524390625 0.670527965625 0.9076752593749999 0.549589678125 0.7976586296875 0.546008384375
1 0.8104168984375001 0.6658795078125 0.8237420156249999 0.8106692984375 0.949191934375 0.820349078125 0.9506714703125001 0.7953819 0.9300279890625 0.6707433609375 0.8104168984375001 0.6658795078125
1 0.696479965625 0.799161690625 0.8236762609375001 0.8122412328124999 0.8098773078124999 0.6647326125 0.69332455625 0.656956775 0.696479965625 0.799161690625
1 0.6960958296875 0.8000775484375 0.6938738 0.6566446765625 0.58140851875 0.6494313890625001 0.5719892296875 0.7903594953125 0.6960958296875 0.8000775484375
1 0.4523536734375 0.7771048609375 0.5721912421875001 0.79058498125 0.5806546640625 0.6501941875 0.4722042828125 0.6395306890625 0.4523536734375 0.7771048609375
1 0.364004175 0.6339700625 0.3342447359375 0.7697302171875 0.45128776249999997 0.7798319031250001 0.47126178750000003 0.6388980359375 0.364004175 0.6339700625
1 0.3346793375 0.7697179890625 0.364177234375 0.633187015625 0.25818731562499997 0.6256212359375 0.2191901921875 0.7575695125 0.3346793375 0.7697179890625
1 0.15485005000000002 0.6183066640625 0.10592828125 0.7488347515625 0.2185558078125 0.7591767984375 0.2575468703125 0.6263813765624999 0.15485005000000002 0.6183066640625
1 0 0.737492775 0.105339371875 0.7488668078125 0.15443175 0.6194881203125 0.052409365625 0.610155590625 0 0.7243424046875 0 0.737492775
1 0 0.8779113703125001 0.045296556249999995 0.88549040625 0.10602287968749999 0.7493447671875 0 0.7353293453124999 0 0.8779113703125001
1 0.1061871515625 0.74921275 0.04351134375 0.8855875843750001 0.1709512203125 0.906890375 0.2190874359375 0.757852909375 0.1061871515625 0.74921275
1 0.21893367812500003 0.7582217203125 0.1713317953125 0.906327240625 0.2984294203125 0.92176556875 0.33432874375 0.768399046875 0.21893367812500003 0.7582217203125
1 0.3354042359375 0.7679624796875 0.2987403140625 0.9213565578124999 0.428161596875 0.9303923328125 0.45094207343750004 0.7789311578125 0.3354042359375 0.7679624796875
1 0.45125068281249997 0.7791121609375 0.42881335312499996 0.929377509375 0.564872865625 0.9411904 0.5719176546875 0.7895352578125 0.45125068281249997 0.7791121609375
1 0.571808746875 0.7894145921875 0.5637114859375 0.94086153125 0.703809190625 0.9544150437500001 0.6959215375000001 0.7991736265625 0.571808746875 0.7894145921875
1 0.793534515625 0.962352790625 0.8438523546875001 0.9596136984375001 0.8237398125000001 0.8103283171875001 0.6964612781249999 0.8010413937499999 0.703570390625 0.9540139765625 0.793534515625 0.962352790625
1 0.8430748343750001 0.9596560249999999 0.9412534140625001 0.95431159375 0.9491861374999999 0.8204469 0.8234617890625 0.81177818125 0.8430748343750001 0.9596560249999999
0 0 0.87519431875 0.78629471875 0.96274689375 0.9412534140625001 0.95431159375 0.9517076578125 0.7778962453125 0.8694222921874999 0.1097753234375 0.24327488281249998 0.127075053125 0 0.709426234375 0 0.87519431875