1 0.307624375 0.2910317453125 0.31541625 0.2354619890625 0.25507562500000003 0.2309448625 0.243710625 0.2824644953125 0.307624375 0.2910317453125
1 0.376636875 0.2380150375 0.3154725 0.235523809375 0.30723 0.2910317453125 0.37111625 0.293933165625 0.376636875 0.2380150375
1 0.43485312499999995 0.2435580625 0.37644 0.238423559375 0.37096687500000003 0.294727653125 0.43268375 0.29894820312500003 0.43485312499999995 0.2435580625
1 0.49420374999999994 0.24645948281250002 0.4356725 0.2427744359375 0.43268375 0.2992113625 0.49420374999999994 0.30158563125 0.49420374999999994 0.24645948281250002
1 0.55235125 0.24714452812499998 0.49425375000000005 0.2468345859375 0.49438062499999996 0.301742690625 0.555703125 0.30332581406250003 0.55235125 0.24714452812499998
1 0.553200625 0.24718379218750003 0.55604125 0.302433584375 0.61796625 0.30298997499999997 0.61187125 0.2468387640625 0.553200625 0.24718379218750003
1 0.6117375 0.2465731 0.61693125 0.30162405937500003 0.6783025 0.3032915625 0.669713125 0.24714118593749998 0.6117375 0.2465731
1 0.66966375 0.24697995 0.678025625 0.30255054375 0.7398125 0.30255054375 0.728175 0.24473182968749999 0.66966375 0.24697995
1 0.678353125 0.3034218875 0.688276875 0.361481203125 0.752973125 0.3607393484375 0.7398125 0.302179615625 0.678353125 0.3034218875
1 0.6176825 0.302199665625 0.623996875 0.3601837921875 0.689108125 0.3612957390625 0.678579375 0.30310609843749997 0.6176825 0.302199665625
1 0.5559443749999999 0.30260735156249996 0.559730625 0.360237259375 0.62470375 0.360237259375 0.6169456249999999 0.3022330828125 0.5559443749999999 0.30260735156249996
1 0.494206875 0.3017919796875 0.495034375 0.36042272343750004 0.5601462500000001 0.36042272343750004 0.55599 0.3022330828125 0.494206875 0.3017919796875
1 0.43291562499999997 0.30019632343749997 0.43056062500000003 0.35875605625 0.49497937500000005 0.360423559375 0.494425 0.3018638265625 0.43291562499999997 0.30019632343749997
1 0.37073187500000004 0.2946599828125 0.364894375 0.355049290625 0.43069875 0.3591261484375 0.43208437499999997 0.29945446875 0.37073187500000004 0.2946599828125
1 0.30769875 0.2916533 0.29841687499999997 0.3526223890625 0.36519124999999997 0.354845446875 0.37059375 0.29498830468750004 0.30769875 0.2916533
1 0.24447875 0.2825204671875 0.23242625 0.342563075 0.29864625 0.3523851296875 0.30765125000000004 0.292157059375 0.24447875 0.2825204671875
1 0.23247 0.342543859375 0.218499375 0.40995655781250007 0.288875625 0.41903759375 0.29815749999999996 0.352508771875 0.23247 0.342543859375
1 0.29847625 0.35336675 0.2893325 0.4189682546875 0.359154375 0.4232305765625 0.364834375 0.3550342515625 0.29847625 0.35336675
1 0.36524375 0.355380953125 0.35873875 0.4224895578125 0.42814500000000005 0.42693650781250003 0.43022312500000004 0.358925646875 0.36524375 0.355380953125
1 0.289055625 0.4191537171875 0.27825 0.4942063484375 0.352089375 0.49661570624999996 0.35846187500000004 0.423416040625 0.289055625 0.4191537171875
1 0.35838437500000003 0.42323391875 0.3522275 0.4969866328125 0.42440437500000006 0.49976608125000005 0.428006875 0.4258245609375 0.35838437500000003 0.42323391875
1 0.2896125 0.420214703125 0.2190975 0.4105781125 0.20371999999999998 0.48767000781250003 0.277836875 0.4941553890625 0.2896125 0.420214703125
1 0.42789625 0.4269014203125 0.495250625 0.4286416046875 0.49483499999999997 0.359889725 0.430554375 0.3585923140625 0.42789625 0.4269014203125
1 0.49622 0.5020267328125 0.49588374999999996 0.42893901406249996 0.428199375 0.4258621546875 0.42473625000000004 0.49943191249999996 0.49622 0.5020267328125
1 0.5637175 0.4292380953125 0.560060625 0.3596599828125 0.495004375 0.3601152875 0.49514250000000004 0.42905263125 0.5637175 0.4292380953125
1 0.5675287499999999 0.5023149546875 0.56351125 0.4291152875 0.49549062499999996 0.4287443609375 0.49618312500000006 0.5012030078125 0.5675287499999999 0.5023149546875
1 0.63121875 0.4300860484375 0.625123125 0.360777778125 0.560011875 0.3600367578125 0.563059375 0.4293450296875 0.63121875 0.4300860484375
1 0.6384225 0.5038421046875 0.630944375 0.42995739374999997 0.563059375 0.428418546875 0.5668 0.5032857140625 0.6384225 0.5038421046875
1 0.698324375 0.43074519687499996 0.631096875 0.42975355000000004 0.638893125 0.50338930625 0.70996125 0.5043157890625001 0.698324375 0.43074519687499996
1 0.624389375 0.3610860484375 0.6311606249999999 0.43061904687499997 0.698073125 0.43154553125 0.688653125 0.360755221875 0.624389375 0.3610860484375
1 0.6887187499999999 0.36210526249999997 0.698073125 0.43136006718750003 0.76651 0.42672765312500005 0.752240625 0.36038429375000003 0.6887187499999999 0.36210526249999997
1 0.6986275 0.43158730156249997 0.709979375 0.5056048453125 0.7824331250000001 0.5022690062499999 0.7667787500000001 0.427216375 0.6986275 0.43158730156249997
1 0.20386312499999998 0.487463659375 0.185195625 0.572855471875 0.26522625 0.5752130328125 0.277565625 0.4948036765625 0.20386312499999998 0.487463659375
1 0.18543625 0.57328404375 0.1647475 0.6652907265625 0.250595 0.66977109375 0.2654025 0.5756850453125 0.18543625 0.57328404375
1 0.34349375000000004 0.579222221875 0.3523075 0.49669005781250003 0.277565625 0.493860484375 0.26416875 0.5766282375 0.34349375000000004 0.579222221875
1 0.265351875 0.5766541359375 0.2509475 0.669423559375 0.33415125 0.67178111875 0.34314125 0.5786390984375 0.265351875 0.5766541359375
1 0.42060312499999997 0.580583959375 0.424794375 0.4988721796875 0.35203125 0.4978170421875 0.342688125 0.5786975765625 0.42060312499999997 0.580583959375
1 0.34255125 0.5789874687500001 0.333874375 0.6723124484375 0.417254375 0.673491228125 0.42130875 0.57987719375 0.34255125 0.5789874687500001
1 0.497260625 0.5835020890625 0.49598125 0.5014644953125 0.42445750000000004 0.5002631578125001 0.420403125 0.5823233078125 0.497260625 0.5835020890625
1 0.42052750000000005 0.5813675859375 0.41634874999999993 0.6739657484375 0.49867062500000003 0.6742013359375 0.497436875 0.5827092734375 0.42052750000000005 0.5813675859375
1 0.572884375 0.585775271875 0.49792125 0.5837167921875 0.49796562499999997 0.6742013359375 0.5788775 0.675380953125 0.572884375 0.585775271875
1 0.49617562499999995 0.5017243109375 0.49750937500000003 0.58212280625 0.5726043749999999 0.58542439375 0.567668125 0.5031286546875 0.49617562499999995 0.5017243109375
1 0.56755625 0.50302005 0.57264 0.5860258984375 0.6482631249999999 0.5860258984375 0.639273125 0.5042013359374999 0.56755625 0.50302005
1 0.639325 0.504316625 0.647910625 0.58461069375 0.7235343750000001 0.5848471171875 0.710313125 0.5051762734375 0.639325 0.504316625
1 0.7106656250000001 0.5051762734375 0.72318125 0.5872355890625001 0.79967 0.58534920625 0.781513125 0.501167084375 0.7106656250000001 0.5051762734375
1 0.5726775 0.5860793656250001 0.57902375 0.67521386875 0.659406875 0.67497744375 0.64742 0.5853725984375 0.5726775 0.5860793656250001
1 0.647471875 0.5865071015625001 0.659406875 0.6763926484375 0.740495 0.6756850453125 0.723924375 0.5867869671875 0.647471875 0.5865071015625001
1 0.7237018749999999 0.58676608125 0.74067125 0.6756850453125 0.8215725 0.671441103125 0.798833125 0.5856081875 0.7237018749999999 0.58676608125
1 0.7403125 0.67595739375 0.75933125 0.77962573125 0.8487081249999999 0.7805672515625 0.821730625 0.6716783625 0.7403125 0.67595739375
1 0.659776875 0.6763024234375 0.67300375 0.775860484375 0.759565625 0.777742690625 0.74079875 0.6751303265625 0.659776875 0.6763024234375
1 0.7596118749999999 0.779953215625 0.78400875 0.890096909375 0.87737375 0.893862990625 0.84898875 0.7821495406250001 0.7596118749999999 0.779953215625
1 0.673199375 0.7763625734375 0.69053125 0.89022890625 0.784834375 0.8911704265625 0.7594993750000001 0.778516290625 0.673199375 0.7763625734375
1 0.578634375 0.6759039265625 0.5859062500000001 0.77475104375 0.6729375 0.7756925640625 0.660504375 0.6749624062499999 0.578634375 0.6759039265625
1 0.58672625 0.77601754375 0.596228125 0.890543025 0.6907656249999999 0.889601503125 0.6729375 0.7760058484375 0.58672625 0.77601754375
1 0.49793062499999996 0.6745772765625 0.49987375 0.7734628234375001 0.585731875 0.7747184625 0.579398125 0.674929825 0.49793062499999996 0.6745772765625
1 0.499639375 0.7747184625 0.501046875 0.8908245609375 0.59605375 0.8905104421875001 0.585966875 0.77440434375 0.499639375 0.7747184625
1 0.4173 0.6733609015625001 0.41096625 0.7740910609375 0.500343125 0.7740910609375 0.4979975 0.673046784375 0.4173 0.6733609015625001
1 0.411435625 0.7747184625 0.40533625000000006 0.892079365625 0.50128125 0.8908245609375 0.499405 0.77440434375 0.411435625 0.7747184625
1 0.25116 0.6697468671875 0.23169125 0.776222221875 0.32247625 0.7740250625 0.334205 0.6720401 0.25116 0.6697468671875
1 0.165203125 0.666296575 0.138795625 0.772456140625 0.23333374999999998 0.77433918125 0.25022375 0.6714126984375001 0.165203125 0.666296575
1 0.13947125 0.776222221875 0.11272875 0.895466165625 0.21148937499999998 0.8957794484375 0.23260187499999999 0.7752807015625 0.13947125 0.776222221875
1 0.3226825 0.7749665828125 0.23255937499999998 0.7756725140625 0.211254375 0.895466165625 0.3083725 0.8942105265625001 0.3226825 0.7749665828125
1 0.41701 0.672239765625 0.33479375 0.6725071015624999 0.3220025 0.7732832078125 0.41138 0.773910609375 0.41701 0.672239765625
1 0.322403125 0.7742915625 0.30863125 0.8944093562500001 0.405515 0.8925271515625001 0.41138 0.774224728125 0.322403125 0.7742915625
0 0.74959 0.2195071015625 0.2385475 0.2090058484375 0.076514375 0.9273851296875 0.9218818750000001 0.9311837921875 0.74959 0.2195071015625