1 0.8042872421875 0.26705885937499996 0.7979643125 0.334613446875 0.8652648484375 0.3387202265625 0.8700687890625 0.27397004375 0.8042872421875 0.26705885937499996
1 0.7989295671875001 0.33549762968749997 0.8004479640625 0.40296611718750003 0.865837203125 0.404202865625 0.864777421875 0.338553375 0.7989295671875001 0.33549762968749997
1 0.7994763 0.40244938750000003 0.8026981734374999 0.4705930484375 0.8669043078125 0.46948556718749995 0.86657315 0.4041775515625 0.7994763 0.40244938750000003
1 0.8014757265625001 0.47045148125 0.8017652703125 0.538145853125 0.8674798640624999 0.5347844796875 0.8669075109375 0.4693018390625 0.8014757265625001 0.47045148125
1 0.8008244453125 0.6763383375 0.866151784375 0.667119434375 0.8687881640624999 0.6002418046875 0.802770628125 0.606915909375 0.8008244453125 0.6763383375
1 0.8029718296875 0.6070939953125001 0.86843226875 0.6005204296875 0.86771025 0.5351528296875 0.8019316453125 0.5386701125 0.8029718296875 0.6070939953125001
1 0.800473509375 0.6756402859375 0.7974206609375 0.7439267515625 0.863890053125 0.7328560484375 0.8665240531249999 0.6672332125 0.800473509375 0.6756402859375
1 0.8627659984375 0.7973113374999999 0.8633486156249999 0.7318988609375 0.797609875 0.74378044375 0.793630809375 0.8118198640625 0.8627659984375 0.7973113374999999
1 0.7270704718750001 0.8280523390625 0.7943760484375 0.8117942296875 0.797043175 0.7442186375000001 0.7262988671875 0.754877884375 0.7270704718750001 0.8280523390625
1 0.7968646359375 0.7438060765625 0.8002745734375001 0.6763440375 0.7301285703125 0.6847528796875 0.726463746875 0.756126925 0.7968646359375 0.7438060765625
1 0.7303022546875 0.6854438125 0.8008461296875 0.6756274703125 0.8031537375 0.607366640625 0.73322521875 0.613954790625 0.7303022546875 0.6854438125
1 0.7326536515625001 0.6146720546875 0.8033420109374999 0.6072210609375001 0.80175703125 0.5379792125 0.73112220625 0.542360440625 0.7326536515625001 0.6146720546875
1 0.7322303328124999 0.5428801296875 0.8021199296875 0.5385238390625 0.8016333421875 0.4703598140625 0.731794840625 0.4717862265625 0.7322303328124999 0.5428801296875
1 0.73216260625 0.4720517828125 0.8020084015625001 0.47020711562499995 0.80020501875 0.4027852921875 0.7311701453125 0.40083793281249996 0.73216260625 0.4720517828125
1 0.730974578125 0.4014017671875 0.80020501875 0.4027852921875 0.7987751859375 0.3353506234375 0.729599778125 0.3307581796875 0.730974578125 0.4014017671875
1 0.7295851765625 0.3315953875 0.7984074328124999 0.33508436875 0.8029376578124999 0.2674446921875 0.7313942078125 0.2598664765625 0.7295851765625 0.3315953875
1 0.73000875 0.33095068125 0.72995030625 0.25996274218750004 0.6576925890624999 0.25260453437499997 0.654743253125 0.32619144375000003 0.73000875 0.33095068125
1 0.7302666234374999 0.4010999234375 0.7294530734375 0.33096979531250004 0.6549184968749999 0.326739740625 0.655496328125 0.39978940937499996 0.7302666234374999 0.4010999234375
1 0.7327423671875 0.47145038906250003 0.7306340421875 0.40122569375 0.6562393375 0.39962544375000003 0.6560683890625 0.47311678749999997 0.7327423671875 0.47145038906250003
1 0.7327423671875 0.47145038906250003 0.6558858875 0.47298465468749995 0.6568117796874999 0.5472701078125 0.7327926359375 0.542853834375 0.7327423671875 0.47145038906250003
1 0.7330238953125 0.61452925625 0.7322417875 0.542595965625 0.6566292796875 0.5471379796875 0.6575479125 0.6218395984375 0.7330238953125 0.61452925625
1 0.7304951953125001 0.68519026875 0.7333970703125 0.6143780140625 0.6575600140625 0.6211457515625 0.6547665515625 0.6963916718750001 0.7304951953125001 0.68519026875
1 0.727033728125 0.75629928125 0.7303054375 0.6854743062499999 0.6545864781249999 0.6961203546875 0.650698603125 0.7704329750000001 0.727033728125 0.75629928125
1 0.7283787703125 0.8277972921875 0.7264780515625 0.75631839375 0.649767321875 0.7707425203125 0.6519710562500001 0.8460933671875001 0.7283787703125 0.8277972921875
1 0.5687036078125 0.8649022078125 0.6517900546875001 0.8458220796875 0.64958240625 0.7707488812500001 0.5680545796875001 0.785338003125 0.5687036078125 0.8649022078125
1 0.5684180703124999 0.7857421140625 0.6508932046875 0.769871259375 0.65477139375 0.6961139937499999 0.5716282671874999 0.7078472453125 0.5684180703124999 0.7857421140625
1 0.5721815171875 0.70796731875 0.6540307999999999 0.69613946875 0.657737671875 0.6215555609375001 0.5750161109375 0.6303628812500001 0.5721815171875 0.70796731875
1 0.5748254234375 0.6306469515625001 0.6575479125 0.6218395984375 0.6566292796875 0.5471379796875 0.5754566515625 0.5520096484375 0.5748254234375 0.6306469515625001
1 0.5752756484375 0.5517383640625 0.65663170625 0.546998790625 0.6558907296875 0.472706978125 0.574771321875 0.4745269796875 0.5752756484375 0.5517383640625
1 0.5745960906249999 0.4739779859375 0.655888315625 0.4728454703125 0.6556836609375 0.39964455781249997 0.5746392546875 0.397163690625 0.5745960906249999 0.4739779859375
1 0.5737079859375 0.3974725375 0.65551084375 0.3989570734375 0.6543700765625 0.3263426875 0.5731964015625 0.3206773234375 0.5737079859375 0.3974725375
1 0.5735671625000001 0.3206645703125 0.655113084375 0.3261787234375 0.6578775046875001 0.2525981734375 0.5762159109375 0.24306652343750001 0.5735671625000001 0.3206645703125
1 0.48446111406250003 0.31333017343749997 0.5744926718750001 0.32063273593749997 0.576026153125 0.2433505625 0.4882802078125 0.23236452187499998 0.48446111406250003 0.31333017343749997
1 0.5746392546875 0.397163690625 0.5735647484374999 0.3208030609375 0.48445627187499996 0.3136078515625 0.48451333593749996 0.3952720125 0.5746392546875 0.397163690625
1 0.5740379859375 0.47413628750000003 0.5748265984375001 0.39701814375 0.4854373578125 0.3953786359375 0.4857035265625 0.4756494421875 0.5740379859375 0.47413628750000003
1 0.5754590671875001 0.5518711578125 0.5753366843750001 0.47395251250000003 0.4851405921875 0.4760847234375 0.4850166515625 0.5574776 0.5754590671875001 0.5518711578125
1 0.5752106984375 0.6298018609375 0.5756415671874999 0.5520032890625 0.484831734375 0.5574839593750001 0.484340378125 0.638751065625 0.5752106984375 0.6298018609375
1 0.5720005140625 0.707696034375 0.5750185250000001 0.630224390625 0.4845252953125 0.6387447046875 0.4819646984375 0.72188506875 0.5720005140625 0.707696034375
1 0.568242840625 0.78519311875 0.5721766875000001 0.7082443015625 0.48140659374999994 0.72204336875 0.47907688593750003 0.8025411765625 0.568242840625 0.78519311875
1 0.5683361921875 0.8647764375 0.5674892171875 0.7859124703125 0.4788895421875 0.8026867234375 0.476328946875 0.8858270875 0.5683361921875 0.8647764375
1 0.373550440625 0.9087735 0.47651627812499997 0.885682234375 0.4785139515625 0.8029764578125 0.377463884375 0.8223976593750001 0.373550440625 0.9087735
1 0.37746872656249997 0.8221199828125 0.47851152499999994 0.80311564375 0.4814162796875 0.7214880140625 0.38100657656250003 0.7360338765625001 0.37746872656249997 0.8221199828125
1 0.38155256875 0.73657011875 0.4821641296875 0.721046371875 0.4841545328125 0.6387574578125 0.38436825625000004 0.64939950625 0.38155256875 0.73657011875
1 0.3845492578125 0.6496707921875 0.484527721875 0.63860551875 0.4850166515625 0.5574776 0.386049315625 0.5636547796875 0.3845492578125 0.6496707921875
1 0.3860589890625 0.5631001203125 0.4853922546875 0.55718716875 0.485327934375 0.475939175 0.3866301921875 0.477254465625 0.3860589890625 0.5631001203125
1 0.386252171875 0.4776833890625 0.4855137796875 0.47593278281250007 0.48470793749999996 0.3947102953125 0.3860876125 0.391586228125 0.386252171875 0.4776833890625
1 0.385902696875 0.3915925890625 0.48507627031249995 0.39483673124999996 0.48408402500000003 0.3137590640625 0.386093453125 0.30631504062500003 0.385902696875 0.3915925890625
1 0.3862647859375 0.3071409859375 0.48425442656250006 0.3145850375 0.4873513421875 0.232535575 0.3896264625 0.220506615625 0.3862647859375 0.3071409859375
1 0.2775619546875 0.2982626546875 0.38589643749999997 0.3070152484375 0.3890683703125 0.22066421875 0.27841576875 0.2068619296875 0.2775619546875 0.2982626546875
1 0.3857739078125 0.39173542499999997 0.386152925 0.306312996875 0.2775619546875 0.2982626546875 0.2769109171875 0.38868616093749997 0.3857739078125 0.39173542499999997
1 0.38625942968750004 0.4772672203125 0.385529521875 0.39174383125 0.2767211578125 0.38897019843749997 0.2764472109375 0.4789648140625 0.38625942968750004 0.4772672203125
1 0.3862414890625 0.5632322515625 0.3862666875 0.47685105156249996 0.27682281406250003 0.478674384375 0.2743092140625 0.569716978125 0.3862414890625 0.5632322515625
1 0.3839984234375 0.649412228125 0.3862560046875 0.562399915625 0.274486871875 0.570126784375 0.2741848234375 0.66178604375 0.3839984234375 0.649412228125
1 0.381940275 0.7355858421875 0.3852898515625 0.6496453171875001 0.27456675625 0.661079475 0.2712907875 0.7533960484375 0.381940275 0.7355858421875
1 0.267839590625 0.845163628125 0.37766815781249996 0.8212812843749999 0.38155741249999997 0.7362924421875 0.2705598796875 0.7528661671875 0.267839590625 0.845163628125
1 0.2660593375 0.9365962203124999 0.3752353328125 0.9077453 0.37784190156249997 0.8219687406249999 0.2687781296875 0.8444379156249999 0.2660593375 0.9365962203124999
1 0.14365829531250002 0.970125909375 0.26569564687499997 0.9362567984375 0.267648903125 0.8454476968750001 0.1462988078125 0.8718059374999999 0.14365829531250002 0.970125909375
1 0.1464813078125 0.8719380671874999 0.2687732859375 0.8447155937499999 0.270365278125 0.7534278828125001 0.14930171875 0.7739527093749999 0.1464813078125 0.8719380671874999
1 0.1509663359375 0.774033859375 0.27259283125 0.7530737515625 0.2734433 0.66181155 0.1543293953125 0.676723265625 0.1509663359375 0.774033859375
1 0.1550699890625 0.67669779375 0.27475260156250003 0.6610730828125 0.274299540625 0.5702716375 0.154945525 0.57770438125 0.1550699890625 0.67669779375
1 0.154752421875 0.5781269421874999 0.27467271875 0.5701203921875 0.276627284375 0.47923613125 0.1555205125 0.48104471093749995 0.154752421875 0.5781269421874999
1 0.156087853125 0.48035680625 0.276817534375 0.4789771140625 0.277274421875 0.38908957499999997 0.15703796406249998 0.38338098593750003 0.156087853125 0.48035680625
1 0.1568433625 0.3839427015625 0.27710067656250004 0.3884021234375 0.2770135359375 0.2978656 0.1570524421875 0.2870174125 0.1568433625 0.3839427015625
1 0.1579885546875 0.2864308859375 0.2777492875 0.2981178015625 0.2780425921875 0.20701317187499998 0.158746053125 0.18990265 0.1579885546875 0.2864308859375
0 0.10695600624999999 0.9876696890625001 0.22342150156249999 0.9836636499999999 0.88552708125 0.8140665671875 0.89993173125 0.2523653125 0.12430991093749999 0.14917464062500002 0.10695600624999999 0.9876696890625001