1 0.4683125625 0.21866767031249998 0.41873483125 0.2506650015625 0.47037007343750004 0.27454615000000004 0.5178901781249999 0.243719290625 0.4683125625 0.21866767031249998
1 0.471573484375 0.2751785328125 0.5275504921875 0.2853276265625 0.5758869671875 0.25242716875000004 0.518291315625 0.243930084375 0.471573484375 0.2751785328125
1 0.527874221875 0.2849972234375 0.5896596265625 0.29944928593750003 0.635680965625 0.263331359375 0.57508469375 0.252005578125 0.527874221875 0.2849972234375
1 0.58901216875 0.3001100875 0.6542284765625 0.312611765625 0.70263116875 0.274992965625 0.6348399859375 0.2626391703125 0.58901216875 0.3001100875
1 0.65415106875 0.3120705703125 0.727557215625 0.3273749875 0.7731141046875 0.2880098828125 0.7019063015625 0.275112571875 0.65415106875 0.3120705703125
1 0.7283207859374999 0.327525978125 0.8055683484375 0.346349990625 0.8513471328125 0.303348790625 0.7727129671874999 0.2877990875 0.7283207859374999 0.327525978125
1 0.8069020609375 0.345299625 0.89021861875 0.36506111093750004 0.93584163125 0.3209770140625 0.851424540625 0.3038899859375 0.8069020609375 0.345299625
1 1 0.3283609046875 0.934832603125 0.32169748125000003 0.8905810515624999 0.36500130625 0.9854437562499999 0.377318575 1 0.3611611453125 1 0.3283609046875
1 0.8429618203125001 0.413291253125 0.9397008640625 0.428345746875 0.984149703125 0.378640040625 0.89102089375 0.36548269843750003 0.8429618203125001 0.413291253125
1 0.8050898953125 0.3455986421875 0.75460034375 0.38937714687499997 0.8422378171875 0.4134107171875 0.8909821906250001 0.3652121015625 0.8050898953125 0.3455986421875
1 0.7267936453125 0.32722399687500003 0.6772508562499999 0.367246796875 0.7559726671875 0.3885967359375 0.8050898953125 0.3455986421875 0.7267936453125 0.32722399687500003
1 0.6047771921875 0.35068057812500003 0.6773281718749999 0.36778735 0.727557215625 0.3273749875 0.6546296140625001 0.31282256249999996 0.6047771921875 0.35068057812500003
1 0.5900994671875 0.2999306765625 0.5367151734375 0.336433240625 0.6048545984375 0.3512217734375 0.654590909375 0.3125519625 0.5900994671875 0.2999306765625
1 0.5271106515625 0.2848462328125 0.4746966796875 0.3203577328125 0.5374013343749999 0.3360430359375 0.5904231984375 0.299600275 0.5271106515625 0.2848462328125
1 0.47121104999999996 0.2752383375 0.41918779375000004 0.30570030312499996 0.47650884375 0.320058715625 0.5271493546875 0.2851168296875 0.47121104999999996 0.2752383375
1 0.4176475328125 0.2508444125 0.3646389015625 0.2847921265625 0.41890276875000004 0.3063013046875 0.4718585078125 0.2745775328125 0.4176475328125 0.2508444125
1 0.30974155937500003 0.3184975203125 0.364198946875 0.3413596875 0.4174530359375 0.30654051875 0.3645227890625 0.2839803328125 0.30974155937500003 0.3184975203125
1 0.2498588484375 0.3588415453125 0.30496369375 0.38104290937499996 0.36383651562499997 0.341419490625 0.309495240625 0.31936911874999996 0.2498588484375 0.3588415453125
1 0.0401764125 0.47735219375 0.094369528125 0.5113353734375 0.1704185109375 0.46472367812500004 0.1154967640625 0.43861497812500005 0.0401764125 0.47735219375
1 0.11622163125 0.4384953703125 0.1711038109375 0.4643336140625 0.2421041078125 0.42132416875 0.1884490875 0.398884234375 0.11622163125 0.4384953703125
1 0.250259984375 0.3590523421875 0.18877281562499998 0.3985538328125 0.23989167031249997 0.4214122484375 0.3049249890625 0.38077231093749997 0.250259984375 0.3590523421875
1 0.09417600781249999 0.5099823828125001 0.039451546875 0.4774718015625 0.018072925 0.4879689921875 0.0194890328125 0.52620389375 0.023341656250000002 0.553139259375 0.09417600781249999 0.5099823828125001
1 0.023323109375 0.553009590625 0.025583309375000002 0.5688116421875 0.062033971875 0.5886743921875001 0.1468457453125 0.5359087078125 0.09360595625 0.51118438125 0.023323109375 0.553009590625
1 0.147894340625 0.5354586984374999 0.2268561125 0.485874175 0.17118121875 0.4648748109375 0.0946545515625 0.510734371875 0.147894340625 0.5354586984374999
1 0.2275809796875 0.4857545671875 0.2961886421875 0.4389858109375 0.24181908437500002 0.4219251671875 0.17118121875 0.4648748109375 0.2275809796875 0.4857545671875
1 0.295903615625 0.43958681093749996 0.36207712812500004 0.39654351718749997 0.306489971875 0.381345034375 0.24145665156249999 0.421984971875 0.295903615625 0.43958681093749996
1 0.361714696875 0.39660332187499997 0.4199012625 0.3573694625 0.3627879203125 0.34186949843750003 0.3053261265625 0.38098310625 0.361714696875 0.39660332187499997
1 0.4202636953125 0.357309659375 0.47675516562500003 0.3191871171875 0.4174530359375 0.30654051875 0.3624641921875 0.3421999015625 0.4202636953125 0.357309659375
1 0.481194890625 0.37356457656250003 0.5385651796875 0.3364049640625 0.47465797500000007 0.32008713437499997 0.420626128125 0.35724985625 0.481194890625 0.37356457656250003
1 0.48268246406250004 0.37359610625 0.5475325734375 0.3939124578125 0.6044534625 0.3510109796875 0.5369614921875 0.3355616421875 0.48268246406250004 0.37359610625
1 0.549552353125 0.39247124375000003 0.6228915171875 0.41249479375 0.6762408734375 0.3679667609375 0.604052325 0.350800184375 0.549552353125 0.39247124375000003
1 0.6233313578125 0.4129761875 0.7030489640625001 0.43610070468749995 0.7563351015625 0.3885369328125 0.6765646015625 0.367636359375 0.6233313578125 0.4129761875
1 0.70297155625 0.43555950625 0.790594071875 0.4620884078125 0.8426380921875 0.41362165468749995 0.7550788890625 0.3901291375 0.70297155625 0.43555950625
1 0.7903476609375 0.4629593625 0.8870687515625001 0.48826326875000003 0.9386522703125 0.42879575625 0.842160409375 0.412869521875 0.7903476609375 0.4629593625
1 0.7338354296875 0.5190866921875 0.83495398125 0.5492040265625 0.8889574640625 0.488505590625 0.7903863640625 0.4632299609375 0.7338354296875 0.5190866921875
1 0.70377383125 0.435981096875 0.6436268468749999 0.487446134375 0.73358910625 0.519958290625 0.79111123125 0.463110353125 0.70377383125 0.435981096875
1 0.6226064921875001 0.41309579375 0.5626039031250001 0.46038289375 0.64303228125 0.48588299375000005 0.7027252359375 0.43643110625 0.6226064921875001 0.41309579375
1 0.48912411093749997 0.436782409375 0.56317395 0.45918089531249995 0.6236550875 0.4126457859375 0.5499147875 0.392411440625 0.48912411093749997 0.436782409375
1 0.49045782187500003 0.435732046875 0.5489048953125 0.3931320484375 0.48272116875000004 0.373866703125 0.42278565781250005 0.4164353171875 0.49045782187500003 0.435732046875
1 0.362231853125 0.397625265625 0.423148090625 0.41637551406249995 0.48272116875000004 0.373866703125 0.42022499062499996 0.3570390609375 0.362231853125 0.397625265625
1 0.297677078125 0.43901719375 0.3568839375 0.4613726546875 0.423549228125 0.41658630781249995 0.3613908734375 0.396933078125 0.297677078125 0.43901719375
1 0.2268561125 0.485874175 0.2860874890625 0.5109947765625 0.3585262359375 0.4624859296875 0.2961112328125 0.4384446140625 0.2268561125 0.485874175
1 0.14894293593750002 0.535008690625 0.20859996718749999 0.5631052265625 0.2867736515625 0.5106045703125 0.226454975 0.4856633796875 0.14894293593750002 0.535008690625
1 0.06211138125 0.5892155890625 0.12021289531249998 0.62199923125 0.2096872671875 0.562925815625 0.147130771875 0.5353077078124999 0.06211138125 0.5892155890625
1 0.12093776249999999 0.6218796234374999 0.185094178125 0.6580959234375 0.27286207500000004 0.5948729937499999 0.2074739640625 0.5630140406249999 0.12093776249999999 0.6218796234374999
1 0.2723835296875 0.5941210031249999 0.3536010734375 0.5369639828125 0.2860556984375 0.5107725000000001 0.208321946875 0.5637551921874999 0.2723835296875 0.5941210031249999
1 0.35207393124999997 0.536662 0.42328484218750007 0.48475627499999996 0.3566762296875 0.4625142078125 0.28641121875 0.510664375 0.35207393124999997 0.536662
1 0.423893596875 0.483824871875 0.4907815515625 0.43540164531250003 0.4242353890625 0.416196103125 0.35696125312500004 0.4619132078125 0.423893596875 0.483824871875
1 0.4246958703125 0.4842464625 0.49562530625 0.5107599703125 0.5643773624999999 0.45981327812500006 0.48795949531250005 0.4364212703125 0.4246958703125 0.4842464625
1 0.42672371093750006 0.569813353125 0.4971830921875 0.51230135 0.424229134375 0.48401549531250004 0.35313918437499997 0.5371127421875 0.42672371093750006 0.569813353125
1 0.2738917140625 0.5950315234375 0.346955315625 0.6305991484375 0.42566848281249997 0.5689448234375 0.35273298125 0.5375273171875 0.2738917140625 0.5950315234375
1 0.1855782359375 0.6579230640625 0.2566903625 0.6993741499999999 0.3474100828125 0.630524109375 0.27333981875 0.5944274890625 0.1855782359375 0.6579230640625
1 0.25719378437499996 0.6996392890625 0.3383745484375 0.7463819640625 0.42888654375 0.669570578125 0.34554245 0.630484728125 0.25719378437499996 0.6996392890625
1 0.42864668906250003 0.66965368125 0.5085917375 0.6034395171875 0.42630556875 0.568390590625 0.34658110937500003 0.6309965734375 0.42864668906250003 0.66965368125
1 0.5085534015625 0.6031714953125 0.5803306234375001 0.5416018484375 0.49745129375 0.512694334375 0.427537765625 0.5692859765625 0.5085534015625 0.6031714953125
1 0.5796885609375 0.5422571453125 0.6441721296875 0.48628713125 0.564231459375 0.459917153125 0.4959753078125 0.512663534375 0.5796885609375 0.5422571453125
1 0.58140929375 0.541423859375 0.6716658984375 0.5781800500000001 0.7328134000000001 0.519463071875 0.6438890500000001 0.48688319375000005 0.58140929375 0.541423859375
1 0.6716658984375 0.5781800500000001 0.7715278875 0.6100538578125 0.8327274093750001 0.5491315453125 0.733134046875 0.519135815625 0.6716658984375 0.5781800500000001
1 0.50830865625 0.6040355796875 0.6012600359375 0.6441932453125 0.6709086453124999 0.5780299953125 0.5802538609375001 0.5410651609375 0.50830865625 0.6040355796875
1 0.42980212343749996 0.6700123812500001 0.5229560234374999 0.7167301796875 0.5997456234375 0.6438937796875 0.509425753125 0.604126259375 0.42980212343749996 0.6700123812500001
1 0.338710184375 0.7457581046875 0.43214398125000003 0.7995831765625 0.5216341734375 0.7177832046875 0.427852575 0.6692459140625 0.338710184375 0.7457581046875
1 0.4322192703125 0.80010955625 0.5371658609375001 0.8572435796875 0.6242097296875 0.7634845171875 0.5230327859375 0.7172668671875 0.4322192703125 0.80010955625
1 0.6019020984375001 0.6435379484375 0.7038160296875 0.679469315625 0.7707707265625 0.6099044484375 0.6707416187499999 0.5794312671874999 0.6019020984375001 0.6435379484375
1 0.524225784375 0.7178943734375001 0.624454384375 0.7626197890624999 0.7024168078125 0.6799752031249999 0.60298076875 0.6433599609375 0.524225784375 0.7178943734375001
0 1 0.3276569296875 0.46861629843749997 0.204765684375 0.0185793984375 0.5016437546875 0.0194890328125 0.5262038921875 0.0201445984375 0.5307872390624999 0.5357291078124999 0.9076016734374999 1 0.3681281125 1 0.3276569296875