1 0.3485050890625 0.37315678281250003 0.33649966875000004 0.42067465937500004 0.38327851874999996 0.4279495921875 0.3927447828125 0.382184115625 0.3485050890625 0.37315678281250003
1 0.39305973125000004 0.3827703453125 0.38312293125 0.4289990375 0.43078998437499993 0.43480206718750003 0.4391008125 0.3877832578125 0.39305973125000004 0.3827703453125
1 0.4837284046875 0.39329210937500003 0.439258159375 0.3876283609375 0.4303436828125 0.4341954109375 0.47743195 0.43847690625 0.4837284046875 0.39329210937500003
1 0.530031565625 0.39834578125000003 0.4839617234375 0.3917183609375 0.4773524578125 0.4381066640625 0.5247315625 0.444043425 0.530031565625 0.39834578125000003
1 0.5246260781250001 0.443848509375 0.5712984375 0.4500332375 0.5749989671875 0.40337108906249997 0.5298990796874999 0.39743090468750003 0.5246260781250001 0.443848509375
1 0.5715070171875001 0.4495284265625 0.6184694640624999 0.45736915937499995 0.6207030062500001 0.4106573796875 0.5749989671875 0.40337108906249997 0.5715070171875001 0.4495284265625
1 0.6184694640624999 0.45736915937499995 0.6648825109375001 0.465302965625 0.664703721875 0.41767963124999996 0.6207288765625 0.4104828921875 0.6184694640624999 0.45736915937499995
1 0.66477715 0.46510721093749996 0.7105086921875 0.4731143984375 0.709726884375 0.42503940625 0.6648880687500001 0.41824469375 0.66477715 0.46510721093749996
1 0.66477715 0.46510721093749996 0.663649440625 0.5152110328124999 0.7134909765625 0.5208149859375 0.7104558234375 0.47256892500000003 0.66477715 0.46510721093749996
1 0.618286875 0.45769864531250004 0.6160849828125 0.507813925 0.6640687421875 0.51509773125 0.664961371875 0.46567310937500006 0.618286875 0.45769864531250004
1 0.571586509375 0.4498986703125 0.5679417375 0.49889528437499997 0.6164247921875 0.5073303796874999 0.6185489546875 0.457739403125 0.571586509375 0.4498986703125
1 0.5244434906250001 0.4441779921875 0.5189917953125 0.4936093625 0.568282678125 0.4993061859375 0.5719274484375 0.4503095734375 0.5244434906250001 0.4441779921875
1 0.47764153593750003 0.43886738125 0.47014570468750005 0.4876229703125 0.519253875 0.4936501203125 0.5240776859375 0.444836865625 0.47764153593750003 0.43886738125
1 0.4304484140625 0.43439106718750004 0.4205413828125 0.48312955156250004 0.47022456718749994 0.487993115625 0.47743195 0.43847690625 0.4304484140625 0.43439106718750004
1 0.3836989515625 0.42873073906250003 0.37256101875000003 0.47763567812499996 0.421013678125 0.483560884375 0.42982053125 0.43500918125 0.3836989515625 0.42873073906250003
1 0.3366050296875 0.4208704140625 0.323241878125 0.47121869531250005 0.3724296640625 0.47761524843750003 0.3831747953125 0.42864922187500004 0.3366050296875 0.4208704140625
1 0.3234780875 0.47143394218749995 0.3099042171875 0.5204972984375 0.3606406203125 0.5291034609375 0.37174878906250003 0.4776887296875 0.3234780875 0.47143394218749995
1 0.3716434296875 0.4774929765625 0.360406171875 0.5297827609375 0.4114002515625 0.535744465625 0.42130062031250004 0.48253186562500006 0.3716434296875 0.4774929765625
1 0.42111740312499996 0.482861253125 0.41189740781250006 0.5351060203125 0.4622899796875 0.5415122859375 0.47022456718749994 0.487993115625 0.42111740312499996 0.482861253125
1 0.46284012968750005 0.5414184750000001 0.5130226109375 0.5474333265625 0.5188864359375 0.49341360781250004 0.47027642968750005 0.48764329999999995 0.46284012968750005 0.5414184750000001
1 0.51930686875 0.49419475156250003 0.51349314375 0.5469701140625001 0.5636762531249999 0.5529850640625 0.5677055281250001 0.49868003749999995 0.51930686875 0.49419475156250003
1 0.568255678125 0.49858622812500003 0.5637022468749999 0.5528097375 0.6143337921875001 0.56122108125 0.6163459312499999 0.5069602359375 0.568255678125 0.49858622812500003
1 0.6166868703125 0.5073711390625 0.614856315625 0.5604072125 0.6642829531250001 0.5688096812500001 0.6640957421875 0.5158176906249999 0.6166868703125 0.5073711390625
1 0.6647562546875 0.5701363015625 0.7157239625 0.575378140625 0.713096415625 0.5198593515625001 0.6637807953125 0.5152314609374999 0.6647562546875 0.5701363015625
1 0.6647562546875 0.5701363015625 0.665290946875 0.628014146875 0.7180655765624999 0.6328212343749999 0.7159335515625 0.575768615625 0.6647562546875 0.5701363015625
1 0.6146212375 0.5610864140625 0.61232831875 0.6199560390625 0.6650548609375 0.6277980609375 0.6645460390625 0.569745728125 0.6146212375 0.5610864140625
1 0.5641997796875 0.55306648125 0.559888090625 0.611084903125 0.6127211234375001 0.620017128125 0.6142802953125 0.5606755125 0.5641997796875 0.55306648125
1 0.5129956078125 0.5467133671875 0.50632458125 0.6043648703125 0.559862096875 0.6112602296875 0.5638069781249999 0.55300539375 0.5129956078125 0.5467133671875
1 0.46260392031249997 0.5412032265625 0.45365153906250005 0.5970684171875 0.5064541765625 0.6034907515625 0.5128382609375 0.5468682671875 0.46260392031249997 0.5412032265625
1 0.41119066249999997 0.5353539875 0.40058895781250003 0.592395059375 0.4534710890625 0.5991876375 0.46236884375000004 0.5418824296875 0.41119066249999997 0.5353539875
1 0.36009223125 0.53009181875 0.3475247453125 0.5868263171875 0.40082516874999996 0.59261030625 0.41116466875 0.5355293140625 0.36009223125 0.53009181875
1 0.30987935625 0.5215670734375 0.29445449687499997 0.576783559375 0.3475507390625 0.586650990625 0.3599868703125 0.5298960640625 0.30987935625 0.5215670734375
1 0.294428503125 0.5769588859375 0.2779619921875 0.63648645625 0.33237139375 0.6483475078125001 0.3462679734375 0.5871672593749999 0.294428503125 0.5769588859375
1 0.3327129640625 0.6487585078125 0.38894748749999997 0.6546409203125 0.40061495156250004 0.5922197328125 0.34689585625 0.5865491453125 0.3327129640625 0.6487585078125
1 0.2779889921875 0.6372064140625 0.259071740625 0.7042262218750001 0.3173587015625 0.7161539109375 0.33273883125000003 0.6485840203125 0.2779889921875 0.6372064140625
1 0.3886075515625 0.655125303125 0.33279069375 0.64823420625 0.317017759375 0.7157430078125 0.3751933265625 0.7230009265625 0.3886075515625 0.655125303125
1 0.38910408125 0.6544867625 0.4443179171875 0.6609262015625 0.45325627031250004 0.598828103125 0.400190925 0.5923649140625 0.38910408125 0.6544867625
1 0.43373469375000007 0.729599975 0.4439509828125 0.6606906234375 0.388133496875 0.6537994281249999 0.3752970515625 0.7223012984375 0.43373469375000007 0.729599975
1 0.4995057625 0.6675409640625001 0.5071108171875001 0.6044871453125 0.4532857328125 0.5977272890625 0.444001209375 0.659445425 0.4995057625 0.6675409640625001
1 0.49953175625 0.6673656375 0.555034671875 0.67456579375 0.55975560625 0.610170028125 0.5070838171875 0.603767184375 0.49953175625 0.6673656375
1 0.55527075625 0.6747818796875 0.6107229421875 0.6832262984375 0.6128248468749999 0.6193174984375001 0.559861090625 0.6103649421874999 0.55527075625 0.6747818796875
1 0.6103301375 0.6831652109374999 0.6648117390625 0.69092229375 0.6646101953125 0.6280867906250001 0.6123541875 0.6197815515625 0.6103301375 0.6831652109374999
1 0.665232171875 0.691703440625 0.720710853125 0.6999734671875 0.7181693015625 0.6321216046875 0.6644258453125 0.627521728125 0.665232171875 0.691703440625
1 0.6103301375 0.6831652109374999 0.6080014499999999 0.7531227078125 0.6656556250000001 0.76208894375 0.66541639375 0.6922693390625 0.6103301375 0.6831652109374999
1 0.66533753125 0.6918991921875 0.6657863500000001 0.762109275 0.7229940984375001 0.7704696921874999 0.720840446875 0.6990993484375 0.66533753125 0.6918991921875
1 0.5553772484375 0.6758720828125 0.5504768703125 0.7432823546875 0.6081300374999999 0.7513533015625 0.6099367046874999 0.6831040234375 0.5553772484375 0.6758720828125
1 0.49989856718750003 0.667602053125 0.4920133578125 0.736158165625 0.550792571875 0.7438678421875 0.555427475 0.67462688125 0.49989856718750003 0.667602053125
1 0.4440558390625 0.6608854421875 0.43378655625 0.729250159375 0.4917771484375 0.73594291875 0.49966247968750005 0.66738596875 0.4440558390625 0.6608854421875
1 0.2589161515625 0.705275665625 0.23770261874999998 0.7787372296874999 0.2989231765625 0.7898689921875001 0.31638987812499997 0.7163611203125 0.2589161515625 0.705275665625
1 0.316808675 0.7162468828125 0.29866285625 0.7907227812500001 0.3605587578125 0.7982013953125 0.37521931875000003 0.7228256 0.316808675 0.7162468828125
1 0.36053175937500004 0.7974814359375 0.421903378125 0.8048793765625 0.43368107343749995 0.7290552421875 0.3752970515625 0.7223012984375 0.36053175937500004 0.7974814359375
1 0.4218245140625 0.80450923125 0.48338060625 0.8124713921875 0.4919863578125 0.7354382046875 0.43357734687500005 0.7297548734375 0.4218245140625 0.80450923125
1 0.4831703890625 0.8120808203125 0.544649253125 0.8205682203125001 0.5502954156250001 0.7445062874999999 0.492223571875 0.7365487390625 0.4831703890625 0.8120808203125
1 0.5445179 0.8205477921875 0.6053142546875 0.828213290625 0.6081570390625 0.7520732625 0.54974425625 0.7437048109375 0.5445179 0.8205477921875
1 0.60831539375 0.75281365 0.6052882609375 0.8283886171875 0.6657976718749999 0.83708313125 0.6650266125 0.7618126109375 0.60831539375 0.75281365
1 0.6662969671875001 0.8382344234374999 0.7269377328125 0.846949365625 0.7223910796874999 0.77001803125 0.6656556250000001 0.76208894375 0.6662969671875001 0.8382344234374999
1 0.6666385375 0.8386454234375 0.6687024187499999 0.9196637187500001 0.7333514671875 0.9284656265625 0.7268600000000001 0.8474736671875001 0.6666385375 0.8386454234375
1 0.605289390625 0.8292830640625001 0.6041569703125 0.9101630187499999 0.6690439890625 0.9200747187499999 0.6664266859375 0.8373594656250001 0.605289390625 0.8292830640625001
1 0.5449372015625 0.8204344890625 0.540135803125 0.9007429953124999 0.60457576875 0.9100487796875001 0.60502618125 0.8283478578125001 0.5449372015625 0.8204344890625
1 0.47446544062499996 0.892498015625 0.540606340625 0.9002797796875001 0.5445427625 0.8194780187499999 0.48343246874999996 0.812121578125 0.47446544062499996 0.892498015625
1 0.422453528125 0.8047855640625 0.4100276140625 0.8849819640625001 0.475277546875 0.8924458 0.4833017421875 0.8121012484374999 0.422453528125 0.8047855640625
1 0.36053175937500004 0.7974814359375 0.34417566875 0.8779617546875 0.4104999078125 0.8854132968749999 0.422348671875 0.8045907453125001 0.36053175937500004 0.7974814359375
1 0.299159384375 0.7900842375 0.2798421953125 0.8697461750000001 0.34475168906250003 0.8776934578125 0.3602436875 0.79761600625 0.299159384375 0.7900842375
1 0.23796746249999998 0.78056781875 0.21430419218750002 0.862416909375 0.2793710328125 0.870209290625 0.29871471875 0.790372965625 0.23796746249999998 0.78056781875
0 0.726521125 0.4081926328125 0.3406332359375 0.35318890468749997 0.18681077343750002 0.8823431890625001 0.7579560843750001 0.9581573078125001 0.726521125 0.4081926328125