1 0.271307584375 0.2655570625 0.33786027500000004 0.2746730375 0.34960444375 0.215893775 0.28432555625 0.21241859062500001 0.271307584375 0.2655570625
1 0.4120156546875 0.22029322499999998 0.3495640515625 0.2165201640625 0.3362031265625 0.2749771140625 0.40331168906250003 0.27908859218750004 0.4120156546875 0.22029322499999998
1 0.4040539734375 0.27846681875 0.4682037296875 0.281310315625 0.472911615625 0.222806634375 0.412270253125 0.2199817203125 0.4040539734375 0.27846681875
1 0.46841732187499996 0.2816243 0.5321410656250001 0.282055584375 0.53512804375 0.22512688593750002 0.4731453734375 0.2228078734375 0.46841732187499996 0.2816243
1 0.5325120734375 0.2816004421875 0.5975783671875 0.2798867421875 0.5963616468749999 0.22453610156249998 0.5350018375000001 0.22444010625000002 0.5325120734375 0.2816004421875
1 0.5973931703125 0.2801147625 0.6624299984375 0.27885801093749996 0.6578541437500001 0.222574465625 0.5959079875 0.22361858437499998 0.5973931703125 0.2801147625
1 0.662244128125 0.2790860328125 0.7266503234374999 0.279656171875 0.7196970796875 0.223131028125 0.6581514562499999 0.2232621515625 0.662244128125 0.2790860328125
1 0.725722434375 0.280794475 0.79012056875 0.265584015625 0.7802388046875001 0.206756925 0.7191549640625 0.2235852640625 0.725722434375 0.280794475
1 0.7265324015625 0.28148487499999997 0.7338214421875 0.3407553421875 0.8019195796874999 0.32647959375 0.7903506078125 0.26467101875 0.7265324015625 0.28148487499999997
1 0.6668135046875 0.3381139890625 0.73400658125 0.3405282203125 0.7264645109375001 0.279883290625 0.66193205 0.2786272734375 0.6668135046875 0.3381139890625
1 0.5974079328124999 0.2798858390625 0.5978466328125001 0.3393490234375 0.6659150828125 0.33879534218749996 0.6616045953125 0.278396534375 0.5974079328124999 0.2798858390625
1 0.5325120734375 0.2816004421875 0.529972896875 0.342191975 0.5982855328125 0.3404954671875 0.5972368234375 0.27988493124999997 0.5325120734375 0.2816004421875
1 0.468076353125 0.28148815625 0.4621043484375 0.3422896078125 0.5305150734375 0.3417368390625 0.5324826078125 0.28205739375 0.468076353125 0.28148815625
1 0.403149221875 0.2783998171875 0.3935444265625 0.3398681390625 0.46179226875 0.3418308484375 0.46823275937500003 0.2817170859375 0.403149221875 0.2783998171875
1 0.3378651109375 0.27553859062499997 0.32474550625 0.3358441765625 0.3932471125 0.339180453125 0.4024507 0.2786251203125 0.3378651109375 0.27553859062499997
1 0.2709726734375 0.2658077359375 0.2547918640625 0.325869003125 0.32493131875 0.33561705937499997 0.3376113515625 0.274165025 0.2709726734375 0.2658077359375
1 0.2551340796875 0.3258708171875 0.23650461250000002 0.3920941171875 0.30957259062500003 0.40414411718750004 0.3246333296875 0.33492936875 0.2551340796875 0.3258708171875
1 0.30957259062500003 0.40414411718750004 0.3832442640625 0.406821665625 0.3932028828125 0.33986633125 0.3240912125 0.3353836046875 0.30957259062500003 0.40414411718750004
1 0.3827316125 0.4068189515625 0.4553690828125 0.4069746796875 0.461382834375 0.34022745468750004 0.3937597625 0.33918316718749997 0.3827316125 0.4068189515625
1 0.4553690828125 0.4069746796875 0.5268787046875001 0.40872566250000003 0.5301875578125 0.341507 0.4614654890625 0.3416001125 0.4553690828125 0.4069746796875
1 0.5268934671875 0.40849673593749997 0.59938996875 0.4081946109375 0.5979882171875001 0.3398077828125 0.5298460171875 0.341505190625 0.5268934671875 0.40849673593749997
1 0.599233565625 0.40796567968749997 0.6711437203124999 0.4088036671875 0.666427734375 0.3387980578125 0.597675525 0.3393481171875 0.599233565625 0.40796567968749997
1 0.671032275 0.4078879609375 0.7413159625 0.4100904609375 0.7339771140625 0.34098517031250003 0.666427734375 0.3387980578125 0.671032275 0.4078879609375
1 0.7415985734375 0.4110061703125 0.8146970203125001 0.396070796875 0.8014216328125 0.3262488546875 0.7332792671874999 0.34121047656250003 0.7415985734375 0.4110061703125
1 0.7506719562499999 0.4876678671875 0.8262715734375 0.468400071875 0.8145701390625 0.3953840140625 0.741286496875 0.410547409375 0.7506719562499999 0.4876678671875
1 0.6706465046875 0.40857202968750006 0.6755597421874999 0.48612590781250004 0.750516284375 0.48743803906250005 0.7413749515625 0.40917565468749995 0.6706465046875 0.40857202968750006
1 0.5995905421875001 0.40773856875 0.6000904921875 0.48481196249999997 0.6753886328125 0.4861250015625 0.6703042859375 0.4085702171875 0.5995905421875001 0.40773856875
1 0.5268934671875 0.40849673593749997 0.523634421875 0.4855502203125 0.5997342453125001 0.48503817812500005 0.5992925546875 0.407050878125 0.5268934671875 0.40849673593749997
1 0.45539854843749994 0.40651772968750005 0.44782368593750005 0.48423356562500003 0.5243322703125 0.48532491406249995 0.5272792390625 0.40781266718750003 0.45539854843749994 0.40651772968750005
1 0.3827316125 0.4068189515625 0.3712996671875 0.4833711390625 0.4484625453125 0.4849230609375 0.45539854843749994 0.40651772968750005 0.3827316125 0.4068189515625
1 0.309743025 0.4041450203125 0.293155715625 0.48112791250000003 0.37117278593749997 0.48268435781249996 0.3824342984375 0.406131265625 0.309743025 0.4041450203125
1 0.2363047140625 0.392550165625 0.215318203125 0.46882364374999996 0.2945667890625 0.48044927499999995 0.30923037343750004 0.4041423046875 0.2363047140625 0.392550165625
1 0.29369783125 0.48067367499999997 0.21525927031249997 0.46973754375 0.19195346562499999 0.5581197359375001 0.2746996734375 0.5658762296875001 0.29369783125 0.48067367499999997
1 0.29371259375 0.4804447484375 0.275256553125 0.5651930671875001 0.357784271875 0.5683746296875001 0.3717149046875 0.482230121875 0.29371259375 0.4804447484375
1 0.37114332031249997 0.48314130781250003 0.3576131640625 0.5683737234375 0.43974688281249996 0.5697229687500001 0.44768204375 0.483775709375 0.37114332031249997 0.48314130781250003
1 0.43954624999999997 0.570179915625 0.5200977875 0.572206890625 0.5238785515625 0.48440829687500003 0.447637815625 0.48446158281249996 0.43954624999999997 0.570179915625
1 0.5206841328125 0.571066778125 0.6014945015625 0.571723803125 0.5997489484375 0.48481015312500003 0.5238196203125 0.485322196875 0.5206841328125 0.571066778125
1 0.6016502328125 0.57195273125 0.6819928515625 0.57192116875 0.6756186734375 0.48521200625 0.59920683125 0.4852643875 0.6016502328125 0.57195273125
1 0.6818512109375 0.5714633124999999 0.761235803125 0.5730270015625 0.750828359375 0.48789679843749995 0.6756334359375 0.48498308124999995 0.6818512109375 0.5714633124999999
1 0.761235803125 0.5730270015625 0.84183499375 0.553100475 0.82606690625 0.468930025 0.7497835875 0.488193296875 0.761235803125 0.5730270015625
1 0.7610204656249999 0.57371196875 0.7741826734374999 0.669147528125 0.8597609937499999 0.6515338109375 0.8414639875000001 0.5535556171875 0.7610204656249999 0.57371196875
1 0.6816653984375 0.5716904296875 0.6887289156249999 0.668923915625 0.7745536828125 0.6686923859375 0.76053728125 0.5732523046875 0.6816653984375 0.5716904296875
1 0.6012791671875 0.5724087734375 0.6030213984375 0.6673267375 0.6893594890625 0.667097925 0.6813238546875 0.5716886203125 0.6012791671875 0.5724087734375
1 0.5203124515625001 0.571521915625 0.5167135046875 0.6670977 0.602620925 0.6682388296874999 0.6007812765625 0.5721771328124999 0.5203124515625001 0.571521915625
1 0.4393899046875 0.56995008125 0.429898703125 0.6641224343750001 0.5173351187499999 0.6627562234375 0.5204687953125 0.5717517484375 0.4393899046875 0.56995008125
1 0.35776956875 0.5686026562500001 0.34287752656250003 0.664347628125 0.43041135625000004 0.66412515 0.4395610125 0.5699509875000001 0.35776956875 0.5686026562500001
1 0.27502645625 0.5661069640624999 0.254451753125 0.6625070484375 0.342609678125 0.663202990625 0.35776956875 0.5686026562500001 0.27502645625 0.5661069640624999
1 0.2539391015625 0.662504334375 0.274870109375 0.5658771328125 0.1896080265625 0.5626810875 0.1636036328125 0.6611116453125 0.2539391015625 0.662504334375
1 0.1634325234375 0.6611107390625001 0.1316671046875 0.7693435421875 0.228637521875 0.7712293796874999 0.2546368921875 0.6622799265625 0.1634325234375 0.6611107390625001
1 0.2288380953125 0.7707733359375 0.3250273359375 0.7715118171875 0.34239434062499996 0.6638879625 0.2535968859375 0.6625025203125 0.2288380953125 0.7707733359375
1 0.324915890625 0.7705961125 0.41932237343749995 0.7724683703124999 0.429742975 0.663893509375 0.3422533734375 0.663430109375 0.324915890625 0.7705961125
1 0.419537709375 0.7717834 0.513765475 0.7711392703125 0.51697306875 0.6657268515625 0.4297724984375 0.66343565625 0.419537709375 0.7717834
1 0.516631525 0.6657250421875001 0.5133937921875 0.7715944078125 0.6069083296875 0.7714036078125 0.602836259375 0.667553859375 0.516631525 0.6657250421875001
1 0.60319250625 0.66732764375 0.6070057453125 0.772547340625 0.6995621953125 0.7739526921875 0.6886462640625 0.66755125625 0.60319250625 0.66732764375
1 0.6890999250000001 0.668468775 0.6992058906249999 0.7741798109375 0.7908344546875 0.776723465625 0.7740557921875 0.6684607453125 0.6890999250000001 0.668468775
1 0.774197375 0.6689195031249999 0.7896092515625 0.777174084375 0.8833412812500001 0.7648634375000001 0.859916665625 0.6517636390625 0.774197375 0.6689195031249999
1 0.790463446875 0.7771786078125 0.8109714734375 0.8991824046874999 0.9115427281249999 0.8955984234375001 0.8839493562499999 0.7641805484375 0.790463446875 0.7771786078125
1 0.6993327734375 0.77486659375 0.7119127015625 0.8952271703125 0.8117289859374999 0.8980422953125 0.7903749906249999 0.7785503609375 0.6993327734375 0.77486659375
1 0.6070352109375 0.7720903906250001 0.612267584375 0.8924120500000001 0.7123132359375 0.894314178125 0.6993917625 0.7739517890625 0.6070352109375 0.7720903906250001
1 0.513736009375 0.771596221875 0.5096669609375 0.8930118312499999 0.6118818140625 0.89309611875 0.607049971875 0.7718614640625 0.513736009375 0.771596221875
1 0.41949348124999997 0.7724692765625 0.40628583906250004 0.8924642609375001 0.5096964265625 0.89255488125 0.5130522484375 0.7715925984374999 0.41949348124999997 0.7724692765625
1 0.1319650953125 0.7700312312500001 0.0917850140625 0.8841663640625 0.19885769375 0.8963973749999999 0.22896497500000002 0.77146011875 0.1319650953125 0.7700312312500001
1 0.2287938671875 0.7714592125 0.1982181609375 0.8957078765625001 0.30321093125 0.895120765625 0.3245294453125 0.7712801765624999 0.2287938671875 0.7714592125
1 0.32522796718749997 0.771054871875 0.3027278046875 0.8946601984375 0.4067689671875 0.8929248296875001 0.41918140625 0.7720105171875 0.32522796718749997 0.771054871875
0 0.795307440625 0.17793622343749999 0.27295245156250003 0.1815888390625 0.053401635937500004 0.903785453125 0.9490618546875 0.927662096875 0.795307440625 0.17793622343749999