1 0.6988482125 0.7322589921875 0.748814953125 0.7225520171875 0.7504194890625 0.669698478125 0.702448740625 0.6721645265625 0.6988482125 0.7322589921875
1 0.7009213062499999 0.67225038125 0.6495051125 0.6765996984375 0.6467821 0.7415459078125 0.6995748796875 0.73175431875 0.7009213062499999 0.67225038125
1 0.7493737765625 0.6694011140625 0.7540091 0.6119004296874999 0.7055978203125 0.6124368625 0.7020358546875001 0.6727390828125 0.7493737765625 0.6694011140625
1 0.7549006265625 0.612209828125 0.7607612687499999 0.5545948093749999 0.7129208890625 0.5513219515625 0.7069100578125 0.612696053125 0.7549006265625 0.612209828125
1 0.760100115625 0.5542496671875 0.764786265625 0.495803071875 0.7167392375 0.4904902875 0.71291786875 0.551499628125 0.760100115625 0.5542496671875
1 0.764514721875 0.49571723749999996 0.7689528953125 0.43798586093749997 0.722351728125 0.42896937656249995 0.7176054859375001 0.491099496875 0.764514721875 0.49571723749999996
1 0.7227064171875 0.367467746875 0.7225278109375 0.429280703125 0.7686758109375 0.4379424046875 0.7707145546875 0.3789746796875 0.7227064171875 0.367467746875
1 0.7710269609375 0.3789663390625 0.771900321875 0.321348796875 0.7257303890625 0.3061749625 0.724217415625 0.36727411875 0.7710269609375 0.3789663390625
1 0.7719792187500001 0.3216044375 0.7753641515624999 0.264808534375 0.727186484375 0.24443235937500002 0.7257848578125 0.30571525 0.7719792187500001 0.3216044375
1 0.726959084375 0.244853734375 0.6809314265624999 0.224822909375 0.67362291875 0.289668553125 0.7257848578125 0.30571525 0.726959084375 0.244853734375
1 0.7253901265625 0.306091759375 0.673442296875 0.2887614890625 0.6725932078125 0.3544968234375 0.7236608062500001 0.3674667171875 0.7253901265625 0.306091759375
1 0.7234539421874999 0.367594884375 0.6730061296875001 0.3542397734375 0.6722297421875 0.41894927656250003 0.7219818390625 0.4282817203125 0.7234539421874999 0.367594884375
1 0.7225165046875001 0.4287816390625 0.6714298421875 0.4189094921875 0.665837034375 0.484650665625 0.717188871875 0.4905163578125 0.7225165046875001 0.4287816390625
1 0.7175941781249999 0.4906004359375 0.6656609953125 0.48433870625 0.66076071875 0.548668196875 0.7119684125 0.5511733703125 0.7175941781249999 0.4906004359375
1 0.7130224234375 0.551499021875 0.66052681875 0.548057084375 0.6551525328125 0.6133568609375 0.70719830625 0.6126534796875001 0.7130224234375 0.551499021875
1 0.7071352 0.6123436046874999 0.6562774390625 0.6129637796875 0.65006254375 0.6763342015625 0.701489628125 0.6721107125 0.7071352 0.6123436046874999
1 0.6493075890625 0.67690028125 0.592617690625 0.6821565515625 0.5935495265624999 0.750033353125 0.6472214421875 0.741266328125 0.6493075890625 0.67690028125
1 0.6553479828125 0.6128045156249999 0.598953503125 0.613842675 0.5920538796875 0.6819260015624999 0.6494678359375 0.6764714374999999 0.6553479828125 0.6128045156249999
1 0.6551438 0.61268648125 0.660829315625 0.5492666359375 0.6036805796875 0.545858090625 0.5991276640625001 0.6134842484374999 0.6551438 0.61268648125
1 0.603662740625 0.5463941546875 0.6610338140625001 0.5491600156249999 0.6654256843749999 0.48412690312500006 0.60866705 0.4774723640625 0.603662740625 0.5463941546875
1 0.6727748484375 0.41956922187499995 0.6145825296874999 0.40823701406249996 0.6081837734375 0.47676465625000003 0.665823971875 0.4840176546875 0.6727748484375 0.41956922187499995
1 0.67249444375 0.3540722765625 0.6160272140624999 0.3383886859375 0.6145073828125 0.40829474218749995 0.6721979859375 0.4191825578125 0.67249444375 0.3540722765625
1 0.6735839109375 0.2899197296875 0.615997753125 0.2702749734375 0.6160708968749999 0.3387435015625 0.6729118109375001 0.35406976874999996 0.6735839109375 0.2899197296875
1 0.67265991875 0.289645746875 0.6804935328124999 0.22412770625 0.6236702171874999 0.20132123281249997 0.6157135499999999 0.2705778109375 0.67265991875 0.289645746875
1 0.6238829703125 0.2021486796875 0.5622345515625 0.17485900625 0.5535267828125 0.24898112343749998 0.6160398625 0.270162990625 0.6238829703125 0.2021486796875
1 0.6159079203125 0.2696739359375 0.5534986749999999 0.2493824546875 0.5529523828125 0.3228426015625 0.6155856359375 0.339923353125 0.6159079203125 0.2696739359375
1 0.615761434375 0.3391745984375 0.55229316875 0.322420821875 0.55007770625 0.396534996875 0.6131053171875 0.4079971890625 0.615761434375 0.3391745984375
1 0.6152545046875 0.40819523437500005 0.5504028890625 0.3957571203125 0.544693396875 0.469549325 0.60798800625 0.4771991875 0.6152545046875 0.40819523437500005
1 0.6083139921875 0.47675233125 0.5457551875 0.47017975625 0.5396218921875 0.5423172187499999 0.6040308421875 0.545627275 0.6083139921875 0.47675233125
1 0.6042159796875 0.5460661796874999 0.5394925734375 0.5425613546875 0.5345960375 0.6150816421874999 0.5987337484374999 0.6138857984375 0.6042159796875 0.5460661796874999
1 0.5985207296875 0.614309778125 0.534230271875 0.6150812234374999 0.52842554375 0.6875178203125001 0.5918301968749999 0.681438096875 0.5985207296875 0.614309778125
1 0.59171541875 0.681413434375 0.5286813859375 0.6877667203125 0.5296224265625 0.7605515984375 0.5926570203125 0.750080415625 0.59171541875 0.681413434375
1 0.528231215625 0.6875159156249999 0.455665521875 0.69408420625 0.4587728796875 0.77253476875 0.529307728125 0.76099629375 0.528231215625 0.6875159156249999
1 0.5280874343749999 0.6875506765625 0.534457584375 0.6148934875000001 0.4608357859375 0.6156250625 0.45515744218750004 0.694085396875 0.5280874343749999 0.6875506765625
1 0.4684027421875 0.5389550890625 0.46084777343749994 0.615466134375 0.5339191203125 0.614753609375 0.5395663828124999 0.5419600328125 0.4684027421875 0.5389550890625
1 0.5451837171875 0.469606028125 0.47352858593749997 0.4605430640625 0.4676594109375 0.5391227984375 0.5403931515625 0.5424234984375 0.5451837171875 0.469606028125
1 0.54543166875 0.46950277187499995 0.55020311875 0.3961509546875 0.47724484218749996 0.38218550156250003 0.473193753125 0.46093277187500004 0.54543166875 0.46950277187499995
1 0.5522725125 0.322177590625 0.479464921875 0.3034429796875 0.4766612046875 0.38267838906249996 0.55021260625 0.39601548124999997 0.5522725125 0.322177590625
1 0.5520606140625001 0.32237762812500004 0.553951875 0.250947725 0.4825961953125 0.22455781562500002 0.479835521875 0.3037779890625 0.5520606140625001 0.32237762812500004
1 0.5532692046875 0.2497722734375 0.5618012875 0.1749906359375 0.4868356140625 0.14526202500000002 0.4823510171875 0.2247682296875 0.5532692046875 0.2497722734375
1 0.4859827515625 0.1448531296875 0.40164047812500003 0.112672953125 0.39825956093750003 0.197789171875 0.4815801171875 0.2240941921875 0.4859827515625 0.1448531296875
1 0.48323050468749995 0.22510276562499998 0.39827443749999997 0.1975767390625 0.3972333875 0.28205208125 0.4810363578125 0.3046247953125 0.48323050468749995 0.22510276562499998
1 0.4796716703125 0.30449071875 0.3975524828125 0.28150792812500003 0.3947418 0.366677334375 0.47707835468750004 0.38212855 0.4796716703125 0.30449071875
1 0.477217503125 0.3823801421875 0.3956364140625 0.36618429531249996 0.391025284375 0.45138686874999995 0.47279026718750006 0.46126302499999994 0.477217503125 0.3823801421875
1 0.47335205468749997 0.46136344375 0.3909635125 0.45116801406249996 0.3848931203125 0.5350794062500001 0.46640733125 0.5383960984375 0.47335205468749997 0.46136344375
1 0.46734574375 0.538549784375 0.38449420624999997 0.5349651921875 0.378089425 0.6181224249999999 0.4617688796875 0.61558558125 0.46734574375 0.538549784375
1 0.4602983796875 0.6155556984375 0.3781892140625 0.6179696671875 0.3730303453125 0.7026877609375 0.45541843281250005 0.6941017656249999 0.4602983796875 0.6155556984375
1 0.45538763906249996 0.69450476875 0.3717400890625 0.702273765625 0.3743210734375 0.7871270421875 0.45864617343749997 0.772704890625 0.45538763906249996 0.69450476875
1 0.275471946875 0.7116374609375 0.2722216359375 0.8050656281249999 0.374359975 0.7870608531250001 0.37262078593750003 0.701930515625 0.275471946875 0.7116374609375
1 0.378578809375 0.6186450578125 0.2809907 0.6207900093750001 0.2753797109375 0.7119759109375 0.37252855 0.702268965625 0.378578809375 0.6186450578125
1 0.2817044109375 0.6208250515625 0.377550334375 0.618664228125 0.3840255875 0.534500803125 0.2870836203125 0.5301964671875 0.2817044109375 0.6208250515625
1 0.2919352671875 0.438795284375 0.2880857484375 0.529709496875 0.383772821875 0.5353455265625 0.391362834375 0.4518635046875 0.2919352671875 0.438795284375
1 0.3907947 0.45066724062499997 0.3964142390625 0.3666982984375 0.2976779859375 0.3474531640625 0.2923484328125 0.438473603125 0.3907947 0.45066724062499997
1 0.395836371875 0.36671738593750003 0.3976967546875 0.2804509296875 0.3006250828125 0.2560915625 0.29787888906250004 0.3475446546875 0.395836371875 0.36671738593750003
1 0.39809377968750004 0.2822433875 0.39901240625 0.19823174062499999 0.3032067296875 0.16325727343750002 0.3006407125 0.25596625624999997 0.39809377968750004 0.2822433875
1 0.39773460312500003 0.1978233734375 0.40237002187500004 0.1129834296875 0.3070260046875 0.071417209375 0.3031127796875 0.163228771875 0.39773460312500003 0.1978233734375
1 0.3076255140625 0.072092096875 0.20069017968749997 0.0206777390625 0.195925496875 0.1222861109375 0.3036540671875 0.1637075375 0.3076255140625 0.072092096875
1 0.3035541234375 0.16381355 0.197469540625 0.1226236328125 0.1950964515625 0.2236720703125 0.3003256828125 0.25636675468750003 0.3035541234375 0.16381355
1 0.3004750015625 0.25515210625 0.1950231296875 0.22358145624999998 0.19419408437500002 0.324967415625 0.2974275921875 0.34716315781249996 0.3004750015625 0.25515210625
1 0.2982861765625 0.3471968265625 0.1927569359375 0.32420445781249996 0.18725415 0.4251597375 0.29270509375 0.439019853125 0.2982861765625 0.3471968265625
1 0.29264286875 0.44014074687500004 0.18708890312499998 0.42495055 0.1821197640625 0.5257597640625 0.28806797031250003 0.5298410046875001 0.29264286875 0.44014074687500004
1 0.2876000921875 0.53079713125 0.1803016796875 0.5255922296875 0.1748405015625 0.6259656234375 0.2805076484375 0.6208741640625 0.2876000921875 0.53079713125
1 0.2812829859375 0.6213258453125 0.17461808750000002 0.625740928125 0.1677885015625 0.72325679375 0.27622495625 0.7112459578125 0.2812829859375 0.6213258453125
1 0.27154100937500003 0.80520646875 0.27547498125000003 0.7117164781249999 0.16716069218750002 0.724759578125 0.161209140625 0.8232422937500001 0.27154100937500003 0.80520646875
0 0.783619146875 0.7403746140624999 0.8002972359375 0.24469838125 0.2415489078125 0.005367753125 0.167385546875 0.0037196781249999996 0.1290298015625 0.8741489687499999 0.783619146875 0.7403746140624999