1 0.321308125 0.19875689218749998 0.264654375 0.195703425 0.24553375000000002 0.25394235625 0.305030625 0.2607000828125 0.321308125 0.19875689218749998
1 0.37828 0.19049707656249998 0.3210275 0.19875689218749998 0.305591875 0.259573934375 0.36368625 0.2543182953125 0.37828 0.19049707656249998
1 0.43777687500000007 0.1852414375 0.3782975 0.1911629078125 0.364528125 0.25319214687499997 0.42599 0.249812865625 0.43777687500000007 0.1852414375
1 0.500895 0.1803700921875 0.43781 0.1854051796875 0.425614375 0.2494519625 0.49171062499999996 0.24743776093749997 0.500895 0.1803700921875
1 0.4259425 0.24937594062500001 0.413725 0.320064328125 0.48208 0.31845279843749996 0.49156562499999995 0.2469548875 0.4259425 0.24937594062500001
1 0.305499375 0.2604477859375 0.28786812500000003 0.32709273125 0.3494475 0.322259815625 0.364353125 0.25438679999999997 0.305499375 0.2604477859375
1 0.364644375 0.25314035156250003 0.34884499999999996 0.322461153125 0.414038125 0.320044278125 0.426083125 0.2493517125 0.364644375 0.25314035156250003
1 0.2458575 0.255797828125 0.22555187499999999 0.3223400171875 0.28908875 0.3261662484375 0.3061025 0.260710109375 0.2458575 0.255797828125
1 0.56537125 0.17338429375 0.500495 0.17961904687500002 0.49129500000000004 0.24729908125 0.559800625 0.24306934062500002 0.56537125 0.17338429375
1 0.4918975 0.24669507031250001 0.481960625 0.3179916453125 0.553025625 0.316782790625 0.55995125 0.24327067656249998 0.4918975 0.24669507031250001
1 0.63478 0.1673425234375 0.5652725000000001 0.17297577343749998 0.55965 0.24306934062500002 0.63101625 0.2392431078125 0.63478 0.1673425234375
1 0.55947375 0.2431754390625 0.552875 0.3161787796875 0.6274025 0.3155747703125 0.630715 0.2398471171875 0.55947375 0.2431754390625
1 0.6343575 0.16655388437500002 0.630755625 0.2390434421875 0.705735 0.23320300781249997 0.705885625 0.1600935671875 0.6343575 0.16655388437500002
1 0.7051331249999999 0.31034001718750004 0.705265 0.233209690625 0.630605 0.239244778125 0.626690625 0.3151737671875 0.7051331249999999 0.31034001718750004
1 0.77954625 0.1388947375 0.705430625 0.1603533828125 0.705470625 0.2325472015625 0.783611875 0.21643441874999997 0.77954625 0.1388947375
1 0.7053200000000001 0.232949875 0.70501875 0.31028822031250003 0.788279375 0.3016282375 0.7837625 0.217643275 0.7053200000000001 0.232949875
1 0.70485 0.310159565625 0.7047 0.392935671875 0.7921756249999999 0.3893107765625 0.78750875 0.3017000828125 0.70485 0.310159565625
1 0.627068125 0.3151461984375 0.62285125 0.39421386875 0.705208125 0.39401253125 0.704906875 0.3096248953125 0.627068125 0.3151461984375
1 0.6220981250000001 0.393760234375 0.6178725 0.48559147812500003 0.704746875 0.48700083593750004 0.705198125 0.3933483703125 0.6220981250000001 0.393760234375
1 0.705430625 0.393760234375 0.704445625 0.4865981625 0.796739375 0.4791461984375 0.792373125 0.3885146203125 0.705430625 0.393760234375
1 0.544729375 0.3953107765625 0.535648125 0.4818688390625 0.617704375 0.48408437812500005 0.6225225 0.394056809375 0.544729375 0.3953107765625
1 0.552661875 0.3171211359375 0.544681875 0.3958696734375 0.6225225 0.3942581453125 0.62764125 0.31550960781250004 0.552661875 0.3171211359375
1 0.481554375 0.3182481203125 0.471165625 0.3963926484375 0.5440375000000001 0.39498245625 0.552619375 0.3170401 0.481554375 0.3182481203125
1 0.41384875 0.31935338281250003 0.39949875 0.3955873015625 0.471165625 0.396795321875 0.482156875 0.3182481203125 0.41384875 0.31935338281250003
1 0.40009812499999997 0.3953107765625 0.38308749999999997 0.47655054375 0.45851875 0.4793709265625 0.471165625 0.39619131093750004 0.40009812499999997 0.3953107765625
1 0.4703425 0.396860484375 0.45821750000000006 0.47916959062500003 0.535455625 0.4827944859375 0.544790625 0.395385965625 0.4703425 0.396860484375
1 0.2884725 0.3266900578125 0.26829749999999997 0.399194653125 0.331231875 0.3973826234375 0.34945 0.322862990625 0.2884725 0.3266900578125
1 0.349600625 0.32266165468749997 0.33093125 0.39657644062499997 0.39973749999999997 0.39577109374999997 0.414040625 0.32064828749999996 0.349600625 0.32266165468749997
1 0.22547999999999999 0.3228964078125 0.20396437500000003 0.392488721875 0.2691575 0.39893316562500003 0.28827875000000003 0.3268312453125 0.22547999999999999 0.3228964078125
1 0.20477125 0.39287468593749997 0.180364375 0.4720083546875 0.24721375 0.47825229687500004 0.269045 0.3988989140625 0.20477125 0.39287468593749997
1 0.268554375 0.3990751875 0.247063125 0.477446115625 0.3127075 0.47623809531249994 0.33182875 0.3980935671875 0.268554375 0.3990751875
1 0.33193562499999996 0.3973224734375 0.312964375 0.4756683375 0.383578125 0.476272346875 0.3995375 0.3963157890625 0.33193562499999996 0.3973224734375
1 0.18074874999999999 0.47193233125 0.15392375 0.5594895578125 0.22363375 0.5645246453125 0.247573125 0.47812280625000003 0.18074874999999999 0.47193233125
1 0.291975 0.56629406875 0.313204375 0.476267334375 0.24725812500000002 0.4776766921875 0.222716875 0.5648847124999999 0.291975 0.56629406875
1 0.382868125 0.4768036765625 0.31248 0.475623225 0.291853125 0.566254803125 0.36577875 0.5698797 0.382868125 0.4768036765625
1 0.382985 0.47689724375000003 0.36521875000000004 0.569945696875 0.444564375 0.57336925625 0.4587175 0.4797167921875 0.382985 0.47689724375000003
1 0.525571875 0.5778170421875 0.5356175000000001 0.48234001718749997 0.45827125 0.479935671875 0.443816875 0.5731854640625 0.525571875 0.5778170421875
1 0.6132187499999999 0.5858287390625 0.618121875 0.48477610625 0.53583 0.4819047625 0.5249900000000001 0.5779741015625001 0.6132187499999999 0.5858287390625
1 0.7043412499999999 0.5905405171875 0.705099375 0.487212196875 0.6179193749999999 0.4848036765625 0.6129506250000001 0.58530409375 0.7043412499999999 0.5905405171875
1 0.796688125 0.4795873015625 0.705099375 0.487433584375 0.7039424999999999 0.59056056875 0.801958125 0.585121971875 0.796688125 0.4795873015625
1 0.70493375 0.591071846875 0.7044668749999999 0.70572598125 0.8089562499999999 0.7081428578125 0.8014281249999999 0.5850860484375 0.70493375 0.591071846875
1 0.612654375 0.5853141187500001 0.606694375 0.6965781125 0.704860625 0.706044278125 0.704559375 0.590237259375 0.612654375 0.5853141187500001
1 0.525345625 0.5777844609375 0.5149675 0.68793985 0.6068100000000001 0.696398496875 0.612380625 0.5846198828125 0.525345625 0.5777844609375
1 0.44449812499999997 0.57269089375 0.42779249999999996 0.67927903125 0.51466625 0.68793985 0.5256575 0.5779732671875 0.44449812499999997 0.57269089375
1 0.29208 0.56626900625 0.26703125 0.6648596484375 0.345925 0.6717067671875 0.366250625 0.5697969921875 0.29208 0.56626900625
1 0.366135 0.5706984125 0.346376875 0.67130409375 0.429035 0.6801662484375 0.444241875 0.5736240593749999 0.366135 0.5706984125
1 0.154406875 0.5587401843750001 0.12285062499999999 0.6515096078125 0.19512000000000002 0.6597669171875 0.22372687500000002 0.5643024234375 0.154406875 0.5587401843750001
1 0.22312437499999999 0.5649064328125 0.19466875 0.6597669171875 0.268293125 0.6648020046875 0.29193125000000003 0.566920634375 0.22312437499999999 0.5649064328125
1 0.12259625 0.6521779453125001 0.08570875 0.75428905625 0.16430125 0.7677836250000001 0.19501625 0.66023391875 0.12259625 0.6521779453125001
1 0.19483062499999998 0.65994235625 0.16415125 0.7675822890624999 0.24093749999999997 0.7766449453125001 0.2678875 0.6646649953125 0.19483062499999998 0.65994235625
1 0.086470625 0.7537644109375 0.04493375 0.8710601499999999 0.12889124999999998 0.8895505437500001 0.16447125 0.7679966578124999 0.086470625 0.7537644109375
1 0.16420812499999998 0.76844695 0.128635625 0.8895505437500001 0.209265625 0.9035889718749999 0.24049375 0.7772414375000001 0.16420812499999998 0.76844695
1 0.34646499999999997 0.6721236421875 0.26701312499999996 0.6645371765625 0.23972625 0.7772414375000001 0.322915625 0.7881988296875 0.34646499999999997 0.6721236421875
1 0.240819375 0.7771060984375 0.209009375 0.9039314953125 0.29655125 0.9183617375 0.323171875 0.787563909375 0.240819375 0.7771060984375
1 0.40944 0.79927903125 0.428403125 0.679596490625 0.34596 0.6715622390625 0.322154375 0.78695238125 0.40944 0.79927903125
1 0.38768250000000004 0.9362406015625 0.409184375 0.7989365078125 0.3229225 0.7872949046875 0.29476562500000003 0.918436090625 0.38768250000000004 0.9362406015625
1 0.5148993749999999 0.6876549703125 0.428381875 0.6797794484375 0.40995187499999997 0.797909775 0.502100625 0.810920634375 0.5148993749999999 0.6876549703125
1 0.502100625 0.8112631578125 0.410095625 0.797812865625 0.38870625 0.9335020890625 0.48648687500000004 0.9513066 0.502100625 0.8112631578125
1 0.60738125 0.6959348375000001 0.5154356250000001 0.6875029234375 0.50166625 0.8116675015625001 0.5991906250000001 0.8239941515625 0.60738125 0.6959348375000001
1 0.600214375 0.8250208859375 0.5019162500000001 0.8117426906249999 0.48605187499999997 0.9513684203125001 0.591255625 0.9708855468750001 0.600214375 0.8250208859375
1 0.704905625 0.705179615625 0.60725625 0.6965380109375 0.599958125 0.824336675 0.70439375 0.838717628125 0.704905625 0.705179615625
1 0.60047 0.8250208859375 0.591255625 0.9702138687499999 0.70439375 0.9904152046875 0.70439375 0.83907268125 0.60047 0.8250208859375
1 0.809411875 0.7084319125 0.705744375 0.7060350875 0.7052324999999999 0.8392305765625 0.8178587500000001 0.8484753546875 0.809411875 0.7084319125
1 0.7047100000000001 0.8388496234374999 0.70497625 0.990169590625 0.8270737499999999 0.999164578125 0.8176024999999999 0.848071846875 0.7047100000000001 0.8388496234374999
0 0.791243125 0.1169348375 0.25625624999999996 0.1714118625 0.012141250000000001 0.8919281531250001 0.847095625 0.999164578125 0.791243125 0.1169348375