1 0.38854042187500004 0.5107788296875 0.4863806140625 0.519739290625 0.49412382499999996 0.47856488906249994 0.40299085312500005 0.4696460796875 0.38854042187500004 0.5107788296875
1 0.7490767140625 0.4362559375 0.8291526921875001 0.428116034375 0.8126109406250001 0.397021140625 0.740847821875 0.4059908984375 0.7490767140625 0.4362559375
1 0.667300671875 0.42647896406249997 0.7480374953125 0.43615219375000003 0.7403286609374999 0.40593907187499995 0.6637487203125 0.396680815625 0.667300671875 0.42647896406249997
1 0.5868889125 0.42046808125 0.6673800625 0.42608387812500004 0.6618291968750001 0.395682471875 0.5887271578125 0.38757812812500003 0.5868889125 0.42046808125
1 0.5067738890625 0.4106236390625 0.5870948390625 0.4192879859375 0.5888498328125 0.388022721875 0.5117307156249999 0.38032408281249996 0.5067738890625 0.4106236390625
1 0.5070933937500001 0.41044040937500004 0.5117307156249999 0.38032408281249996 0.43563610625000004 0.3731586671875 0.42668768906250004 0.402197853125 0.5070933937500001 0.41044040937500004
1 0.34502537968749997 0.3959839015625 0.4261334375 0.402142521875 0.435038578125 0.37331414218750003 0.3594567421875 0.366415040625 0.34502537968749997 0.3959839015625
1 0.2649626625 0.3888526078125 0.34515265 0.3953505296875 0.3589015921875 0.366359621875 0.2839823828125 0.36038786875 0.2649626625 0.3888526078125
1 0.1851894890625 0.37464409375 0.26381074375 0.3889534390625 0.284217128125 0.36062643125 0.2061969484375 0.3489620859375 0.1851894890625 0.37464409375
1 0.748056378125 0.4364327640625 0.7575677421875 0.46796152500000004 0.8445529781250001 0.46458547499999997 0.828164765625 0.4278483859375 0.748056378125 0.4364327640625
1 0.6681171046875 0.42586899375 0.6724878859375 0.45903723281250003 0.7584649781249999 0.46912811874999993 0.7472241015625001 0.43634967968750005 0.6681171046875 0.42586899375
1 0.5861947046875 0.45193073906250003 0.6735981875 0.45914807187499995 0.6677127078125 0.42647469843749997 0.585303015625 0.4197551875 0.5861947046875 0.45193073906250003
1 0.588256403125 0.419673546875 0.5078293796875 0.4103860640625 0.5001035046875 0.4426589296875 0.5859871875 0.4515475234375 0.588256403125 0.419673546875
1 0.507299621875 0.41096249062499995 0.4265288640625 0.40132568593749995 0.41521638593750004 0.43292620312499996 0.499635659375 0.44292723125 0.507299621875 0.41096249062499995
1 0.42662376249999995 0.4029087890625 0.3449521015625 0.3956999953125 0.3283689796875 0.4267736578125 0.41462471093750003 0.43381075625000004 0.42662376249999995 0.4029087890625
1 0.34529507656249997 0.3960485421875 0.264962953125 0.3883441578125 0.24152233750000002 0.42062188593750005 0.3283069265625 0.42708246875 0.34529507656249997 0.3960485421875
1 0.2640283046875 0.388880165625 0.18437340468750002 0.3736902484375 0.1580330359375 0.40599280625 0.241584390625 0.42031307656249994 0.2640283046875 0.388880165625
1 0.7701803 0.5083287640624999 0.8627550390625001 0.5065555953125 0.842626609375 0.4667819015625 0.7566621921875 0.46858564999999996 0.7701803 0.5083287640624999
1 0.759967871875 0.46860064375 0.672867715625 0.4595906125 0.6784630921875 0.497599196875 0.7694935875 0.5076308968750001 0.759967871875 0.46860064375
1 0.6723389296875 0.4590705578125 0.5866386171875 0.45179066093750003 0.5860496265624999 0.4880873859375 0.6774825453125 0.497427275 0.6723389296875 0.4590705578125
1 0.586006871875 0.45215295624999996 0.50034488125 0.441900753125 0.4934789734375 0.47884625156249994 0.5858180640625 0.4878512375 0.586006871875 0.45215295624999996
1 0.5004927875 0.4425532109375 0.414936875 0.4331616203125 0.40196239531250005 0.46992267656250003 0.4940269265625 0.478900953125 0.5004927875 0.4425532109375
1 0.41470517500000004 0.43292615625 0.3282884265625 0.4264254671875 0.3094147921875 0.4619599296875 0.4014562703125 0.46965981718750005 0.41470517500000004 0.43292615625
1 0.24197865468750002 0.420785478125 0.218217078125 0.4556196578125 0.30973028281250004 0.46177839374999996 0.32879455156250004 0.4266883234375 0.24197865468750002 0.420785478125
1 0.242568434375 0.420632025 0.1581850671875 0.4054052125 0.12421288125 0.445172359375 0.21762729687500001 0.4557731125 0.242568434375 0.420632025
1 0.2174375640625 0.455328809375 0.12591734375000002 0.4436417640625 0.08855500625 0.4849835609375 0.18795313593750002 0.49639468437499995 0.2174375640625 0.455328809375
1 0.40200422343750003 0.46971451875000003 0.30996274375 0.4620146296875 0.2873221015625 0.5009992015625 0.3875382015625 0.509728178125 0.40200422343750003 0.46971451875000003
1 0.30973028281250004 0.46177839374999996 0.2173956 0.45553765 0.187740215625 0.49467267968749995 0.2864168296875 0.5013341921875 0.30973028281250004 0.46177839374999996
1 0.5857760984375 0.4880600796875 0.4949321953125 0.4785659625 0.48687221718749996 0.5200698453125 0.585531759375 0.5309818749999999 0.5857760984375 0.4880600796875
1 0.6786622437500001 0.49711967812499996 0.58590171875 0.487434928125 0.5849428796875 0.5311354203125 0.6841280875 0.5408245390624999 0.6786622437500001 0.49711967812499996
1 0.76973680625 0.5068498531250001 0.6780723265625 0.49727381875 0.684675140625 0.5408791515625 0.7822210359375 0.553167728125 0.76973680625 0.5068498531250001
1 0.8624004109375001 0.5058950734375001 0.7693796265625 0.507238859375 0.7822210359375 0.553167728125 0.8812701046875 0.5551895359375 0.8624004109375001 0.5058950734375001
1 0.8835875359375001 0.5547831859375 0.7817149109375 0.5529048703125 0.7982065703125001 0.6043003828125 0.9073744734375 0.6115838578125 0.8835875359375001 0.5547831859375
1 0.782536390625 0.5529868765625 0.685181265625 0.541142009375 0.69202279375 0.5905111125 0.797575725 0.60466276875 0.782536390625 0.5529868765625
1 0.6849077390625 0.541114703125 0.5859960562500001 0.5314528890625 0.5851698515625 0.5800565390625 0.6924869546875 0.5909828109374999 0.6849077390625 0.541114703125
1 0.5857643578125 0.531217428125 0.48762868125000003 0.5190823046874999 0.4777840890625 0.5652972515625 0.5851698515625 0.5800565390625 0.5857643578125 0.531217428125
1 0.4870398015625 0.5192358515625 0.3879802140625 0.508921578125 0.37063704375 0.5563017375 0.477216459375 0.5667290046875 0.4870398015625 0.5192358515625
1 0.38726467656249997 0.509700871875 0.287595628125 0.5010265078125 0.26098269531249996 0.5472689515625 0.37027882343749996 0.5566913390625 0.38726467656249997 0.509700871875
1 0.2873221015625 0.5009992015625 0.1891746609375 0.49587893281250006 0.153713534375 0.5416627453125 0.2606255140625 0.5476579593750001 0.2873221015625 0.5009992015625
1 0.1886267078125 0.49582423125 0.090050059375 0.484495115625 0.046895404687499996 0.5254717046875 0.153249375 0.5411910468750001 0.1886267078125 0.49582423125
1 0 0.5740683703125 0.112446528125 0.5940960265624999 0.153207409375 0.5413998890625 0.0457353875 0.5242928484375 0 0.5690477390625001 0 0.5740683703125
1 0.1535656296875 0.5410102859375 0.1120250953125 0.5934162609375 0.232568978125 0.6024730703125 0.26184613749999996 0.54714211875 0.1535656296875 0.5410102859375
1 0.2615306484375 0.5473236531250001 0.23119954687500002 0.6023363625 0.3502714265625 0.613160003125 0.36945734531249996 0.55660933125 0.2615306484375 0.5473236531250001
1 0.36989935625000003 0.5558027328125 0.3491764234375 0.613050690625 0.46738485937499996 0.624001165625 0.47850209843749997 0.5672827078125 0.36989935625000003 0.5558027328125
1 0.478437984375 0.566213253125 0.4674686515625 0.62358416875 0.5848583515625 0.6372160171875 0.5847055546875 0.5795855249999999 0.478437984375 0.566213253125
1 0.5853373000000001 0.5792232296875001 0.58523871875 0.6381047109375 0.7013426484374999 0.6511835406250001 0.6934340531250001 0.5904396625 0.5853373000000001 0.5792232296875001
1 0.6930126203125 0.5897599 0.7010050078125001 0.6500867796875001 0.8179955624999999 0.664316475 0.7967953109375 0.60437183125 0.6930126203125 0.5897599
1 0.7983972031250001 0.604744775 0.8178699437500001 0.664941628125 0.93710225625 0.66940365 0.9067845562500001 0.6117379953125 0.7983972031250001 0.604744775
1 0.9248713421874999 0.734678909375 0.9374961374999999 0.6718511312500001 0.9360072515625 0.6692943390625 0.8183341015625001 0.6654133265625 0.8407261406250001 0.7361074984375 0.9248713421874999 0.734678909375
1 0.81864945625 0.6652324765625 0.7024164015625 0.650014646875 0.7137273734375 0.7202403109375 0.8409578390625001 0.7363429625 0.81864945625 0.6652324765625
1 0.7040173953125 0.6503875 0.5855960390625 0.6377150203124999 0.58494125 0.7063208078125001 0.7146326453125 0.719905321875 0.7040173953125 0.6503875
1 0.586501309375 0.6373800296875001 0.46770035 0.6238196296875 0.4561960546875 0.6921930578125 0.585846521875 0.7059858171875 0.586501309375 0.6373800296875001
1 0.46784825625000004 0.6244720890625 0.35090317187500003 0.6127977078125 0.3263781390625 0.6792336078125001 0.455922528125 0.6921657531250001 0.46784825625000004 0.6244720890625
1 0.3498081671875 0.6126883953125 0.2324210734375 0.6018206109375 0.1948763390625 0.666318390625 0.32547300625000003 0.6795679140625001 0.3498081671875 0.6126883953125
1 0.23040035625000002 0.6035319671875 0.1133945265625 0.59355296875 0.06354369531250001 0.655333840625 0.194263375 0.6651941453125 0.23040035625000002 0.6035319671875
1 0 0.6462604546875 0.0626803875 0.655459990625 0.11352028437499999 0.59292713125 0 0.5743996953125 0 0.6462604546875
1 0 0.731467315625 0.0018308984375 0.7316633609375 0.0630607546875 0.6563486843749999 0 0.6464512124999999 0 0.731467315625
1 0.06373432812499999 0.6557782328124999 0.002146253125 0.7314825093749999 0.15071310625 0.7456752343749999 0.195507184375 0.6659560046874999 0.06373432812499999 0.6557782328124999
1 0.1946019140625 0.6662909953125 0.1509225203125 0.7446330828125001 0.29611952812500003 0.758915465625 0.3255566609375 0.679151603125 0.1946019140625 0.6662909953125
1 0.32532510000000003 0.67891545625 0.29529715156249997 0.75883336875 0.4415055109375 0.7736413734375 0.4557969078125 0.6927909062500001 0.32532510000000003 0.67891545625
1 0.45659623906249996 0.691594615625 0.4405582734375 0.7741852046875 0.5853972015625 0.788856503125 0.5853403968750001 0.7057229609375 0.45659623906249996 0.691594615625
1 0.5847924453125 0.705668259375 0.58527158125 0.7894816546875 0.7297335109375 0.8060290984374999 0.7147164390625 0.719488325 0.5847924453125 0.705668259375
1 0.7144429109375 0.71946101875 0.7291026656249999 0.8063914859375 0.8721533375 0.823010375 0.8403680609374999 0.736496415625 0.7144429109375 0.71946101875
1 0.9246281249999999 0.735889284375 0.841254553125 0.7376479671875 0.8738381234375 0.8229662328125 0.9070021374999999 0.8236056906250001 0.9246281249999999 0.735889284375
0 0 0.7472881234375001 0.9041996296875 0.8375524750000001 0.926126753125 0.7284312984375 0.8328126453125 0.3857629125 0.187627434375 0.3277072171875 0 0.580363803125 0 0.7472881234375001