1 0.162401959375 0.645621753125 0.15214750625 0.7037388921875001 0.20939072187500002 0.7281089765625001 0.2237967640625 0.66736019375 0.162401959375 0.645621753125
1 0.1611093109375 0.5862691578125 0.16236665625 0.645910840625 0.2227139609375 0.6666916609375 0.22463941875 0.6064237625 0.1611093109375 0.5862691578125
1 0.16321120312499998 0.5245564671875 0.161793459375 0.5863045546875 0.22359191875 0.60546614375 0.227862784375 0.54187975 0.16321120312499998 0.5245564671875
1 0.16616224531249998 0.4591441625 0.163383075 0.5245354828125001 0.2274458921875 0.54223774375 0.2336978859375 0.47398675468749996 0.16616224531249998 0.4591441625
1 0.22740930625 0.5418936249999999 0.298271734375 0.56015131875 0.3052202984375 0.4896057765625 0.23318508124999998 0.474097384375 0.22740930625 0.5418936249999999
1 0.22359732812500002 0.666857065625 0.28963738906250003 0.6903673296874999 0.292434215625 0.626543259375 0.22479347343749997 0.6057422765625 0.22359732812500002 0.666857065625
1 0.22355349375000003 0.6053422312500001 0.29256463125 0.6271800828125 0.298290590625 0.55982714375 0.22740218437499998 0.541746815625 0.22355349375000003 0.6053422312500001
1 0.2113318328125 0.7279243390625 0.2769302125 0.75418138125 0.2888420359375 0.6890355609375 0.2239418734375 0.6662568015625 0.2113318328125 0.7279243390625
1 0.167118509375 0.3921631234375 0.1653427015625 0.45949596406250004 0.2335035625 0.4744037859375 0.2377894890625 0.4034930015625 0.167118509375 0.3921631234375
1 0.2329607265625 0.4737346546875 0.3047329671875 0.4896917515625 0.31243487187499996 0.4163867984375 0.2380146484375 0.403353990625 0.2329607265625 0.4737346546875
1 0.1696621609375 0.3201765875 0.1666876765625 0.3922320734375 0.237770540625 0.40364816875000004 0.2428296140625 0.3298228734375 0.1696621609375 0.3201765875
1 0.2378570359375 0.40383824687500003 0.31179729218749996 0.4164935015625 0.32055426875 0.33967016875 0.2434103453125 0.330181671875 0.2378570359375 0.40383824687500003
1 0.16880128125 0.3205485515625 0.24259232812499998 0.3300753375 0.2460429765625 0.2523663515625 0.1711828765625 0.24634515 0.16880128125 0.3205485515625
1 0.32497136718749997 0.259175565625 0.2459906953125 0.252851059375 0.24277958906250002 0.3302466578125 0.3200540046875 0.3403713359375 0.32497136718749997 0.259175565625
1 0.15873748125 0.16876238125 0.171391740625 0.2468347171875 0.2453380390625 0.2525860796875 0.23866546406250003 0.1707956546875 0.15873748125 0.16876238125
1 0.2457315109375 0.25277355468749996 0.3249039296875 0.259289234375 0.3265085703125 0.17282304843750002 0.2399225296875 0.1707374828125 0.2457315109375 0.25277355468749996
1 0.32475093125 0.25945275 0.40951175937500006 0.266248925 0.41680361093749996 0.1758446328125 0.32648520937500003 0.173622675 0.32475093125 0.25945275
1 0.32007325781249996 0.3399802390625 0.4005242703125 0.35066837500000003 0.41067860625 0.26581187968750003 0.324210475 0.259351259375 0.32007325781249996 0.3399802390625
1 0.3999649125 0.3514078109375 0.49348734375000003 0.3631290625 0.5058596625 0.27374808125 0.4099971125 0.26576889375 0.3999649125 0.3514078109375
1 0.4104481921875 0.265562428125 0.50540934375 0.2740261046875 0.5093876171875 0.178351328125 0.41601302812499996 0.175577296875 0.4104481921875 0.265562428125
1 0.3918199515625 0.43123401875 0.4793307203125 0.447534215625 0.49192261249999997 0.3631813328125 0.400322053125 0.3509944359375 0.3918199515625 0.43123401875
1 0.312735646875 0.41678866406250004 0.3923864015625 0.4313277953125 0.40052826406250003 0.3510105890625 0.32051756249999996 0.33941899062499997 0.312735646875 0.41678866406250004
1 0.30494454375 0.49013083125 0.38367364375 0.50710288125 0.3913966453125 0.43192041562499994 0.3126473046875 0.41682594375 0.30494454375 0.49013083125
1 0.29755915 0.5599667937499999 0.3738330671875 0.580866246875 0.3840860640625 0.507135190625 0.3050203375 0.4895101609375 0.29755915 0.5599667937499999
1 0.3736252515625 0.580226609375 0.454691475 0.6042685703124999 0.4670694234375 0.5267889968749999 0.383467434375 0.507086728125 0.3736252515625 0.580226609375
1 0.3840492546875 0.5079883656249999 0.46682531562499996 0.527083175 0.4802545546875 0.44780679062499995 0.3919046640625 0.43117695468750006 0.3840492546875 0.5079883656249999
1 0.289301 0.689712421875 0.3610225375 0.7163132984375 0.3670838296875 0.6513357531249999 0.2930523046875 0.62658908125 0.289301 0.689712421875
1 0.2928650421875 0.626417759375 0.366220315625 0.6515807609375 0.37405134375000004 0.58063504375 0.298909534375 0.55987303125 0.2928650421875 0.626417759375
1 0.277491028125 0.7543000671875 0.3460611421875 0.782048325 0.360862909375 0.7154063859375001 0.2894212296875 0.6899233421875001 0.277491028125 0.7543000671875
1 0.34655795624999997 0.7812480859375001 0.42453664843750005 0.8127403453125 0.43934141875000005 0.7443761234374999 0.360813675 0.715519528125 0.34655795624999997 0.7812480859375001
1 0.3609324953125 0.71603909375 0.43849677500000006 0.7444666062499999 0.44551761718750005 0.6767458046875 0.36788706875 0.650777925 0.3609324953125 0.71603909375
1 0.36711075625 0.6506059546875 0.44496638437499997 0.6764354671875 0.4544682671875 0.6037408296875 0.3745840625 0.580884778125 0.36711075625 0.6506059546875
1 0.424507140625 0.8123382781249999 0.5108090828125 0.8469974546874999 0.5247356062499999 0.775589353125 0.43925400468750003 0.743995521875 0.424507140625 0.8123382781249999
1 0.5351452296875 0.7053292515625 0.445610071875 0.6762362921875 0.43875746250000003 0.7442842265625 0.5249890453125 0.7765627671875001 0.5351452296875 0.7053292515625
1 0.45492313749999996 0.6045148703125001 0.44485924375 0.6769308296875 0.5350896828125 0.7054516515625 0.5481022062500001 0.629587653125 0.45492313749999996 0.6045148703125001
1 0.45503367343749995 0.6044019796875 0.5480993562500001 0.6301698359375 0.561587509375 0.54870624375 0.4674486640625 0.526612003125 0.45503367343749995 0.6044019796875
1 0.5763337468749999 0.46561284531249997 0.47980945 0.44760356874999996 0.4676167015625 0.5270892734375 0.56130523125 0.5494615406250001 0.5763337468749999 0.46561284531249997
1 0.595565396875 0.3759658171875 0.49268360624999996 0.362806746875 0.47939039218749996 0.4473497390625 0.5764214078125 0.4662248671875 0.595565396875 0.3759658171875
1 0.6118544906250001 0.28247358125 0.5061204859374999 0.27340190937500003 0.49268636875 0.3630175625 0.594994321875 0.37619993125 0.6118544906250001 0.28247358125
1 0.5098329500000001 0.178439515625 0.50634723125 0.273419671875 0.6118248625 0.2828859640625 0.61858505 0.18147831406249998 0.5098329500000001 0.178439515625
1 0.6124732171875 0.2819058484375 0.729843815625 0.2915862265625 0.7454640203125 0.18413990625 0.618481584375 0.1820214140625 0.6124732171875 0.2819058484375
1 0.594967321875 0.37650591875 0.7081746828125 0.39157305781249996 0.7302193499999999 0.29120614218749996 0.61157133125 0.282224546875 0.594967321875 0.37650591875
1 0.5762719140625 0.46584330312500005 0.687788034375 0.48537284375 0.7080052640625001 0.391439534375 0.59422184375 0.376732221875 0.5762719140625 0.46584330312500005
1 0.5608843921875 0.5487200624999999 0.6679509125 0.5744816859374999 0.6877501359375 0.48568317812500006 0.5765045234375 0.46553717343749995 0.5608843921875 0.5487200624999999
1 0.5351327703125001 0.705219075 0.6329586453125 0.73893371875 0.6498963796874999 0.6582103234375001 0.5480768609375 0.6290949125 0.5351327703125001 0.705219075
1 0.5489855546875 0.6292863515625 0.64954080625 0.6577125125000001 0.6690159125 0.5732729062499999 0.5618079093749999 0.5490589140625 0.5489855546875 0.6292863515625
1 0.51010235 0.846439634375 0.6011474578125 0.886390940625 0.6186961656250001 0.8126048234375001 0.5245197203124999 0.7754755890625 0.51010235 0.846439634375
1 0.52506255625 0.7761447218749999 0.6186393984375 0.81306968125 0.6330583515625 0.7376291671875 0.5357814578125 0.70542459375 0.52506255625 0.7761447218749999
1 0.6017999703125 0.8867066093749999 0.70174220625 0.9328994703125 0.7254503953125 0.8530197765624999 0.61916141875 0.8127491734375001 0.6017999703125 0.8867066093749999
1 0.618839446875 0.8129170015625 0.7252253171875 0.8531581453125 0.744167090625 0.7747835671875001 0.6328669984374999 0.73803603125 0.618839446875 0.8129170015625
1 0.725689971875 0.8528617421875 0.70130070625 0.932072525 0.775006228125 0.965555278125 0.8234532531250001 0.9634020781249999 0.8457100765625001 0.8992676921875 0.725689971875 0.8528617421875
1 0.7261180609375 0.8531689296874999 0.8456779187500001 0.8995310234374999 0.87019945 0.8175960265625 0.744722196875 0.7752885578125001 0.7261180609375 0.8531689296874999
1 0.6503912796875 0.6576874875 0.6326260875 0.7389265171875 0.74462564375 0.7760792000000001 0.7663135359375 0.6912604390625 0.6503912796875 0.6576874875
1 0.744624546875 0.7749422546875 0.870518028125 0.8178874859375 0.896310375 0.7288636234375 0.7656954828125 0.69094551875 0.744624546875 0.7749422546875
1 0.78854675 0.603015965625 0.6683528734374999 0.5738781203125 0.6497527562500001 0.658162671875 0.7649411484375 0.6919446359375 0.78854675 0.603015965625
1 0.9260863625000001 0.6364188546875 0.7881637796875001 0.6032518140625001 0.76538859375 0.6911808296874999 0.8961618953125001 0.7307090609375 0.9260863625000001 0.6364188546875
1 0.6874876890625 0.4854201671875 0.6685375875 0.5739146921875 0.7872087453125001 0.602378790625 0.812126903125 0.5084952453125 0.6874876890625 0.4854201671875
1 0.8124777171875 0.5085227296875 0.787127575 0.602222928125 0.923410353125 0.63514450625 0.9539466843750001 0.535843884375 0.8124777171875 0.5085227296875
1 0.707602246875 0.3908138546875 0.6873994234375 0.48485554531249997 0.8128372031250001 0.5090026453125 0.8377308453125 0.409526478125 0.707602246875 0.3908138546875
1 0.8389112187500001 0.40855423750000003 0.8129456625 0.508751140625 0.953955278125 0.5362969609375 0.9871795109375 0.429486784375 0.8389112187500001 0.40855423750000003
1 0.7293394203125 0.2910904078125 0.7082042953125 0.3909910203125 0.8381782109374999 0.408763315625 0.86604531875 0.3023323203125 0.7293394203125 0.2910904078125
1 1 0.312826346875 0.8664089671875 0.3023608078125 0.8389433765625001 0.40829090625 0.9864915734374999 0.42943289062499995 1 0.38497789375 1 0.312826346875
1 0.7458173890625 0.1836937359375 0.7303211140625 0.29029500625 0.8666762 0.301509434375 0.8903131984374999 0.18622871875 0.7458173890625 0.1836937359375
1 1 0.1881314796875 0.8898676859375 0.18646031875 0.8662202953125 0.302017125 1 0.3122584734375 1 0.1881314796875
0 1 0.16749774687500002 0.137717515625 0.1549508046875 0.126211478125 0.710441196875 0.7156151687500001 0.96819488125 0.84794593125 0.9623135140624999 1 0.3597240296875 1 0.16749774687500002