1 0.34583375 0.1072832078125 0.33835125 0.16825647500000002 0.40543874999999996 0.170207184375 0.40981375 0.107046784375 0.34583375 0.1072832078125
1 0.34509625 0.1075346703125 0.281655 0.1007067671875 0.270534375 0.16362322499999998 0.33816875 0.1685004171875 0.34509625 0.1075346703125
1 0.474670625 0.10673015937500001 0.410225625 0.1067468671875 0.4055775 0.168915621875 0.47193625 0.1681837921875 0.474670625 0.10673015937500001
1 0.53795 0.1082406015625 0.473815625 0.1067468671875 0.471774375 0.1689632421875 0.538679375 0.1692063484375 0.53795 0.1082406015625
1 0.53760625 0.10808771875 0.53909125 0.168913115625 0.605449375 0.16964494531250002 0.602168125 0.1096541359375 0.53760625 0.10808771875
1 0.602399375 0.110232246875 0.605635625 0.1693525484375 0.67235875 0.1734979109375 0.665978125 0.11302005 0.602399375 0.110232246875
1 0.666390625 0.11210944062499999 0.671629375 0.1737418546875 0.737623125 0.1783751046875 0.7288725 0.11789724374999999 0.666390625 0.11210944062499999
1 0.728175 0.11827652500000001 0.739109375 0.179106934375 0.803098125 0.183496240625 0.78869625 0.1193600671875 0.728175 0.11827652500000001
1 0.73860625 0.178875521875 0.7473706250000001 0.2445847953125 0.817010625 0.2445847953125 0.8026087499999999 0.18240016718750002 0.73860625 0.178875521875
1 0.6718068749999999 0.1729766078125 0.679006875 0.2397076015625 0.7479175 0.24385380156249997 0.73770875 0.1789857984375 0.6718068749999999 0.1729766078125
1 0.6054087499999999 0.1700267328125 0.6093443749999999 0.2344327484375 0.678984375 0.2383350046875 0.672056875 0.1734670015625 0.6054087499999999 0.1700267328125
1 0.538609375 0.16868588125 0.53946125 0.2344527984375 0.60928375 0.2344527984375 0.605273125 0.1693416875 0.538609375 0.16868588125
1 0.47100749999999997 0.1689540515625 0.46951875000000004 0.2331353390625 0.539523125 0.23337928125000001 0.538429375 0.16899916406249998 0.47100749999999997 0.1689540515625
1 0.40481 0.16868588125 0.399531875 0.23364578125 0.47008312500000005 0.2331587296875 0.47154125 0.1685346703125 0.40481 0.16868588125
1 0.338210625 0.1689540515625 0.330575625 0.232204678125 0.399485625 0.23391228125 0.405501875 0.1695321640625 0.338210625 0.1689540515625
1 0.32984625 0.2329365078125 0.33801000000000003 0.167614034375 0.27406125000000003 0.1646549703125 0.263305625 0.2317167921875 0.32984625 0.2329365078125
1 0.26351625 0.23230827031249998 0.24710937500000002 0.2971754390625 0.32167124999999996 0.302296575 0.330056875 0.2330392640625 0.26351625 0.23230827031249998
1 0.33078625 0.23230827031249998 0.32148875 0.303516290625 0.394045625 0.30424728437500004 0.40006125 0.23425898125 0.33078625 0.23230827031249998
1 0.399594375 0.23303842968750002 0.39422812500000004 0.3027844609375 0.46751375 0.30424728437500004 0.46951875000000004 0.2330392640625 0.399594375 0.23303842968750002
1 0.540479375 0.30544360937500004 0.5398125 0.2335747703125 0.46938124999999997 0.23252882187499999 0.467923125 0.304468671875 0.540479375 0.30544360937500004
1 0.609069375 0.23460902187500002 0.5396118750000001 0.233842940625 0.54107 0.30435421875 0.61399125 0.304110275 0.609069375 0.23460902187500002
1 0.6870025 0.308740184375 0.679028125 0.2386691734375 0.609888125 0.23411779375 0.61408125 0.3043500421875 0.6870025 0.308740184375
1 0.679429375 0.2397418546875 0.687366875 0.309471178125 0.7591943750000001 0.3145923140625 0.7475268749999999 0.2441161234375 0.679429375 0.2397418546875
1 0.747748125 0.2442130328125 0.759050625 0.3149340015625 0.8327012500000001 0.3159089390625 0.8177524999999999 0.2451888046875 0.747748125 0.2442130328125
1 0.759268125 0.31562405937500004 0.772120625 0.39191812812500004 0.849235 0.39313784531249996 0.83228125 0.315101921875 0.759268125 0.31562405937500004
1 0.68607375 0.30924895625 0.6961006249999999 0.386553884375 0.77285 0.3916750203125 0.7588125 0.31412614843750003 0.68607375 0.30924895625
1 0.5402224999999999 0.3052514625 0.54179375 0.380428571875 0.619814375 0.3822982453125 0.6144575 0.3034778609375 0.5402224999999999 0.3052514625
1 0.614541875 0.3035380109375 0.61934875 0.3819866328125 0.6952737499999999 0.3866599828125 0.686889375 0.309396825 0.614541875 0.3035380109375
1 0.321879375 0.30285296562499997 0.311375 0.37830409375 0.388696875 0.37892731875 0.394985625 0.303533834375 0.321879375 0.30285296562499997
1 0.39428687500000004 0.304157059375 0.38823124999999997 0.37830409375 0.46555375000000004 0.3798621546875 0.46718374999999995 0.304157059375 0.39428687500000004 0.304157059375
1 0.46769812499999996 0.304566415625 0.46532062500000004 0.37861570625 0.5421775 0.38017376718749996 0.5410125 0.3054026734375 0.46769812499999996 0.304566415625
1 0.38893 0.37861570625 0.380545625 0.46460150312500004 0.46159437499999995 0.46553634062500004 0.46532062500000004 0.3798621546875 0.38893 0.37861570625
1 0.465088125 0.37892731875 0.46205999999999997 0.46522472812500004 0.543574375 0.46709440312500006 0.542875625 0.38048537968749996 0.465088125 0.37892731875
1 0.310909375 0.37892731875 0.299264375 0.46366750156250003 0.38077875 0.46428989062500003 0.388696875 0.37923893125 0.310909375 0.37892731875
1 0.246535 0.297030075 0.23315625 0.37303759375 0.31141 0.3783333328125 0.321424375 0.3041862984375 0.246535 0.297030075
1 0.23320875000000002 0.375131996875 0.2163875 0.459958228125 0.299531875 0.4643199671875 0.31094374999999996 0.37802255625000003 0.23320875000000002 0.375131996875
1 0.21655125000000003 0.45974185468749995 0.19788375 0.5558170421875 0.285686875 0.5586207187500001 0.29872875 0.4648462828125 0.21655125000000003 0.45974185468749995
1 0.285220625 0.5583091062500001 0.19765125 0.5561286546875001 0.17575875000000002 0.6632439437500001 0.270315625 0.6648571421875 0.285220625 0.5583091062500001
1 0.285745 0.5593634078124999 0.269849375 0.6648020046875 0.36277624999999997 0.6660484546875 0.37279062500000004 0.5598120296875 0.285745 0.5593634078124999
1 0.372630625 0.5588763578125 0.38031625 0.464167084375 0.29950062499999996 0.46354469531250003 0.2859925 0.5588763578125 0.372630625 0.5588763578125
1 0.37979625 0.46419548906249997 0.37146625 0.5594995828125 0.45880312500000003 0.5591879703125 0.46113187499999997 0.46665998281250004 0.37979625 0.46419548906249997
1 0.37309625 0.5598111953125 0.362383125 0.66573600625 0.454145 0.66791729375 0.45857000000000003 0.5594995828125 0.37309625 0.5598111953125
1 0.54567375 0.56074603125 0.45926875 0.56012280625 0.455309375 0.66667084375 0.54707125 0.6694745203125 0.54567375 0.56074603125
1 0.462995 0.465725146875 0.45996750000000003 0.5598111953125 0.54567375 0.56199248125 0.543345 0.46759482031250005 0.462995 0.465725146875
1 0.625159375 0.4689039265625 0.543554375 0.46693567187499996 0.545275 0.5611211359375 0.6314474999999999 0.5645480375 0.625159375 0.4689039265625
1 0.630981875 0.5651453640625 0.545508125 0.5617184625 0.5466725 0.6701353390625 0.638900625 0.671070175 0.630981875 0.5651453640625
1 0.717853125 0.5688838765625001 0.6317118749999999 0.564152046875 0.638900625 0.6713817875 0.7308950000000001 0.6741854640625 0.717853125 0.5688838765625001
1 0.625305 0.46926482812500003 0.6314474999999999 0.5651453640625 0.716455625 0.5657685875 0.7062081250000001 0.473551378125 0.625305 0.46926482812500003
1 0.624574375 0.4704920640625 0.61991625 0.3823249796875 0.542826875 0.380456140625 0.543525625 0.46706516249999996 0.624574375 0.4704920640625
1 0.619666875 0.38198245625 0.62573875 0.4698688390625 0.70632125 0.4726725140625 0.6953750000000001 0.3863751046875 0.619666875 0.38198245625
1 0.69584125 0.38668671718750003 0.705855625 0.4726725140625 0.7864387500000001 0.4776574765625 0.771533125 0.3913600671875 0.69584125 0.38668671718750003
1 0.8025006250000001 0.57425396875 0.786430625 0.47829824531250004 0.706080625 0.47237928125 0.7174925 0.56958061875 0.8025006250000001 0.57425396875
1 0.7729225 0.3916892234375 0.786663125 0.47736340781250003 0.8674787500000001 0.481725146875 0.848614375 0.392935671875 0.7729225 0.3916892234375
1 0.7859875 0.47721219687499994 0.8029662500000001 0.57425396875 0.88774125 0.57892731875 0.867013125 0.481413534375 0.7859875 0.47721219687499994
1 0.822623125 0.6789465328125 0.8004975 0.572398496875 0.71781875 0.5692832078125 0.730628125 0.6755196328124999 0.822623125 0.6789465328125
1 0.80187625 0.574154553125 0.821924375 0.6789465328125 0.912521875 0.6836198828125 0.8864375000000001 0.578940684375 0.80187625 0.574154553125
1 0.822121875 0.6796608187500001 0.8466456250000001 0.7966549703125 0.9456275 0.8010158734375 0.912789375 0.6826299078125 0.822121875 0.6796608187500001
1 0.731128125 0.6748412703125 0.7492943750000001 0.7919816203125001 0.8475775000000001 0.797277359375 0.822424375 0.6785797828125 0.731128125 0.6748412703125
1 0.6388874999999999 0.6707543859375 0.6498468749999999 0.7873082703125001 0.749993125 0.7929164578125001 0.731594375 0.6742180453125 0.6388874999999999 0.6707543859375
1 0.546885625 0.670069340625 0.54965 0.7870559734375 0.650728125 0.7870559734375 0.639083125 0.669915621875 0.546885625 0.670069340625
1 0.362571875 0.6674260656250001 0.350460625 0.7836315796875 0.4506075 0.786436090625 0.455265 0.668049290625 0.362571875 0.6674260656250001
1 0.454628125 0.6680142015625 0.45084 0.786436090625 0.550520625 0.7873700921875 0.547493125 0.669918128125 0.454628125 0.6680142015625
1 0.26997125 0.6656541359375 0.250408125 0.7834177109375 0.350786875 0.7840409359375 0.362431875 0.666900584375 0.26997125 0.6656541359375
1 0.250408125 0.7837293234375 0.270111875 0.6649314953125 0.17634624999999998 0.6644076859375 0.150261875 0.7834177109375 0.250408125 0.7837293234375
0 0.8111225 0.0954076859375 0.26584625 0.0650150375 0.11059375 0.812149540625 0.9824681249999999 0.843807853125 0.8111225 0.0954076859375