1 0.82310141875 0.964155721875 0.8990757203124999 0.9706287937500001 0.9033360359374999 0.8772903968750001 0.8265661328125 0.8757283062500001 0.82310141875 0.964155721875
1 0.82618418125 0.8768799859374999 0.74745850625 0.875915996875 0.7467996421875001 0.9662599234375 0.8223996359375001 0.9636770328125 0.82618418125 0.8768799859374999
1 0.750770309375 0.7850243328125 0.7484484124999999 0.8774366375 0.8264059546875 0.8774835281250001 0.8304504375 0.7857924125 0.750770309375 0.7850243328125
1 0.9119220984374999 0.78567824375 0.8303834515625 0.7851785703124999 0.8264107203125001 0.876935865625 0.9035909421874999 0.87832768125 0.9119220984374999 0.78567824375
1 0.8360807890625 0.688103975 0.8305687078125 0.7849560624999999 0.911858640625 0.7862060203125 0.9199076249999999 0.6913544265625 0.8360807890625 0.688103975
1 0.842461965625 0.5860068546874999 0.8361089093749999 0.6883135734375 0.9194860921875 0.6904538984374999 0.9303216515624999 0.5869208109375 0.842461965625 0.5860068546874999
1 0.8363317328125 0.6885555359375 0.7533043140625 0.6877784859375 0.7507221562499999 0.786095021875 0.8309155359375 0.7853909234375 0.8363317328125 0.6885555359375
1 0.9395633765625 0.48015469218750007 0.84962740625 0.4767675484375 0.843159334375 0.5859258921875 0.9295214906249999 0.586817653125 0.9395633765625 0.48015469218750007
1 0.9522700484375 0.35938843125000003 0.85854665625 0.356335240625 0.8496013187499999 0.4760093 0.9397114140625 0.47853671093749994 0.9522700484375 0.35938843125000003
1 0.965389075 0.232472771875 0.8694683953125001 0.22805611250000002 0.8585739531250001 0.3571286078125 0.9529490328125 0.3597926234375 0.965389075 0.232472771875
1 0.9846514140625 0.09351255 0.8836067999999999 0.0878728421875 0.8691103015625 0.22780349218749998 0.9663536890625 0.23131739062499998 0.9846514140625 0.09351255
1 0.8839380359375 0.088599546875 0.7809433890624999 0.083940425 0.7721717781249999 0.22519086093750001 0.868536209375 0.2279190125 0.8839380359375 0.088599546875
1 0.7727690468749999 0.224513878125 0.7661623984375 0.355934765625 0.8599298 0.3574439796875 0.8690787312499999 0.22717999843749997 0.7727690468749999 0.224513878125
1 0.8495935578125 0.47564653906250004 0.8587040625 0.35798915625 0.7656726234375 0.353952596875 0.76106115625 0.47388332499999997 0.8495935578125 0.47564653906250004
1 0.849847790625 0.47582114999999997 0.760787671875 0.47387450781249996 0.7570062656250001 0.586190475 0.8435754890625 0.58643495 0.849847790625 0.47582114999999997
1 0.8425606859375 0.5868960765625 0.757408678125 0.5848100734375 0.7536124875 0.68875631875 0.8366026609375 0.6881567828125 0.8425606859375 0.5868960765625
1 0.780536321875 0.084401353125 0.6775753171875001 0.07879880781250001 0.6743373390625 0.2227895171875 0.7729971531250001 0.22524265781250002 0.780536321875 0.084401353125
1 0.6726709328125 0.3526038984375 0.766714896875 0.35462306875 0.7725968265625001 0.22519376875 0.674185434375 0.2220209171875 0.6726709328125 0.3526038984375
1 0.671413546875 0.47209405000000004 0.7605061125 0.4742387359375 0.767304109375 0.3543785046875 0.67331658125 0.35280372187500003 0.671413546875 0.47209405000000004
1 0.7615204 0.4741742890625 0.6716569406249999 0.4727378671875 0.6711309703125 0.5844319671875 0.75772523125 0.585404075 0.7615204 0.4741742890625
1 0.757539425 0.5853558078125001 0.670644346875 0.5835608234375 0.670401434375 0.6876216281249999 0.7537027078125 0.6881241578124999 0.757539425 0.5853558078125001
1 0.7510476765625 0.7855577031250001 0.752982140625 0.6885111125 0.6709108234375 0.686546921875 0.6702321609374999 0.7858630375 0.7510476765625 0.7855577031250001
1 0.7506088359375 0.7853303640625 0.6704924531249999 0.7855080203125 0.6698491359375 0.877911475 0.7487390921875 0.8771806468750001 0.7506088359375 0.7853303640625
1 0.67001669375 0.8776254296875001 0.6703285546875 0.96797186875 0.7478009234375 0.9657389937499999 0.74855769375 0.876613490625 0.67001669375 0.8776254296875001
1 0.66973565 0.7852731296875 0.588087159375 0.7851881984375 0.5909852828125 0.877342421875 0.6704591171875001 0.8777215515625001 0.66973565 0.7852731296875
1 0.6700305125 0.878027065625 0.5907368640625 0.8780621359375 0.5938075328125 0.9673110359375 0.6705228015625 0.96687350625 0.6700305125 0.878027065625
1 0.588463990625 0.7849071015625 0.5059299578124999 0.786178 0.5110271578125001 0.878767434375 0.590711796875 0.8773336046875 0.588463990625 0.7849071015625
1 0.5899164078125 0.8780356828125001 0.5115358375 0.8776918031250001 0.5154520296875 0.9676956859375 0.5943413093750001 0.9669648359374999 0.5899164078125 0.8780356828125001
1 0.6700362546874999 0.6882413265625 0.5855915859375 0.68624649375 0.5884543609375 0.785313378125 0.67066169375 0.7857806375 0.6700362546874999 0.6882413265625
1 0.6704278375 0.5841493328125 0.58337380625 0.5821063546875 0.5861134890625 0.6855355984375 0.6705581578124999 0.68753043125 0.6704278375 0.5841493328125
1 0.6717174296875 0.47328043593749997 0.5806396859375 0.470016596875 0.5834060265625001 0.5821802546875 0.670559775 0.583533809375 0.6717174296875 0.47328043593749997
1 0.5863016078125 0.68714103125 0.49988551562500005 0.687191140625 0.5057295359375 0.785626421875 0.58869464375 0.7842983578125 0.5863016078125 0.68714103125
1 0.583016396875 0.5829322953125 0.4954053046875 0.5807939953125001 0.500742878125 0.6883099140625 0.586156159375 0.6866973703125 0.583016396875 0.5829322953125
1 0.5809440328125001 0.4703538390625 0.4898127109375 0.46665019843750005 0.49566187812500007 0.5810955156250001 0.5836479859375 0.582841115625 0.5809440328125001 0.4703538390625
1 0.5785965609375 0.34975977812500003 0.48266969375 0.34633959999999997 0.4892782578125 0.466996378125 0.58168823125 0.47034005 0.5785965609375 0.34975977812500003
1 0.672962765625 0.35240101875 0.57811171875 0.35050875000000004 0.5808935156249999 0.47104215 0.6721726125 0.47325732968749995 0.672962765625 0.35240101875
1 0.674143015625 0.222591653125 0.57543306875 0.218681453125 0.57806895 0.350853690625 0.673411384375 0.35210874375 0.674143015625 0.222591653125
1 0.5758904890625 0.21874297656250002 0.4756173421875 0.2143721921875 0.4831739265625 0.346703075 0.57831736875 0.3501339765625 0.5758904890625 0.21874297656250002
1 0.67767074375 0.07908253750000001 0.5725321875 0.0734547609375 0.574761209375 0.21762173125 0.6751239375 0.22194952968749998 0.67767074375 0.07908253750000001
1 0.572141421875 0.07487961562499999 0.4667895296875 0.0715009875 0.47555510156249997 0.215150978125 0.5753457921875 0.2187326109375 0.572141421875 0.07487961562499999
1 0.46665413750000007 0.071878921875 0.361802153125 0.064954265625 0.375276946875 0.21057583906250002 0.47508082968750004 0.21452130625 0.46665413750000007 0.071878921875
1 0.37621267187499996 0.20950228124999998 0.3876389421875 0.342086559375 0.48335441875 0.3462636265625 0.47605880312500004 0.21357774531249998 0.37621267187499996 0.20950228124999998
1 0.39700556875 0.46352580000000004 0.489154575 0.46722447031250003 0.4824958796875 0.34511063124999997 0.3873398890625 0.341315015625 0.39700556875 0.46352580000000004
1 0.4053091203125 0.5773378171875 0.49519871249999997 0.5813963171875 0.4892349328125 0.4674231578125 0.3964603671875 0.46365754531250003 0.4053091203125 0.5773378171875
1 0.4062828859375 0.5772522734375001 0.415040725 0.6829183828125001 0.50053266875 0.686062403125 0.495149290625 0.580234328125 0.4062828859375 0.5772522734375001
1 0.4229114359375 0.7811896265625 0.505421425 0.7857091406250001 0.500960946875 0.68617875625 0.4151113140625 0.6810883140625 0.4229114359375 0.7811896265625
1 0.51049378125 0.8788311953125 0.5057415046875 0.785719459375 0.42347949218750003 0.78082024375 0.4310536765625 0.8743350984375 0.51049378125 0.8788311953125
1 0.5108275734375 0.8778677640625 0.43047226875 0.874316353125 0.43647191718749995 0.9642965562500001 0.5169948421874999 0.966504971875 0.5108275734375 0.8778677640625
1 0.43025297656249994 0.8748436046875 0.349618271875 0.8709350671875 0.3585256421875 0.961009015625 0.4378991 0.963568071875 0.43025297656249994 0.8748436046875
1 0.42317512187500006 0.7805018921875 0.340022171875 0.7777427234375 0.34968491562500004 0.8728721078125 0.4298901828125 0.8742975859375001 0.42317512187500006 0.7805018921875
1 0.4153257953125 0.6823033 0.3293276828125 0.677935790625 0.33917707343750003 0.778489971875 0.42288475937500003 0.780414271875 0.4153257953125 0.6823033
1 0.40658760312500003 0.5768357187500001 0.3176962765625 0.5726196031249999 0.329449828125 0.6778785609375 0.4149824171875 0.682184284375 0.40658760312500003 0.5768357187500001
1 0.39696128124999996 0.46410097187500005 0.30418292812500003 0.45840214062499995 0.31794731875000004 0.5714664015625 0.40725940468750005 0.5758939796875 0.39696128124999996 0.46410097187500005
1 0.3873316359375 0.34199659375 0.29166137812500004 0.3358402171875 0.30553530625 0.46051826562500003 0.397133025 0.4638582390625 0.3873316359375 0.34199659375
1 0.37540217187499997 0.20874573125 0.27493148437500003 0.2041032171875 0.2911199375 0.33698315624999997 0.387687325 0.341257853125 0.37540217187499997 0.20874573125
1 0.361478309375 0.0639327515625 0.25513033281249997 0.05908905625000001 0.274930771875 0.20408250468750003 0.3770485265625 0.2093097453125 0.361478309375 0.0639327515625
1 0.2549357625 0.057943073437500006 0.1473546515625 0.05174360625 0.173353546875 0.1996462875 0.275167609375 0.2044769390625 0.2549357625 0.057943073437500006
1 0.27432352031249996 0.203783171875 0.1733669 0.2000344171875 0.1958988796875 0.33157078125 0.2918981796875 0.3362139609375 0.27432352031249996 0.203783171875
1 0.21074951249999999 0.453562834375 0.30449926562499996 0.458989840625 0.29237344374999996 0.335833490625 0.1949343140625 0.3315315875 0.21074951249999999 0.453562834375
1 0.30451395 0.4594166921875 0.20962669374999998 0.4546879296875 0.2272639 0.5705864421875 0.31880897343750003 0.5723766234375 0.30451395 0.4594166921875
1 0.24160679687500003 0.6754098515625 0.32878909218749997 0.677436278125 0.31732113281249996 0.5722243078125 0.2269871078125 0.5698345046875 0.24160679687500003 0.6754098515625
1 0.25630233125 0.7752495296874999 0.3398136015625 0.7780130546875 0.32986709062499997 0.678008053125 0.24212230156249998 0.676747884375 0.25630233125 0.7752495296874999
1 0.26903593125 0.866646815625 0.349905853125 0.8706870703125 0.3387726484375 0.7779102296875 0.256152940625 0.777337921875 0.26903593125 0.866646815625
1 0.34950342343749996 0.871537646875 0.27004479375 0.867463734375 0.27950013125 0.95979968125 0.35857510000000004 0.9599959390624999 0.34950342343749996 0.871537646875
0 1 0.0337188890625 0.09772942031250001 0.00190985625 0.25873719687499996 0.998033221875 0.3197401578125 1 0.930766171875 1 1 0.32573829062500004 1 0.0337188890625